4032 2260231454629755305 48 6
6 7 8 9 10 11 
6 7 8 9 11 10 
6 7 9 8 10 11 
6 7 9 8 11 10 
6 7 10 11 8 9 
6 7 10 11 9 8 
6 7 11 10 9 8 
6 7 11 10 8 9 
7 6 8 9 10 11 
7 6 8 9 11 10 
7 6 9 8 10 11 
7 6 9 8 11 10 
7 6 10 11 8 9 
7 6 10 11 9 8 
7 6 11 10 9 8 
7 6 11 10 8 9 
8 9 6 7 10 11 
8 9 6 7 11 10 
8 9 7 6 10 11 
8 9 7 6 11 10 
8 9 10 11 6 7 
8 9 10 11 7 6 
8 9 11 10 7 6 
8 9 11 10 6 7 
9 8 7 6 10 11 
9 8 7 6 11 10 
9 8 6 7 10 11 
9 8 6 7 11 10 
9 8 10 11 7 6 
9 8 10 11 6 7 
9 8 11 10 6 7 
9 8 11 10 7 6 
10 11 8 9 6 7 
10 11 8 9 7 6 
10 11 9 8 6 7 
10 11 9 8 7 6 
10 11 6 7 8 9 
10 11 6 7 9 8 
10 11 7 6 9 8 
10 11 7 6 8 9 
11 10 8 9 7 6 
11 10 8 9 6 7 
11 10 9 8 7 6 
11 10 9 8 6 7 
11 10 7 6 8 9 
11 10 7 6 9 8 
11 10 6 7 9 8 
11 10 6 7 8 9 

3976 488542594256355252 4 6
3 7 10 11 8 9 
3 7 11 10 8 9 
7 3 10 11 8 9 
7 3 11 10 8 9 

4000 488542594256355252 4 6
5 7 8 9 10 11 
5 7 9 8 10 11 
7 5 8 9 10 11 
7 5 9 8 10 11 

3936 488542594256355252 4 6
5 6 8 9 11 10 
5 6 9 8 11 10 
6 5 8 9 11 10 
6 5 9 8 11 10 

3880 5610631096340882136 8 6
3 5 8 9 10 11 
3 5 9 8 11 10 
3 5 10 11 8 9 
3 5 11 10 9 8 
5 3 8 9 10 11 
5 3 9 8 11 10 
5 3 10 11 8 9 
5 3 11 10 9 8 

3905 5265552733413572914 8 6
0 6 8 9 10 11 
0 6 8 9 11 10 
0 6 9 8 10 11 
0 6 9 8 11 10 
0 6 10 11 8 9 
0 6 10 11 9 8 
0 6 11 10 9 8 
0 6 11 10 8 9 

3912 488542594256355252 4 6
3 6 10 11 9 8 
3 6 11 10 9 8 
6 3 10 11 9 8 
6 3 11 10 9 8 

3857 8987548750040529326 4 6
0 4 8 9 10 11 
0 4 9 8 11 10 
0 4 10 11 8 9 
0 4 11 10 9 8 

3873 18437158075063622265 2 6
0 5 8 9 11 10 
0 5 9 8 11 10 

3849 18437158075063622265 2 6
0 3 10 11 9 8 
0 3 11 10 9 8 

3845 7312793931716527072 2 6
0 8 9 10 11 2 
0 9 8 10 11 2 

3792 488542594256355252 4 6
4 9 7 6 10 11 
4 9 6 7 10 11 
9 4 7 6 10 11 
9 4 6 7 10 11 

3784 488542594256355252 4 6
3 9 10 11 6 7 
3 9 11 10 6 7 
9 3 10 11 6 7 
9 3 11 10 6 7 

3752 228510844930607347 2 6
3 9 5 7 10 11 
9 3 5 7 10 11 

3736 228510844930607347 2 6
3 7 4 9 10 11 
7 3 4 9 10 11 

3721 11669464214108144494 4 6
3 9 10 11 0 7 
3 9 11 10 0 7 
9 3 10 11 0 7 
9 3 11 10 0 7 

3729 4759094215550550572 2 6
4 9 0 7 10 11 
9 4 0 7 10 11 

3688 12371212334996106160 2 6
3 9 5 6 11 10 
9 3 5 6 11 10 

3672 12371212334996106160 2 6
3 6 4 9 10 11 
6 3 4 9 10 11 

3657 17161979008209739903 4 6
3 9 10 11 0 6 
3 9 11 10 0 6 
9 3 10 11 0 6 
9 3 11 10 0 6 

3665 591671902245826584 2 6
4 9 0 6 10 11 
9 4 0 6 10 11 

3658 8841205535592364760 4 6
3 6 10 11 9 1 
3 6 11 10 9 1 
6 3 10 11 9 1 
6 3 11 10 9 1 

3626 9922455802016797330 2 6
3 5 10 11 9 1 
5 3 10 11 9 1 

3609 7437719866410298065 1 6
0 3 4 9 11 10 

3605 3193782172962306421 2 6
0 4 9 10 11 2 
0 9 4 10 11 2 

3504 4769614433547241235 8 6
4 8 7 5 10 11 
4 8 5 7 10 11 
5 7 4 8 11 10 
5 7 8 4 11 10 
7 5 4 8 11 10 
7 5 8 4 11 10 
8 4 7 5 10 11 
8 4 5 7 10 11 

3595 12579051213359070677 4 6
0 3 10 11 1 9 
0 3 10 11 9 1 
0 3 11 10 9 1 
0 3 11 10 1 9 

3522 5603452379111868273 16 6
6 7 10 11 1 8 
6 7 10 11 8 1 
6 7 11 10 8 1 
6 7 11 10 1 8 
7 6 10 11 1 8 
7 6 10 11 8 1 
7 6 11 10 8 1 
7 6 11 10 1 8 
10 11 7 6 1 8 
10 11 7 6 8 1 
10 11 6 7 1 8 
10 11 6 7 8 1 
11 10 7 6 8 1 
11 10 7 6 1 8 
11 10 6 7 8 1 
11 10 6 7 1 8 

3536 488542594256355252 4 6
4 8 7 6 11 10 
4 8 6 7 11 10 
8 4 7 6 11 10 
8 4 6 7 11 10 

3528 488542594256355252 4 6
3 8 10 11 7 6 
3 8 11 10 7 6 
8 3 10 11 7 6 
8 3 11 10 7 6 

3480 12371212334996106160 2 6
3 7 4 8 11 10 
7 3 4 8 11 10 

3465 6866461022638124920 4 6
3 8 10 11 0 7 
3 8 11 10 0 7 
8 3 10 11 0 7 
8 3 11 10 0 7 

3468 16619861267869245142 6 6
3 7 8 10 11 2 
3 8 7 10 11 2 
7 3 8 10 11 2 
7 8 3 10 11 2 
8 3 7 10 11 2 
8 7 3 10 11 2 

3401 11291979440481677419 4 6
3 8 10 11 0 6 
3 8 11 10 0 6 
8 3 10 11 0 6 
8 3 11 10 0 6 

3409 591671902245826584 2 6
4 8 0 6 11 10 
8 4 0 6 11 10 

3402 17850062248467779349 4 6
3 6 10 11 1 8 
3 6 11 10 1 8 
6 3 10 11 1 8 
6 3 11 10 1 8 

3384 228510844930607347 2 6
3 5 8 4 11 10 
5 3 8 4 11 10 

3372 7202249481153102887 6 6
3 5 8 11 10 2 
3 8 5 11 10 2 
5 3 8 11 10 2 
5 8 3 11 10 2 
8 3 5 11 10 2 
8 5 3 11 10 2 

3369 5540564154157459835 2 6
3 8 5 0 11 10 
8 3 5 0 11 10 

3370 8517103059756136316 2 6
3 5 11 10 8 1 
5 3 11 10 8 1 

3353 3774195623115560460 1 6
0 3 4 8 11 10 

3347 1574579319940294443 1 6
0 4 11 10 8 1 

3341 16723129302374778752 2 6
0 3 8 10 11 2 
0 8 3 10 11 2 

3282 1943110729160799581 4 6
1 4 6 7 10 11 
1 4 7 6 10 11 
4 1 6 7 10 11 
4 1 7 6 10 11 

3339 16205867201739386336 2 6
0 3 10 11 1 8 
0 3 11 10 1 8 

3274 1943110729160799581 4 6
1 3 10 11 6 7 
1 3 11 10 6 7 
3 1 10 11 6 7 
3 1 11 10 6 7 

3256 228510844930607347 2 6
3 4 7 5 10 11 
4 3 7 5 10 11 

3242 4883031282816119501 2 6
1 3 5 7 10 11 
3 1 5 7 10 11 

3225 882676202639253357 2 6
3 4 0 7 11 10 
4 3 0 7 11 10 

3228 9140668311032533749 6 6
3 4 7 10 11 2 
3 7 4 10 11 2 
4 3 7 10 11 2 
4 7 3 10 11 2 
7 3 4 10 11 2 
7 4 3 10 11 2 

3211 11669464214108144494 4 6
1 3 10 11 0 7 
1 3 11 10 0 7 
3 1 10 11 0 7 
3 1 11 10 0 7 

3219 16366828338633442144 2 6
1 4 0 7 10 11 
4 1 0 7 10 11 

3192 228510844930607347 2 6
3 4 6 5 11 10 
4 3 6 5 11 10 

3178 3895734981893710113 2 6
1 3 5 6 11 10 
3 1 5 6 11 10 

3161 1286124567632809864 2 6
3 4 0 6 11 10 
4 3 0 6 11 10 

3147 15342241116772421366 4 6
1 3 10 11 0 6 
1 3 11 10 0 6 
3 1 10 11 0 6 
3 1 11 10 0 6 

3150 7989226640046038767 6 6
1 3 6 10 11 2 
1 6 3 10 11 2 
3 1 6 10 11 2 
3 6 1 10 11 2 
6 3 1 10 11 2 
6 1 3 10 11 2 

3155 14991588691480950243 2 6
1 4 0 6 10 11 
4 1 0 6 10 11 

3129 7342077020236773477 2 6
3 4 0 5 11 10 
4 3 0 5 11 10 

3123 3989110248504733515 2 6
0 5 4 1 11 10 
0 5 1 4 11 10 

3115 9376552546463969225 2 6
1 3 5 0 11 10 
3 1 5 0 11 10 

3118 2228600569029354724 6 6
1 3 5 10 11 2 
1 5 3 10 11 2 
3 1 5 10 11 2 
3 5 1 10 11 2 
5 3 1 10 11 2 
5 1 3 10 11 2 

3130 4944312786283715841 2 6
3 5 1 4 10 11 
5 3 1 4 10 11 

3101 3327221171610979706 2 6
0 3 4 11 2 10 
0 4 3 11 2 10 

3095 2162450749976658179 2 6
0 1 4 10 11 2 
0 4 1 10 11 2 

3040 488542594256355252 4 6
5 11 8 9 6 7 
5 11 9 8 6 7 
11 5 8 9 6 7 
11 5 9 8 6 7 

2968 12734346366657545445 8 6
3 7 4 11 8 9 
3 7 11 4 8 9 
4 11 7 3 8 9 
4 11 3 7 8 9 
7 3 4 11 8 9 
7 3 11 4 8 9 
11 4 7 3 8 9 
11 4 3 7 8 9 

3024 488542594256355252 4 6
4 11 7 6 8 9 
4 11 6 7 8 9 
11 4 7 6 8 9 
11 4 6 7 8 9 

2992 228510844930607347 2 6
5 7 4 11 8 9 
7 5 4 11 8 9 

2984 228510844930607347 2 6
5 11 3 7 8 9 
11 5 3 7 8 9 

2961 4759094215550550572 2 6
4 11 0 7 8 9 
11 4 0 7 8 9 

2928 12371212334996106160 2 6
5 6 4 11 8 9 
6 5 4 11 8 9 

2916 8841205535592364760 4 6
5 6 8 9 11 2 
5 6 9 8 11 2 
6 5 8 9 11 2 
6 5 9 8 11 2 

2904 4769614433547241235 8 6
3 6 4 11 8 9 
3 6 11 4 8 9 
4 11 6 3 9 8 
4 11 3 6 9 8 
6 3 4 11 8 9 
6 3 11 4 8 9 
11 4 6 3 9 8 
11 4 3 6 9 8 

2913 17161979008209739903 4 6
5 11 8 9 0 6 
5 11 9 8 0 6 
11 5 8 9 0 6 
11 5 9 8 0 6 

2897 591671902245826584 2 6
4 11 0 6 8 9 
11 4 0 6 8 9 

2872 228510844930607347 2 6
3 5 11 4 8 9 
5 3 11 4 8 9 

2865 7437719866410298065 1 6
0 5 4 11 9 8 

2858 9140668311032533749 6 6
3 5 11 8 9 1 
3 11 5 8 9 1 
5 3 11 8 9 1 
5 11 3 8 9 1 
11 3 5 8 9 1 
11 5 3 8 9 1 

3969 11545545017101053682 8 6
0 7 8 9 10 11 
0 7 8 9 11 10 
0 7 9 8 10 11 
0 7 9 8 11 10 
0 7 10 11 8 9 
0 7 10 11 9 8 
0 7 11 10 9 8 
0 7 11 10 8 9 

2860 9922455802016797330 2 6
3 5 8 9 11 2 
5 3 8 9 11 2 

2841 13022732614101927636 2 6
0 3 4 11 9 8 
0 3 11 4 9 8 

2837 16536535488056430897 1 6
0 4 8 9 11 2 

2729 15217761884577431911 8 6
3 9 5 11 0 7 
3 9 11 5 0 7 
5 11 9 3 0 7 
5 11 3 9 0 7 
9 3 5 11 0 7 
9 3 11 5 0 7 
11 5 3 9 0 7 
11 5 9 3 0 7 

2800 228510844930607347 2 6
4 9 5 11 6 7 
9 4 5 11 6 7 

2835 3193782172962306421 2 6
0 4 11 8 9 1 
0 11 4 8 9 1 

2776 228510844930607347 2 6
4 11 3 9 6 7 
11 4 3 9 6 7 

2665 13757881304855015023 8 6
3 9 5 11 0 6 
3 9 11 5 0 6 
5 11 9 3 0 6 
5 11 3 9 0 6 
9 3 5 11 0 6 
9 3 11 5 0 6 
11 5 3 9 0 6 
11 5 9 3 0 6 

2713 11944747361206296284 2 6
4 11 3 9 0 7 
11 4 3 9 0 7 

2680 1824805582785272451 4 6
6 5 3 11 9 4 
6 3 5 9 11 4 
6 9 11 3 5 4 
6 11 9 5 3 4 

2676 6246119687339142347 4 6
5 6 4 9 11 2 
5 6 9 4 11 2 
6 5 4 9 11 2 
6 5 9 4 11 2 

2673 3048011327434985100 2 6
4 9 5 11 0 6 
9 4 5 11 0 6 

2649 3048011327434985100 2 6
4 11 3 9 0 6 
11 4 3 9 0 6 

2617 4776129581723900694 4 6
0 3 5 9 11 4 
0 5 3 11 9 4 
0 9 11 3 5 4 
0 11 9 5 3 4 

2613 18345114446371910486 4 6
0 5 4 9 2 11 
0 5 4 9 11 2 
0 5 9 4 2 11 
0 5 9 4 11 2 

2611 3928663519459618005 2 6
0 5 4 11 9 1 
0 5 4 11 1 9 

2603 6415484716801378774 4 6
5 11 3 0 9 1 
5 11 3 0 1 9 
11 5 3 0 9 1 
11 5 3 0 1 9 

2544 12371212334996106160 2 6
4 8 5 11 6 7 
8 4 5 11 6 7 

3625 8034252278935889564 2 6
3 9 5 0 11 10 
9 3 5 0 11 10 

2516 8841205535592364760 4 6
4 8 6 7 11 2 
4 8 7 6 11 2 
8 4 6 7 11 2 
8 4 7 6 11 2 

2514 10646481241042548423 4 6
4 11 6 7 8 1 
4 11 7 6 8 1 
11 4 6 7 8 1 
11 4 7 6 8 1 

2473 3749264510105120316 4 6
5 11 8 3 0 7 
5 11 3 8 0 7 
11 5 3 8 0 7 
11 5 8 3 0 7 

2476 7454461789564251683 2 6
3 8 5 7 11 2 
8 3 5 7 11 2 

2482 4122801265634653325 2 6
5 7 4 11 8 1 
7 5 4 11 8 1 

2458 9696183292496920526 8 6
3 7 4 11 8 1 
3 7 11 4 8 1 
4 11 7 3 8 1 
4 11 3 7 8 1 
7 3 4 11 8 1 
7 3 11 4 8 1 
11 4 3 7 8 1 
11 4 7 3 8 1 

2457 6752676924453632999 2 6
4 11 3 8 0 7 
11 4 3 8 0 7 

2453 2823271083572062714 2 6
4 8 0 7 11 2 
8 4 0 7 11 2 

486 5646035700569632052 4 6
2 5 1 8 6 7 
2 5 8 1 6 7 
5 2 1 8 6 7 
5 2 8 1 6 7 

2109 10258792257132434567 4 6
3 4 0 5 2 11 
3 4 0 5 11 2 
4 3 0 5 2 11 
4 3 0 5 11 2 

2099 664175736414921164 2 5
0 5 4 1 11 
0 5 1 4 11 

441 11093628196382049303 2 6
4 5 8 3 0 7 
5 4 8 3 0 7 

3146 5573958986186089707 12 5
1 3 6 10 11 
1 3 6 11 10 
1 6 3 10 11 
1 6 3 11 10 
3 1 6 10 11 
3 1 6 11 10 
3 6 1 10 11 
3 6 1 11 10 
6 3 1 10 11 
6 3 1 11 10 
6 1 3 10 11 
6 1 3 11 10 

429 12106030633697921406 4 6
2 5 3 8 0 7 
2 5 8 3 0 7 
5 2 3 8 0 7 
5 2 8 3 0 7 

435 11806359723424088118 2 6
4 5 0 7 1 8 
5 4 0 7 1 8 

438 18012025924402869447 2 6
5 7 4 2 8 1 
7 5 4 2 8 1 

1520 228510844930607347 2 6
4 8 5 10 7 6 
8 4 5 10 7 6 

413 68578248566527190 2 6
2 4 3 8 0 7 
4 2 3 8 0 7 

377 7252031408551241653 2 6
4 5 8 3 0 6 
5 4 8 3 0 6 

2000 488542594256355252 4 6
4 10 7 6 9 8 
4 10 6 7 9 8 
10 4 7 6 9 8 
10 4 6 7 9 8 

373 7094172301627771613 2 6
4 8 5 2 0 6 
8 4 5 2 0 6 

378 13008496260309061241 2 6
4 5 6 3 1 8 
5 4 6 3 1 8 

3083 11823525391913838115 4 5
0 1 3 10 11 
0 1 3 11 10 
0 3 1 10 11 
0 3 1 11 10 

3624 15669041373866470253 6 5
3 5 9 10 11 
3 9 5 10 11 
5 3 9 10 11 
5 9 3 10 11 
9 5 3 10 11 
9 3 5 10 11 

1460 2233914167423949197 4 6
5 7 4 8 10 2 
5 7 8 4 10 2 
7 5 4 8 10 2 
7 5 8 4 10 2 

365 4811061870291747178 4 6
2 5 3 8 0 6 
2 5 8 3 0 6 
5 2 3 8 0 6 
5 2 8 3 0 6 

374 12216236925529264147 2 6
5 6 4 2 8 1 
6 5 4 2 8 1 

1456 852318033818440602 4 5
5 7 4 8 10 
5 7 8 4 10 
7 5 4 8 10 
7 5 8 4 10 

317 3950994295987861058 1 6
0 2 8 5 3 4 

250 4944312786283715841 2 6
4 5 1 3 6 7 
5 4 1 3 6 7 

791 2162450749976658179 2 6
0 2 4 8 9 1 
0 4 2 8 9 1 

1873 591671902245826584 2 6
4 10 0 6 9 8 
10 4 0 6 9 8 

246 4944312786283715841 2 6
1 4 5 2 6 7 
4 1 5 2 6 7 

221 17389933587645551980 6 6
2 3 4 0 7 6 
2 4 3 0 7 6 
3 2 4 0 7 6 
3 4 2 0 7 6 
4 2 3 0 7 6 
4 3 2 0 7 6 

2385 8685062363700195845 6 5
4 8 11 0 6 
4 11 8 0 6 
8 4 11 0 6 
8 11 4 0 6 
11 4 8 0 6 
11 8 4 0 6 

189 11944747361206296284 2 6
3 4 2 5 0 7 
4 3 2 5 0 7 

187 11944747361206296284 2 6
4 5 1 3 0 7 
5 4 1 3 0 7 

2857 8034252278935889564 2 6
5 11 3 0 9 8 
11 5 3 0 9 8 

1748 10646481241042548423 4 6
4 9 6 7 10 2 
4 9 7 6 10 2 
9 4 6 7 10 2 
9 4 7 6 10 2 

63 4776129581723900694 4 6
0 1 2 3 5 4 
0 2 1 5 3 4 
0 3 5 1 2 4 
0 5 3 2 1 4 

3363 5007394812141737055 2 6
0 5 1 8 11 10 
0 5 8 1 11 10 

1145 7252031408551241653 2 6
3 4 10 5 0 6 
4 3 10 5 0 6 

3426 2193097090793837086 4 6
5 6 1 8 11 10 
5 6 8 1 11 10 
6 5 1 8 11 10 
6 5 8 1 11 10 

1208 852318033818440602 4 5
7 10 3 4 5 
7 10 4 3 5 
10 7 4 3 5 
10 7 3 4 5 

119 1334233113274633272 2 6
1 4 5 2 0 6 
4 1 5 2 0 6 

315 6617719746405921369 2 6
4 5 0 3 1 8 
5 4 0 3 1 8 

3656 9427258437046237397 12 5
3 6 9 10 11 
3 6 9 11 10 
3 9 6 10 11 
3 9 6 11 10 
6 3 9 10 11 
6 3 9 11 10 
6 9 3 10 11 
6 9 3 11 10 
9 6 3 10 11 
9 6 3 11 10 
9 3 6 10 11 
9 3 6 11 10 

243 17389933587645551980 6 6
1 4 5 0 7 6 
1 5 4 0 7 6 
4 1 5 0 7 6 
4 5 1 0 7 6 
5 1 4 0 7 6 
5 4 1 0 7 6 

1325 9745140832796331933 2 6
3 8 5 0 2 10 
8 3 5 0 2 10 

3841 180659253974701352 8 5
0 8 9 10 11 
0 8 9 11 10 
0 9 8 10 11 
0 9 8 11 10 
0 10 11 8 9 
0 10 11 9 8 
0 11 10 9 8 
0 11 10 8 9 

1677 2010201063147931826 4 6
3 9 2 10 0 7 
3 9 10 2 0 7 
9 3 2 10 0 7 
9 3 10 2 0 7 

380 14498150133182066701 4 6
2 4 5 8 6 3 
2 5 4 6 8 3 
2 6 8 5 4 3 
2 8 6 4 5 3 

123 1334233113274633272 2 6
4 5 1 3 0 6 
5 4 1 3 0 6 

1746 8841205535592364760 4 6
4 10 6 7 9 1 
4 10 7 6 9 1 
10 4 6 7 9 1 
10 4 7 6 9 1 

3601 7543583020423842894 2 5
0 4 9 10 11 
0 9 4 10 11 

252 4944312786283715841 2 6
3 4 2 5 6 7 
4 3 2 5 6 7 

2484 6246119687339142347 4 6
4 8 5 7 11 2 
4 8 7 5 11 2 
8 4 5 7 11 2 
8 4 7 5 11 2 

3593 11823525391913838115 4 5
0 3 9 10 11 
0 3 9 11 10 
0 9 3 10 11 
0 9 3 11 10 

888 228510844930607347 2 6
4 5 6 3 9 8 
5 4 6 3 9 8 

1429 6604847764179004411 2 6
4 8 0 7 2 10 
8 4 0 7 2 10 

3337 5025962247365314646 4 5
0 3 8 10 11 
0 3 8 11 10 
0 8 3 10 11 
0 8 3 11 10 

632 852318033818440602 4 5
6 9 5 4 3 
6 9 4 5 3 
9 6 5 4 3 
9 6 4 5 3 

3345 7543583020423842894 2 5
0 4 8 11 10 
0 8 4 11 10 

2290 4883031282816119501 2 6
1 4 5 11 6 7 
4 1 5 11 6 7 

1181 11806359723424088118 2 6
3 4 0 7 2 10 
4 3 0 7 2 10 

3224 15669041373866470253 6 5
3 4 7 10 11 
3 7 4 10 11 
4 3 7 10 11 
4 7 3 10 11 
7 4 3 10 11 
7 3 4 10 11 

2142 1184509719763002632 2 6
3 6 4 1 11 2 
6 3 4 1 11 2 

626 17498980938774220750 6 5
4 5 6 9 1 
4 6 5 9 1 
5 4 6 9 1 
5 6 4 9 1 
6 4 5 9 1 
6 5 4 9 1 

1167 2010201063147931826 4 6
1 3 2 10 0 7 
1 3 10 2 0 7 
3 1 2 10 0 7 
3 1 10 2 0 7 

1708 4122801265634653325 2 6
3 9 5 7 10 2 
9 3 5 7 10 2 

3160 15669041373866470253 6 5
3 4 6 11 10 
3 6 4 11 10 
4 3 6 11 10 
4 6 3 11 10 
6 4 3 11 10 
6 3 4 11 10 

2833 7543583020423842894 2 5
0 4 11 8 9 
0 11 4 8 9 

669 11944747361206296284 2 6
2 4 3 9 0 7 
4 2 3 9 0 7 

1210 2226890699318929390 1 6
10 7 1 5 4 3 

2107 4776129581723900694 4 6
0 1 11 3 5 4 
0 3 5 1 11 4 
0 5 3 11 1 4 
0 11 1 5 3 4 

2480 852318033818440602 4 5
4 8 7 5 11 
4 8 5 7 11 
8 4 7 5 11 
8 4 5 7 11 

316 12090042794949843262 4 5
2 8 5 3 4 
2 8 3 5 4 
8 2 5 3 4 
8 2 3 5 4 

2512 9427258437046237397 12 5
4 8 11 6 7 
4 8 11 7 6 
4 11 8 7 6 
4 11 8 6 7 
8 4 11 6 7 
8 4 11 7 6 
8 11 4 7 6 
8 11 4 6 7 
11 8 4 6 7 
11 8 4 7 6 
11 4 8 7 6 
11 4 8 6 7 

159 11944747361206296284 2 6
2 4 3 1 0 7 
4 2 3 1 0 7 

3432 228510844930607347 2 6
3 8 5 6 11 10 
8 3 5 6 11 10 

2323 4855381303833618366 2 5
0 4 11 8 1 
0 11 4 8 1 

95 1334233113274633272 2 6
2 4 3 1 0 6 
4 2 3 1 0 6 

3395 2376573103041270213 4 6
0 6 10 11 1 8 
0 6 10 11 8 1 
0 6 11 10 8 1 
0 6 11 10 1 8 

1177 2583777673558335768 6 5
3 4 10 0 7 
3 10 4 0 7 
4 3 10 0 7 
4 10 3 0 7 
10 3 4 0 7 
10 4 3 0 7 

1326 1624721308297944198 8 6
3 5 1 8 2 10 
3 5 2 10 1 8 
3 5 8 1 10 2 
3 5 10 2 8 1 
5 3 2 10 1 8 
5 3 1 8 2 10 
5 3 8 1 10 2 
5 3 10 2 8 1 

2345 7974155120411633739 4 5
5 11 8 3 0 
5 11 3 8 0 
11 5 3 8 0 
11 5 8 3 0 

2325 8872214736889773835 2 5
0 4 8 11 2 
0 8 4 11 2 

2201 15653426304844951015 6 5
3 4 11 0 7 
3 11 4 0 7 
4 3 11 0 7 
4 11 3 0 7 
11 3 4 0 7 
11 4 3 0 7 

2264 15669041373866470253 6 5
3 4 11 6 7 
3 11 4 6 7 
4 3 11 6 7 
4 11 3 6 7 
11 4 3 6 7 
11 3 4 6 7 

1182 18012025924402869447 2 6
3 7 4 1 10 2 
7 3 4 1 10 2 

2137 9609409361058117941 6 5
3 4 11 0 6 
3 11 4 0 6 
4 3 11 0 6 
4 11 3 0 6 
11 3 4 0 6 
11 4 3 0 6 

1055 11896637036301447194 1 6
0 3 4 1 2 10 

1596 4122801265634653325 2 6
3 5 9 4 10 2 
5 3 9 4 10 2 

1952 9427258437046237397 12 5
5 7 10 9 8 
5 7 10 8 9 
5 10 7 9 8 
5 10 7 8 9 
7 5 10 9 8 
7 5 10 8 9 
7 10 5 9 8 
7 10 5 8 9 
10 7 5 9 8 
10 7 5 8 9 
10 5 7 9 8 
10 5 7 8 9 

870 7989226640046038767 6 6
2 5 6 8 9 1 
2 6 5 8 9 1 
5 2 6 8 9 1 
5 6 2 8 9 1 
6 2 5 8 9 1 
6 5 2 8 9 1 

2346 1031511967050065677 6 5
3 5 11 8 1 
3 11 5 8 1 
5 3 11 8 1 
5 11 3 8 1 
11 3 5 8 1 
11 5 3 8 1 

2914 16619861267869245142 6 6
5 6 11 8 9 1 
5 11 6 8 9 1 
6 5 11 8 9 1 
6 11 5 8 9 1 
11 5 6 8 9 1 
11 6 5 8 9 1 

1805 5007394812141737055 2 6
0 3 2 10 9 8 
0 3 10 2 9 8 

1832 15669041373866470253 6 5
3 5 10 9 8 
3 10 5 9 8 
5 3 10 9 8 
5 10 3 9 8 
10 5 3 9 8 
10 3 5 9 8 

2853 12579051213359070677 4 6
0 5 8 9 2 11 
0 5 8 9 11 2 
0 5 9 8 2 11 
0 5 9 8 11 2 

1744 9427258437046237397 12 5
4 9 10 6 7 
4 9 10 7 6 
4 10 9 7 6 
4 10 9 6 7 
9 4 10 6 7 
9 4 10 7 6 
9 10 4 7 6 
9 10 4 6 7 
10 9 4 6 7 
10 9 4 7 6 
10 4 9 7 6 
10 4 9 6 7 

1825 5025962247365314646 4 5
0 5 10 9 8 
0 5 10 8 9 
0 10 5 9 8 
0 10 5 8 9 

1797 14226951147164851013 4 5
0 8 9 2 10 
0 8 9 10 2 
0 9 8 2 10 
0 9 8 10 2 

1809 7543583020423842894 2 5
0 4 10 9 8 
0 10 4 9 8 

3459 12916549961709048378 4 6
0 7 10 11 1 8 
0 7 10 11 8 1 
0 7 11 10 8 1 
0 7 11 10 1 8 

1241 13730542811270005310 6 6
3 4 10 0 7 6 
3 10 4 0 7 6 
4 3 10 0 7 6 
4 10 3 0 7 6 
10 3 4 0 7 6 
10 4 3 0 7 6 

2350 4190761804242086191 2 6
3 5 8 1 11 2 
5 3 8 1 11 2 

1681 4632301575580520879 6 5
4 9 10 0 7 
4 10 9 0 7 
9 4 10 0 7 
9 10 4 0 7 
10 4 9 0 7 
10 9 4 0 7 

1712 12729916853582679963 8 5
4 9 7 5 10 
4 9 5 7 10 
5 7 4 9 10 
5 7 9 4 10 
7 5 4 9 10 
7 5 9 4 10 
9 4 7 5 10 
9 4 5 7 10 

1171 3334262549458201999 6 5
1 4 10 0 7 
1 10 4 0 7 
4 1 10 0 7 
4 10 1 0 7 
10 1 4 0 7 
10 4 1 0 7 

630 1184509719763002632 2 6
5 6 4 2 9 1 
6 5 4 2 9 1 

1704 852318033818440602 4 5
5 10 9 3 7 
5 10 3 9 7 
10 5 9 3 7 
10 5 3 9 7 

622 9197999651535379497 2 6
2 5 3 6 9 1 
5 2 3 6 9 1 

1688 852318033818440602 4 5
4 10 7 3 9 
4 10 3 7 9 
10 4 7 3 9 
10 4 3 7 9 

606 8762293650627267097 4 6
3 6 4 2 9 1 
3 6 2 4 9 1 
6 3 2 4 9 1 
6 3 4 2 9 1 

2154 17692198270054453466 4 5
5 11 1 3 6 
5 11 3 1 6 
11 5 3 1 6 
11 5 1 3 6 

1640 852318033818440602 4 5
3 9 5 10 6 
3 9 10 5 6 
9 3 5 10 6 
9 3 10 5 6 

1617 8685062363700195845 6 5
4 9 10 0 6 
4 10 9 0 6 
9 4 10 0 6 
9 10 4 0 6 
10 4 9 0 6 
10 9 4 0 6 

1612 9508408847464364197 12 5
3 6 9 2 10 
3 6 9 10 2 
3 9 6 2 10 
3 9 6 10 2 
6 3 9 2 10 
6 3 9 10 2 
6 9 3 2 10 
6 9 3 10 2 
9 3 6 2 10 
9 3 6 10 2 
9 6 3 2 10 
9 6 3 10 2 

1071 3630429125347668874 2 6
1 3 5 0 2 10 
3 1 5 0 2 10 

2138 15476917387195100497 4 5
3 6 4 11 1 
3 6 11 4 1 
6 3 4 11 1 
6 3 11 4 1 

1624 12729916853582679963 8 5
3 6 4 10 9 
3 6 10 4 9 
4 10 6 3 9 
4 10 3 6 9 
6 3 4 10 9 
6 3 10 4 9 
10 4 6 3 9 
10 4 3 6 9 

1083 3950994295987861058 1 6
0 1 10 3 5 4 

183 11944747361206296284 2 6
1 4 5 2 0 7 
4 1 5 2 0 7 

309 8233147740416037160 2 5
0 5 4 8 2 
0 5 8 4 2 

1932 2193097090793837086 4 6
3 7 2 10 8 9 
3 7 10 2 8 9 
7 3 2 10 8 9 
7 3 10 2 8 9 

996 1943110729160799581 4 6
2 5 8 9 6 7 
2 5 9 8 6 7 
5 2 8 9 6 7 
5 2 9 8 6 7 

2105 664175736414921164 2 5
0 11 4 3 5 
0 11 3 4 5 

563 6340282519631575999 4 5
0 4 5 1 9 
0 4 5 9 1 
0 5 4 1 9 
0 5 4 9 1 

303 3630429125347668874 2 6
2 5 3 0 1 8 
5 2 3 0 1 8 

3603 16536535488056430897 1 6
0 4 10 11 9 1 

1385 9095602865266907852 8 6
3 8 5 10 0 6 
3 8 10 5 0 6 
5 10 8 3 0 6 
5 10 3 8 0 6 
8 3 5 10 0 6 
8 3 10 5 0 6 
10 5 3 8 0 6 
10 5 8 3 0 6 

817 1206374399508656106 2 5
0 4 5 9 8 
0 5 4 9 8 

2467 2010201063147931826 4 6
5 11 8 1 0 7 
5 11 1 8 0 7 
11 5 1 8 0 7 
11 5 8 1 0 7 

1358 10387641476482099336 4 6
3 6 2 10 1 8 
3 6 10 2 1 8 
6 3 2 10 1 8 
6 3 10 2 1 8 

2648 852318033818440602 4 5
3 6 4 11 9 
3 6 11 4 9 
6 3 4 11 9 
6 3 11 4 9 

430 3838802720496618203 2 6
2 5 3 7 8 1 
5 2 3 7 8 1 

1512 12734346366657545445 8 6
3 8 5 10 7 6 
3 8 10 5 7 6 
5 10 8 3 7 6 
5 10 3 8 7 6 
8 3 5 10 7 6 
8 3 10 5 7 6 
10 5 8 3 7 6 
10 5 3 8 7 6 

3162 6590687090933055534 2 6
3 6 4 1 11 10 
6 3 4 1 11 10 

944 15669041373866470253 6 5
4 5 7 8 9 
4 7 5 8 9 
5 4 7 8 9 
5 7 4 8 9 
7 5 4 8 9 
7 4 5 8 9 

412 17692198270054453466 4 5
3 7 4 2 8 
3 7 2 4 8 
7 3 4 2 8 
7 3 2 4 8 

2410 6025244276894737505 2 6
5 11 3 6 8 1 
11 5 3 6 8 1 

1301 14795686909076018073 2 5
0 4 8 2 10 
0 8 4 2 10 

760 228510844930607347 2 6
4 5 9 3 6 7 
5 4 9 3 6 7 

1988 5603452379111868273 16 6
6 7 8 9 2 10 
6 7 8 9 10 2 
6 7 9 8 2 10 
6 7 9 8 10 2 
7 6 8 9 2 10 
7 6 8 9 10 2 
7 6 9 8 2 10 
7 6 9 8 10 2 
8 9 7 6 2 10 
8 9 7 6 10 2 
8 9 6 7 2 10 
8 9 6 7 10 2 
9 8 7 6 2 10 
9 8 7 6 10 2 
9 8 6 7 2 10 
9 8 6 7 10 2 

3097 1206374399508656106 2 5
0 3 4 11 10 
0 4 3 11 10 

933 11669464214108144494 4 6
2 5 8 9 0 7 
2 5 9 8 0 7 
5 2 8 9 0 7 
5 2 9 8 0 7 

428 16272028447959098298 4 5
3 8 5 2 7 
3 8 2 5 7 
8 3 5 2 7 
8 3 2 5 7 

3628 9140668311032533749 6 6
3 5 9 10 11 2 
3 9 5 10 11 2 
5 3 9 10 11 2 
5 9 3 10 11 2 
9 3 5 10 11 2 
9 5 3 10 11 2 

301 5525208411259477938 4 5
2 5 3 8 0 
2 5 8 3 0 
5 2 3 8 0 
5 2 8 3 0 

1324 12786866701162581528 6 5
3 5 8 2 10 
3 8 5 2 10 
5 3 8 2 10 
5 8 3 2 10 
8 3 5 2 10 
8 5 3 2 10 

2406 17904701270138616053 4 6
5 6 1 8 11 2 
5 6 8 1 11 2 
6 5 1 8 11 2 
6 5 8 1 11 2 

496 15669041373866470253 6 5
4 5 8 7 6 
4 8 5 7 6 
5 4 8 7 6 
5 8 4 7 6 
8 5 4 7 6 
8 4 5 7 6 

370 12786866701162581528 6 5
4 5 6 1 8 
4 6 5 1 8 
5 4 6 1 8 
5 6 4 1 8 
6 4 5 1 8 
6 5 4 1 8 

1555 8872214736889773835 2 5
0 4 10 9 1 
0 10 4 9 1 

2664 12729916853582679963 8 5
3 9 5 11 6 
3 9 11 5 6 
5 11 9 3 6 
5 11 3 9 6 
9 3 5 11 6 
9 3 11 5 6 
11 5 9 3 6 
11 5 3 9 6 

500 6590687090933055534 2 6
4 8 5 2 7 6 
8 4 5 2 7 6 

1582 4190761804242086191 2 6
3 5 10 2 9 1 
5 3 10 2 9 1 

1203 68578248566527190 2 6
1 4 5 10 0 7 
4 1 5 10 0 7 

94 12090042794949843262 4 5
3 6 4 2 1 
3 6 2 4 1 
6 3 2 4 1 
6 3 4 2 1 

1176 16843014019913416440 24 4
3 4 7 10 
3 4 10 7 
3 7 4 10 
3 7 10 4 
3 10 7 4 
3 10 4 7 
4 3 7 10 
4 3 10 7 
4 7 3 10 
4 7 10 3 
4 10 7 3 
4 10 3 7 
7 4 3 10 
7 4 10 3 
7 3 4 10 
7 3 10 4 
7 10 3 4 
7 10 4 3 
10 4 7 3 
10 4 3 7 
10 7 4 3 
10 7 3 4 
10 3 7 4 
10 3 4 7 

372 380262724330119809 8 5
4 8 5 6 2 
4 8 6 5 2 
5 6 4 8 2 
5 6 8 4 2 
6 5 4 8 2 
6 5 8 4 2 
8 4 5 6 2 
8 4 6 5 2 

2168 852318033818440602 4 5
6 11 3 4 5 
6 11 4 3 5 
11 6 4 3 5 
11 6 3 4 5 

1086 13008496260309061241 2 6
3 5 1 4 10 2 
5 3 1 4 10 2 

366 12216236925529264147 2 6
2 5 3 6 1 8 
5 2 3 6 1 8 

1448 12729916853582679963 8 5
3 8 5 10 7 
3 8 10 5 7 
5 10 8 3 7 
5 10 3 8 7 
8 3 5 10 7 
8 3 10 5 7 
10 5 8 3 7 
10 5 3 8 7 

880 15669041373866470253 6 5
4 5 6 9 8 
4 6 5 9 8 
5 4 6 9 8 
5 6 4 9 8 
6 5 4 9 8 
6 4 5 9 8 

2530 2193097090793837086 4 6
5 11 8 1 6 7 
5 11 1 8 6 7 
11 5 8 1 6 7 
11 5 1 8 6 7 

1421 3998923969489975854 4 6
3 8 2 10 0 7 
3 8 10 2 0 7 
8 3 2 10 0 7 
8 3 10 2 0 7 

2652 7454461789564251683 2 6
3 6 4 9 11 2 
6 3 4 9 11 2 

434 1031511967050065677 6 5
4 5 7 8 1 
4 7 5 8 1 
5 4 7 8 1 
5 7 4 8 1 
7 4 5 8 1 
7 5 4 8 1 

2360 852318033818440602 4 5
8 11 5 3 4 
8 11 3 5 4 
11 8 5 3 4 
11 8 3 5 4 

1075 17269126778635331362 2 5
0 5 4 1 10 
0 5 1 4 10 

561 11311692471758655814 6 4
0 4 5 9 
0 4 9 5 
0 5 4 9 
0 5 9 4 
0 9 5 4 
0 9 4 5 

1102 3789797395801390717 12 5
1 3 6 2 10 
1 3 6 10 2 
1 6 3 2 10 
1 6 3 10 2 
3 1 6 2 10 
3 1 6 10 2 
3 6 1 2 10 
3 6 1 10 2 
6 3 1 2 10 
6 3 1 10 2 
6 1 3 2 10 
6 1 3 10 2 

1592 852318033818440602 4 5
9 10 5 3 4 
9 10 3 5 4 
10 9 5 3 4 
10 9 3 5 4 

1051 8233147740416037160 2 5
0 3 4 10 1 
0 3 10 4 1 

307 4104382227020407696 2 5
0 4 5 1 8 
0 5 4 1 8 

2348 17498980938774220750 6 5
3 5 8 11 2 
3 8 5 11 2 
5 3 8 11 2 
5 8 3 11 2 
8 3 5 11 2 
8 5 3 11 2 

2091 13967495584906605377 8 5
1 3 5 11 0 
1 3 11 5 0 
3 1 5 11 0 
3 1 11 5 0 
5 11 3 1 0 
5 11 1 3 0 
11 5 3 1 0 
11 5 1 3 0 

468 5573958986186089707 12 5
2 4 8 7 6 
2 4 8 6 7 
2 8 4 7 6 
2 8 4 6 7 
4 2 8 7 6 
4 2 8 6 7 
4 8 2 7 6 
4 8 2 6 7 
8 4 2 7 6 
8 4 2 6 7 
8 2 4 7 6 
8 2 4 6 7 

1577 7974155120411633739 4 5
3 9 5 10 0 
3 9 10 5 0 
9 3 5 10 0 
9 3 10 5 0 

59 664175736414921164 2 5
0 1 4 5 3 
0 1 5 4 3 

2520 12371212334996106160 2 6
4 11 3 8 7 6 
11 4 3 8 7 6 

302 12786866701162581528 6 5
2 3 5 8 1 
2 5 3 8 1 
3 2 5 8 1 
3 5 2 8 1 
5 2 3 8 1 
5 3 2 8 1 

1925 12916549961709048378 4 6
0 7 8 9 2 10 
0 7 8 9 10 2 
0 7 9 8 2 10 
0 7 9 8 10 2 

124 12090042794949843262 4 5
2 6 4 3 5 
2 6 3 4 5 
6 2 4 3 5 
6 2 3 4 5 

1206 718765721817174227 4 6
5 7 4 1 10 2 
5 7 1 4 10 2 
7 5 4 1 10 2 
7 5 1 4 10 2 

118 12090042794949843262 4 5
5 6 4 1 2 
5 6 1 4 2 
6 5 4 1 2 
6 5 1 4 2 

2282 15596753181347747476 4 6
5 11 1 3 6 7 
5 11 3 1 6 7 
11 5 3 1 6 7 
11 5 1 3 6 7 

364 12090042794949843262 4 5
2 5 3 8 6 
2 5 8 3 6 
5 2 3 8 6 
5 2 8 3 6 

1446 16549749828247609268 4 6
5 7 1 8 10 2 
5 7 8 1 10 2 
7 5 1 8 10 2 
7 5 8 1 10 2 

305 11273311492949096519 6 4
0 4 5 8 
0 4 8 5 
0 5 4 8 
0 5 8 4 
0 8 5 4 
0 8 4 5 

423 2010201063147931826 4 6
2 5 1 8 0 7 
2 5 8 1 0 7 
5 2 1 8 0 7 
5 2 8 1 0 7 

1194 16272028447959098298 4 5
5 10 1 3 7 
5 10 3 1 7 
10 5 3 1 7 
10 5 1 3 7 

1321 1121979242930329111 8 5
3 8 5 10 0 
3 8 10 5 0 
5 10 8 3 0 
5 10 3 8 0 
8 3 5 10 0 
8 3 10 5 0 
10 5 3 8 0 
10 5 8 3 0 

2403 2854402676748479716 4 6
5 11 8 1 0 6 
5 11 1 8 0 6 
11 5 1 8 0 6 
11 5 8 1 0 6 

2140 17498980938774220750 6 5
3 4 6 11 2 
3 6 4 11 2 
4 3 6 11 2 
4 6 3 11 2 
6 3 4 11 2 
6 4 3 11 2 

882 7202249481153102887 6 6
4 5 6 9 8 1 
4 6 5 9 8 1 
5 4 6 9 8 1 
5 6 4 9 8 1 
6 4 5 9 8 1 
6 5 4 9 8 1 

3186 561839936952577197 4 6
5 6 1 4 11 10 
5 6 4 1 11 10 
6 5 4 1 11 10 
6 5 1 4 11 10 

2077 6340282519631575999 4 5
0 3 4 2 11 
0 3 4 11 2 
0 4 3 2 11 
0 4 3 11 2 

2158 9197999651535379497 2 6
1 3 5 6 11 2 
3 1 5 6 11 2 

1049 11273311492949096519 6 4
0 3 4 10 
0 3 10 4 
0 4 3 10 
0 4 10 3 
0 10 4 3 
0 10 3 4 

405 3334262549458201999 6 5
2 4 8 0 7 
2 8 4 0 7 
4 2 8 0 7 
4 8 2 0 7 
8 2 4 0 7 
8 4 2 0 7 

3164 7202249481153102887 6 6
3 4 6 11 10 2 
3 6 4 11 10 2 
4 3 6 11 10 2 
4 6 3 11 10 2 
6 3 4 11 10 2 
6 4 3 11 10 2 

946 9140668311032533749 6 6
4 5 7 8 9 1 
4 7 5 8 9 1 
5 4 7 8 9 1 
5 7 4 8 9 1 
7 4 5 8 9 1 
7 5 4 8 9 1 

3368 15669041373866470253 6 5
3 5 8 11 10 
3 8 5 11 10 
5 3 8 11 10 
5 8 3 11 10 
8 5 3 11 10 
8 3 5 11 10 

122 12090042794949843262 4 5
1 6 4 5 3 
1 6 5 4 3 
6 1 4 5 3 
6 1 5 4 3 

636 2226890699318929390 1 6
6 9 2 3 5 4 

1745 10293209991100499993 6 6
4 9 10 0 7 6 
4 10 9 0 7 6 
9 4 10 0 7 6 
9 10 4 0 7 6 
10 4 9 0 7 6 
10 9 4 0 7 6 

1082 12090042794949843262 4 5
1 10 5 3 4 
1 10 3 5 4 
10 1 5 3 4 
10 1 3 5 4 

92 16493867128980194667 24 4
2 3 4 6 
2 3 6 4 
2 4 3 6 
2 4 6 3 
2 6 4 3 
2 6 3 4 
3 2 4 6 
3 2 6 4 
3 4 2 6 
3 4 6 2 
3 6 4 2 
3 6 2 4 
4 3 2 6 
4 3 6 2 
4 2 3 6 
4 2 6 3 
4 6 2 3 
4 6 3 2 
6 3 4 2 
6 3 2 4 
6 4 3 2 
6 4 2 3 
6 2 4 3 
6 2 3 4 

2851 10866810496797204609 2 6
0 5 11 8 9 1 
0 11 5 8 9 1 

633 3048011327434985100 2 6
4 5 9 3 0 6 
5 4 9 3 0 6 

3760 12734346366657545445 8 6
4 9 7 5 10 11 
4 9 5 7 10 11 
5 7 4 9 10 11 
5 7 9 4 10 11 
7 5 4 9 10 11 
7 5 9 4 10 11 
9 4 7 5 10 11 
9 4 5 7 10 11 

433 2583777673558335768 6 5
4 5 8 0 7 
4 8 5 0 7 
5 4 8 0 7 
5 8 4 0 7 
8 4 5 0 7 
8 5 4 0 7 

436 15476917387195100497 4 5
4 8 5 7 2 
4 8 7 5 2 
8 4 5 7 2 
8 4 7 5 2 

179 15653426304844951015 6 5
1 4 5 0 7 
1 5 4 0 7 
4 1 5 0 7 
4 5 1 0 7 
5 1 4 0 7 
5 4 1 0 7 

1322 12786866701162581528 6 5
3 5 10 1 8 
3 10 5 1 8 
5 3 10 1 8 
5 10 3 1 8 
10 3 5 1 8 
10 5 3 1 8 

2585 664175736414921164 2 5
0 3 4 11 9 
0 3 11 4 9 

2666 14369924367906675065 2 6
5 11 3 6 9 1 
11 5 3 6 9 1 

1557 4855381303833618366 2 5
0 4 9 10 2 
0 9 4 10 2 

1043 8623097159091425658 6 4
0 1 4 10 
0 1 10 4 
0 4 1 10 
0 4 10 1 
0 10 4 1 
0 10 1 4 

789 18163425054610292623 2 5
0 2 4 8 9 
0 4 2 8 9 

1303 16646974984497567883 4 6
0 4 2 10 1 8 
0 4 1 8 2 10 
0 4 8 1 10 2 
0 4 10 2 8 1 

2412 9888572650096077306 2 6
3 8 5 6 11 2 
8 3 5 6 11 2 

1039 13645085218199303101 4 5
0 1 3 2 10 
0 1 3 10 2 
0 3 1 2 10 
0 3 1 10 2 

1580 1031511967050065677 6 5
3 5 9 10 2 
3 9 5 10 2 
5 3 9 10 2 
5 9 3 10 2 
9 3 5 10 2 
9 5 3 10 2 

498 8517103059756136316 2 6
4 5 7 6 8 1 
5 4 7 6 8 1 

444 2226890699318929390 1 6
8 7 2 3 4 5 

1553 6502632244296645711 6 4
0 4 9 10 
0 4 10 9 
0 9 4 10 
0 9 10 4 
0 10 9 4 
0 10 4 9 

2856 15669041373866470253 6 5
3 5 11 8 9 
3 11 5 8 9 
5 3 11 8 9 
5 11 3 8 9 
11 5 3 8 9 
11 3 5 8 9 

1111 7575926246408878334 2 6
1 4 0 6 10 2 
4 1 0 6 10 2 

2408 852318033818440602 4 5
5 11 8 3 6 
5 11 3 8 6 
11 5 8 3 6 
11 5 3 8 6 

1299 14795686909076018073 2 5
0 4 10 1 8 
0 10 4 1 8 

359 5190504806263114440 4 6
2 5 1 8 0 6 
2 5 8 1 0 6 
5 2 1 8 0 6 
5 2 8 1 0 6 

1130 12090042794949843262 4 5
1 3 5 10 6 
1 3 10 5 6 
3 1 5 10 6 
3 1 10 5 6 

2073 11311692471758655814 6 4
0 3 4 11 
0 3 11 4 
0 4 3 11 
0 4 11 3 
0 11 4 3 
0 11 3 4 

2402 9508408847464364197 12 5
5 6 11 8 1 
5 6 11 1 8 
5 11 6 8 1 
5 11 6 1 8 
6 5 11 8 1 
6 5 11 1 8 
6 11 5 8 1 
6 11 5 1 8 
11 5 6 8 1 
11 5 6 1 8 
11 6 5 8 1 
11 6 5 1 8 

1293 1174652836471451135 4 5
0 3 8 2 10 
0 3 8 10 2 
0 8 3 2 10 
0 8 3 10 2 

1861 2376573103041270213 4 6
0 6 8 9 2 10 
0 6 8 9 10 2 
0 6 9 8 2 10 
0 6 9 8 10 2 

752 15669041373866470253 6 5
4 5 9 6 7 
4 9 5 6 7 
5 4 9 6 7 
5 9 4 6 7 
9 5 4 6 7 
9 4 5 6 7 

1834 7202249481153102887 6 6
3 5 10 9 8 1 
3 10 5 9 8 1 
5 3 10 9 8 1 
5 10 3 9 8 1 
10 3 5 9 8 1 
10 5 3 9 8 1 

1266 3895734981893710113 2 6
1 4 5 10 7 6 
4 1 5 10 7 6 

157 15653426304844951015 6 5
2 3 4 0 7 
2 4 3 0 7 
3 2 4 0 7 
3 4 2 0 7 
4 2 3 0 7 
4 3 2 0 7 

407 6604847764179004411 2 6
2 4 0 7 8 1 
4 2 0 7 8 1 

948 17346163999987561741 2 6
5 7 4 2 8 9 
7 5 4 2 8 9 

1178 15476917387195100497 4 5
4 10 7 3 1 
4 10 3 7 1 
10 4 3 7 1 
10 4 7 3 1 

1305 12593852472169688758 2 5
0 3 4 10 8 
0 3 10 4 8 

3496 12371212334996106160 2 6
3 8 5 7 10 11 
8 3 5 7 10 11 

2387 185880758577276505 2 6
4 11 0 6 8 1 
11 4 0 6 8 1 

1432 852318033818440602 4 5
3 7 4 10 8 
3 7 10 4 8 
7 3 4 10 8 
7 3 10 4 8 

350 3768522800081854864 8 6
2 4 3 6 1 8 
2 4 6 3 1 8 
3 6 4 2 8 1 
3 6 2 4 8 1 
4 2 3 6 1 8 
4 2 6 3 1 8 
6 3 2 4 8 1 
6 3 4 2 8 1 

685 15217761884577431911 8 6
2 5 3 9 0 7 
2 5 9 3 0 7 
3 9 5 2 0 7 
3 9 2 5 0 7 
5 2 3 9 0 7 
5 2 9 3 0 7 
9 3 2 5 0 7 
9 3 5 2 0 7 

3091 18163425054610292623 2 5
0 1 4 10 11 
0 4 1 10 11 

440 852318033818440602 4 5
7 8 5 4 3 
7 8 4 5 3 
8 7 5 4 3 
8 7 4 5 3 

1549 13645085218199303101 4 5
0 3 9 2 10 
0 3 9 10 2 
0 9 3 2 10 
0 9 3 10 2 

3226 17346163999987561741 2 6
3 7 4 1 10 11 
7 3 4 1 10 11 

1008 5610631096340882136 8 6
4 5 6 7 8 9 
4 5 7 6 9 8 
4 5 8 9 6 7 
4 5 9 8 7 6 
5 4 6 7 8 9 
5 4 7 6 9 8 
5 4 8 9 6 7 
5 4 9 8 7 6 

1329 12593852472169688758 2 5
0 5 4 8 10 
0 5 8 4 10 

220 2439390951950820807 6 5
2 3 4 6 7 
2 4 3 6 7 
3 2 4 6 7 
3 4 2 6 7 
4 3 2 6 7 
4 2 3 6 7 

1202 17692198270054453466 4 5
5 7 1 4 10 
5 7 4 1 10 
7 5 4 1 10 
7 5 1 4 10 

93 8285550544909107253 6 5
2 3 4 0 6 
2 4 3 0 6 
3 2 4 0 6 
3 4 2 0 6 
4 2 3 0 6 
4 3 2 0 6 

634 9888572650096077306 2 6
4 5 6 3 9 1 
5 4 6 3 9 1 

1175 6604847764179004411 2 6
1 4 0 7 10 2 
4 1 0 7 10 2 

1716 9696183292496920526 8 6
4 9 5 7 10 2 
4 9 7 5 10 2 
5 7 4 9 10 2 
5 7 9 4 10 2 
7 5 4 9 10 2 
7 5 9 4 10 2 
9 4 5 7 10 2 
9 4 7 5 10 2 

1492 17850062248467779349 4 6
4 8 6 7 2 10 
4 8 7 6 2 10 
8 4 6 7 2 10 
8 4 7 6 2 10 

2601 13967495584906605377 8 5
3 9 5 11 0 
3 9 11 5 0 
5 11 9 3 0 
5 11 3 9 0 
9 3 5 11 0 
9 3 11 5 0 
11 5 3 9 0 
11 5 9 3 0 

437 10583185537291315203 2 6
4 8 5 2 0 7 
8 4 5 2 0 7 

31 664175736414921164 2 5
0 3 2 4 1 
0 3 4 2 1 

3331 14226951147164851013 4 5
0 10 11 1 8 
0 10 11 8 1 
0 11 10 8 1 
0 11 10 1 8 

1113 5461374753696856371 6 5
3 4 10 0 6 
3 10 4 0 6 
4 3 10 0 6 
4 10 3 0 6 
10 3 4 0 6 
10 4 3 0 6 

2136 16843014019913416440 24 4
3 4 6 11 
3 4 11 6 
3 6 4 11 
3 6 11 4 
3 11 6 4 
3 11 4 6 
4 3 6 11 
4 3 11 6 
4 6 3 11 
4 6 11 3 
4 11 6 3 
4 11 3 6 
6 4 3 11 
6 4 11 3 
6 3 4 11 
6 3 11 4 
6 11 3 4 
6 11 4 3 
11 4 6 3 
11 4 3 6 
11 6 4 3 
11 6 3 4 
11 3 6 4 
11 3 4 6 

358 3789797395801390717 12 5
2 5 6 1 8 
2 5 6 8 1 
2 6 5 1 8 
2 6 5 8 1 
5 2 6 1 8 
5 2 6 8 1 
5 6 2 1 8 
5 6 2 8 1 
6 2 5 1 8 
6 2 5 8 1 
6 5 2 1 8 
6 5 2 8 1 

61 664175736414921164 2 5
0 2 3 4 5 
0 2 4 3 5 

55 664175736414921164 2 5
0 5 4 1 2 
0 5 1 4 2 

2219 15217761884577431911 8 6
1 3 5 11 0 7 
1 3 11 5 0 7 
3 1 5 11 0 7 
3 1 11 5 0 7 
5 11 3 1 0 7 
5 11 1 3 0 7 
11 5 3 1 0 7 
11 5 1 3 0 7 

569 664175736414921164 2 5
0 9 4 5 3 
0 9 5 4 3 

2513 10293209991100499993 6 6
4 8 11 0 7 6 
4 11 8 0 7 6 
8 4 11 0 7 6 
8 11 4 0 7 6 
11 4 8 0 7 6 
11 8 4 0 7 6 

295 13645085218199303101 4 5
0 2 5 1 8 
0 2 5 8 1 
0 5 2 1 8 
0 5 2 8 1 

1066 16493867128980194667 24 4
1 3 5 10 
1 3 10 5 
1 5 3 10 
1 5 10 3 
1 10 5 3 
1 10 3 5 
3 1 5 10 
3 1 10 5 
3 5 1 10 
3 5 10 1 
3 10 5 1 
3 10 1 5 
5 3 1 10 
5 3 10 1 
5 1 3 10 
5 1 10 3 
5 10 1 3 
5 10 3 1 
10 3 5 1 
10 3 1 5 
10 5 3 1 
10 5 1 3 
10 1 5 3 
10 1 3 5 

812 2439390951950820807 6 5
2 3 5 8 9 
2 5 3 8 9 
3 2 5 8 9 
3 5 2 8 9 
5 3 2 8 9 
5 2 3 8 9 

624 16843014019913416440 24 4
4 5 6 9 
4 5 9 6 
4 6 5 9 
4 6 9 5 
4 9 6 5 
4 9 5 6 
5 4 6 9 
5 4 9 6 
5 6 4 9 
5 6 9 4 
5 9 6 4 
5 9 4 6 
6 5 4 9 
6 5 9 4 
6 4 5 9 
6 4 9 5 
6 9 4 5 
6 9 5 4 
9 5 6 4 
9 5 4 6 
9 6 5 4 
9 6 4 5 
9 4 6 5 
9 4 5 6 

1706 7454461789564251683 2 6
5 10 3 7 9 1 
10 5 3 7 9 1 

110 380262724330119809 8 5
1 3 2 5 6 
1 3 5 2 6 
2 5 3 1 6 
2 5 1 3 6 
3 1 2 5 6 
3 1 5 2 6 
5 2 3 1 6 
5 2 1 3 6 

29 11311692471758655814 6 4
0 2 3 4 
0 2 4 3 
0 3 2 4 
0 3 4 2 
0 4 3 2 
0 4 2 3 

1138 12090042794949843262 4 5
1 4 5 6 10 
1 4 6 5 10 
4 1 5 6 10 
4 1 6 5 10 

51 11311692471758655814 6 4
0 1 4 5 
0 1 5 4 
0 4 1 5 
0 4 5 1 
0 5 4 1 
0 5 1 4 

565 664175736414921164 2 5
0 5 4 9 2 
0 5 9 4 2 

1621 185880758577276505 2 6
4 9 0 6 10 2 
9 4 0 6 10 2 

1648 852318033818440602 4 5
4 9 6 5 10 
4 9 5 6 10 
9 4 6 5 10 
9 4 5 6 10 

1107 14034922122814792548 6 5
1 4 10 0 6 
1 10 4 0 6 
4 1 10 0 6 
4 10 1 0 6 
10 1 4 0 6 
10 4 1 0 6 

620 17692198270054453466 4 5
3 9 5 2 6 
3 9 2 5 6 
9 3 5 2 6 
9 3 2 5 6 

300 16493867128980194667 24 4
2 3 5 8 
2 3 8 5 
2 5 3 8 
2 5 8 3 
2 8 5 3 
2 8 3 5 
3 2 5 8 
3 2 8 5 
3 5 2 8 
3 5 8 2 
3 8 5 2 
3 8 2 5 
5 3 2 8 
5 3 8 2 
5 2 3 8 
5 2 8 3 
5 8 2 3 
5 8 3 2 
8 3 5 2 
8 3 2 5 
8 5 3 2 
8 5 2 3 
8 2 5 3 
8 2 3 5 

1382 10387641476482099336 4 6
5 6 1 8 2 10 
5 6 8 1 2 10 
6 5 1 8 2 10 
6 5 8 1 2 10 

476 3895734981893710113 2 6
2 4 3 8 7 6 
4 2 3 8 7 6 

1585 374517227452220923 2 5
0 5 4 9 10 
0 5 9 4 10 

557 13967495584906605377 8 5
2 5 3 9 0 
2 5 9 3 0 
3 9 5 2 0 
3 9 2 5 0 
5 2 3 9 0 
5 2 9 3 0 
9 3 2 5 0 
9 3 5 2 0 

2589 3928663519459618005 2 6
0 3 4 9 2 11 
0 3 4 9 11 2 

371 1503253175656321687 2 6
4 5 0 6 1 8 
5 4 0 6 1 8 

114 16493867128980194667 24 4
1 4 5 6 
1 4 6 5 
1 5 4 6 
1 5 6 4 
1 6 5 4 
1 6 4 5 
4 1 5 6 
4 1 6 5 
4 5 1 6 
4 5 6 1 
4 6 5 1 
4 6 1 5 
5 4 1 6 
5 4 6 1 
5 1 4 6 
5 1 6 4 
5 6 1 4 
5 6 4 1 
6 4 5 1 
6 4 1 5 
6 5 4 1 
6 5 1 4 
6 1 5 4 
6 1 4 5 

628 15476917387195100497 4 5
5 6 4 9 2 
5 6 9 4 2 
6 5 4 9 2 
6 5 9 4 2 

2650 6246119687339142347 4 6
3 6 4 11 9 1 
3 6 11 4 9 1 
6 3 4 11 9 1 
6 3 11 4 9 1 

432 16843014019913416440 24 4
4 5 7 8 
4 5 8 7 
4 7 5 8 
4 7 8 5 
4 8 7 5 
4 8 5 7 
5 4 7 8 
5 4 8 7 
5 7 4 8 
5 7 8 4 
5 8 7 4 
5 8 4 7 
7 5 4 8 
7 5 8 4 
7 4 5 8 
7 4 8 5 
7 8 4 5 
7 8 5 4 
8 5 7 4 
8 5 4 7 
8 7 5 4 
8 7 4 5 
8 4 7 5 
8 4 5 7 

689 15653426304844951015 6 5
4 5 9 0 7 
4 9 5 0 7 
5 4 9 0 7 
5 9 4 0 7 
9 4 5 0 7 
9 5 4 0 7 

2339 13645085218199303101 4 5
0 5 11 8 1 
0 5 11 1 8 
0 11 5 8 1 
0 11 5 1 8 

1230 5646035700569632052 4 6
1 3 2 10 6 7 
1 3 10 2 6 7 
3 1 2 10 6 7 
3 1 10 2 6 7 

3288 5610631096340882136 8 6
3 4 6 7 10 11 
3 4 7 6 11 10 
3 4 10 11 6 7 
3 4 11 10 7 6 
4 3 6 7 10 11 
4 3 7 6 11 10 
4 3 10 11 6 7 
4 3 11 10 7 6 

1070 12786866701162581528 6 5
1 3 5 10 2 
1 5 3 10 2 
3 1 5 10 2 
3 5 1 10 2 
5 3 1 10 2 
5 1 3 10 2 

2609 664175736414921164 2 5
0 5 4 9 11 
0 5 9 4 11 

1067 5525208411259477938 4 5
1 3 5 10 0 
1 3 10 5 0 
3 1 5 10 0 
3 1 10 5 0 

2329 374517227452220923 2 5
0 3 4 11 8 
0 3 11 4 8 

111 8068377868725453075 8 6
1 3 2 5 0 6 
1 3 5 2 0 6 
2 5 3 1 0 6 
2 5 1 3 0 6 
3 1 2 5 0 6 
3 1 5 2 0 6 
5 2 1 3 0 6 
5 2 3 1 0 6 

625 9609409361058117941 6 5
4 5 9 0 6 
4 9 5 0 6 
5 4 9 0 6 
5 9 4 0 6 
9 4 5 0 6 
9 5 4 0 6 

1576 16843014019913416440 24 4
3 5 9 10 
3 5 10 9 
3 9 5 10 
3 9 10 5 
3 10 9 5 
3 10 5 9 
5 3 9 10 
5 3 10 9 
5 9 3 10 
5 9 10 3 
5 10 9 3 
5 10 3 9 
9 5 3 10 
9 5 10 3 
9 3 5 10 
9 3 10 5 
9 10 3 5 
9 10 5 3 
10 5 9 3 
10 5 3 9 
10 9 5 3 
10 9 3 5 
10 3 9 5 
10 3 5 9 

805 11823525391913838115 4 5
0 2 5 8 9 
0 2 5 9 8 
0 5 2 8 9 
0 5 2 9 8 

868 5573958986186089707 12 5
2 5 6 8 9 
2 5 6 9 8 
2 6 5 8 9 
2 6 5 9 8 
5 2 6 8 9 
5 2 6 9 8 
5 6 2 8 9 
5 6 2 9 8 
6 5 2 8 9 
6 5 2 9 8 
6 2 5 8 9 
6 2 5 9 8 

2162 16272028447959098298 4 5
5 6 1 4 11 
5 6 4 1 11 
6 5 4 1 11 
6 5 1 4 11 

1053 4104382227020407696 2 5
0 3 4 2 10 
0 4 3 2 10 

1594 9888572650096077306 2 6
3 5 10 4 9 1 
5 3 10 4 9 1 

1180 1031511967050065677 6 5
3 4 7 10 2 
3 7 4 10 2 
4 3 7 10 2 
4 7 3 10 2 
7 3 4 10 2 
7 4 3 10 2 

2075 664175736414921164 2 5
0 3 4 11 1 
0 3 11 4 1 

1047 14795686909076018073 2 5
0 1 4 10 2 
0 4 1 10 2 

1561 8264097564359119393 2 5
0 3 4 10 9 
0 3 10 4 9 

1081 12593852472169688758 2 5
0 10 4 3 5 
0 10 3 4 5 

2163 4419934490238680150 2 6
1 4 5 11 0 6 
4 1 5 11 0 6 

1420 9508408847464364197 12 5
3 7 8 2 10 
3 7 8 10 2 
3 8 7 2 10 
3 8 7 10 2 
7 3 8 2 10 
7 3 8 10 2 
7 8 3 2 10 
7 8 3 10 2 
8 3 7 2 10 
8 3 7 10 2 
8 7 3 2 10 
8 7 3 10 2 

311 11896637036301447194 1 6
0 5 4 2 1 8 

1393 7252031408551241653 2 6
4 8 5 10 0 6 
8 4 5 10 0 6 

2392 852318033818440602 4 5
4 11 6 3 8 
4 11 3 6 8 
11 4 6 3 8 
11 4 3 6 8 

125 1334233113274633272 2 6
3 4 2 5 0 6 
4 3 2 5 0 6 

2343 7624362003161218244 4 6
0 5 1 8 2 11 
0 5 1 8 11 2 
0 5 8 1 2 11 
0 5 8 1 11 2 

1234 5573958986186089707 12 5
1 4 10 7 6 
1 4 10 6 7 
1 10 4 7 6 
1 10 4 6 7 
4 1 10 7 6 
4 1 10 6 7 
4 10 1 7 6 
4 10 1 6 7 
10 4 1 7 6 
10 4 1 6 7 
10 1 4 7 6 
10 1 4 6 7 

693 11944747361206296284 2 6
4 9 5 2 0 7 
9 4 5 2 0 7 

1452 5297410737274776732 2 6
3 8 5 7 10 2 
8 3 5 7 10 2 

343 7575926246408878334 2 6
2 4 0 6 8 1 
4 2 0 6 8 1 

884 6590687090933055534 2 6
5 6 4 2 9 8 
6 5 4 2 9 8 

1114 380262724330119809 8 5
3 6 4 10 1 
3 6 10 4 1 
4 10 6 3 1 
4 10 3 6 1 
6 3 4 10 1 
6 3 10 4 1 
10 4 3 6 1 
10 4 6 3 1 

573 4776129581723900694 4 6
0 2 9 5 3 4 
0 3 5 9 2 4 
0 5 3 2 9 4 
0 9 2 3 5 4 

2912 9427258437046237397 12 5
5 6 11 9 8 
5 6 11 8 9 
5 11 6 9 8 
5 11 6 8 9 
6 5 11 9 8 
6 5 11 8 9 
6 11 5 9 8 
6 11 5 8 9 
11 6 5 9 8 
11 6 5 8 9 
11 5 6 9 8 
11 5 6 8 9 

748 15596753181347747476 4 6
3 9 5 2 6 7 
3 9 2 5 6 7 
9 3 5 2 6 7 
9 3 2 5 6 7 

1578 17498980938774220750 6 5
3 5 10 9 1 
3 10 5 9 1 
5 3 10 9 1 
5 10 3 9 1 
10 3 5 9 1 
10 5 3 9 1 

469 1154591213966599063 6 6
2 4 8 0 7 6 
2 8 4 0 7 6 
4 2 8 0 7 6 
4 8 2 0 7 6 
8 2 4 0 7 6 
8 4 2 0 7 6 

442 4122801265634653325 2 6
4 5 7 3 8 1 
5 4 7 3 8 1 

1551 7624362003161218244 4 6
0 3 2 10 9 1 
0 3 2 10 1 9 
0 3 10 2 9 1 
0 3 10 2 1 9 

1116 12786866701162581528 6 5
3 4 6 2 10 
3 6 4 2 10 
4 3 6 2 10 
4 6 3 2 10 
6 3 4 2 10 
6 4 3 2 10 

238 9722979461760547237 8 6
1 3 2 5 6 7 
1 3 5 2 6 7 
2 5 3 1 6 7 
2 5 1 3 6 7 
3 1 2 5 6 7 
3 1 5 2 6 7 
5 2 3 1 6 7 
5 2 1 3 6 7 

2456 12729916853582679963 8 5
3 7 4 11 8 
3 7 11 4 8 
4 11 7 3 8 
4 11 3 7 8 
7 3 4 11 8 
7 3 11 4 8 
11 4 7 3 8 
11 4 3 7 8 

1369 7252031408551241653 2 6
4 10 3 8 0 6 
10 4 3 8 0 6 

2451 17731464564693914406 2 6
4 11 0 7 8 1 
11 4 0 7 8 1 

3114 2439390951950820807 6 5
1 3 5 10 11 
1 5 3 10 11 
3 1 5 10 11 
3 5 1 10 11 
5 3 1 10 11 
5 1 3 10 11 

414 718765721817174227 4 6
3 7 4 2 8 1 
3 7 2 4 8 1 
7 3 2 4 8 1 
7 3 4 2 8 1 

2605 6415484716801378774 4 6
3 9 5 0 2 11 
3 9 5 0 11 2 
9 3 5 0 2 11 
9 3 5 0 11 2 

1496 228510844930607347 2 6
4 10 3 8 7 6 
10 4 3 8 7 6 

3660 16619861267869245142 6 6
3 6 9 10 11 2 
3 9 6 10 11 2 
6 3 9 10 11 2 
6 9 3 10 11 2 
9 3 6 10 11 2 
9 6 3 10 11 2 

1442 9508408847464364197 12 5
5 7 10 8 1 
5 7 10 1 8 
5 10 7 8 1 
5 10 7 1 8 
7 5 10 8 1 
7 5 10 1 8 
7 10 5 8 1 
7 10 5 1 8 
10 5 7 8 1 
10 5 7 1 8 
10 7 5 8 1 
10 7 5 1 8 

492 561839936952577197 4 6
3 8 5 2 7 6 
3 8 2 5 7 6 
8 3 5 2 7 6 
8 3 2 5 7 6 

497 13730542811270005310 6 6
4 5 8 0 7 6 
4 8 5 0 7 6 
5 4 8 0 7 6 
5 8 4 0 7 6 
8 4 5 0 7 6 
8 5 4 0 7 6 

470 17850062248467779349 4 6
2 4 6 7 8 1 
2 4 7 6 8 1 
4 2 6 7 8 1 
4 2 7 6 8 1 

1579 8872881745763566999 2 6
5 10 3 0 9 1 
10 5 3 0 9 1 

1613 2854402676748479716 4 6
3 9 2 10 0 6 
3 9 10 2 0 6 
9 3 2 10 0 6 
9 3 10 2 0 6 

504 228510844930607347 2 6
4 5 8 3 7 6 
5 4 8 3 7 6 

1652 2233914167423949197 4 6
4 9 5 6 10 2 
4 9 6 5 10 2 
9 4 5 6 10 2 
9 4 6 5 10 2 

543 18345114446371910486 4 6
0 3 2 4 1 9 
0 3 2 4 9 1 
0 3 4 2 1 9 
0 3 4 2 9 1 

3843 7312793931716527072 2 6
0 10 11 8 9 1 
0 11 10 8 9 1 

1625 5841634600703285934 2 6
4 10 3 9 0 6 
10 4 3 9 0 6 

2166 8762293650627267097 4 6
5 6 4 1 11 2 
5 6 1 4 11 2 
6 5 4 1 11 2 
6 5 1 4 11 2 

559 6415484716801378774 4 6
2 5 3 0 1 9 
2 5 3 0 9 1 
5 2 3 0 1 9 
5 2 3 0 9 1 

1641 17905052751253323495 4 6
3 9 5 10 0 6 
3 9 10 5 0 6 
9 3 5 10 0 6 
9 3 10 5 0 6 

567 3928663519459618005 2 6
0 5 4 2 1 9 
0 5 4 2 9 1 

1649 1244990723641537753 2 6
4 9 5 10 0 6 
9 4 5 10 0 6 

571 10258792257132434567 4 6
4 5 0 3 1 9 
4 5 0 3 9 1 
5 4 0 3 1 9 
5 4 0 3 9 1 

1714 14369924367906675065 2 6
5 7 4 10 9 1 
7 5 4 10 9 1 

605 4419934490238680150 2 6
2 4 3 9 0 6 
4 2 3 9 0 6 

1146 14498150133182066701 4 6
1 3 4 6 10 5 
1 4 3 10 6 5 
1 6 10 3 4 5 
1 10 6 4 3 5 

621 14054044329901801685 4 6
3 9 5 2 0 6 
3 9 2 5 0 6 
9 3 2 5 0 6 
9 3 5 2 0 6 

627 5390320677505775296 2 6
4 5 0 6 9 1 
5 4 0 6 9 1 

629 16080768595751491892 2 6
4 9 5 2 0 6 
9 4 5 2 0 6 

691 8154800374747979077 4 6
4 5 0 7 1 9 
4 5 0 7 9 1 
5 4 0 7 1 9 
5 4 0 7 9 1 

697 11944747361206296284 2 6
4 5 9 3 0 7 
5 4 9 3 0 7 

2347 2303721535913387343 2 6
5 11 3 0 1 8 
11 5 3 0 1 8 

1238 17850062248467779349 4 6
1 4 6 7 10 2 
1 4 7 6 10 2 
4 1 6 7 10 2 
4 1 7 6 10 2 

754 9922455802016797330 2 6
4 5 6 7 9 1 
5 4 6 7 9 1 

1295 14014348978442207933 2 6
0 3 2 10 1 8 
0 3 10 2 1 8 

1836 8517103059756136316 2 6
3 5 9 8 10 2 
5 3 9 8 10 2 

1841 3774195623115560460 1 6
0 5 4 10 9 8 

732 4883031282816119501 2 6
2 4 3 9 6 7 
4 2 3 9 6 7 

3464 9427258437046237397 12 5
3 7 8 10 11 
3 7 8 11 10 
3 8 7 10 11 
3 8 7 11 10 
7 3 8 10 11 
7 3 8 11 10 
7 8 3 10 11 
7 8 3 11 10 
8 7 3 10 11 
8 7 3 11 10 
8 3 7 10 11 
8 3 7 11 10 

2355 16909532664747127941 1 6
0 5 4 11 1 8 

756 17346163999987561741 2 6
4 9 5 2 6 7 
9 4 5 2 6 7 

753 9545818815247247060 6 6
4 5 9 0 7 6 
4 9 5 0 7 6 
5 4 9 0 7 6 
5 9 4 0 7 6 
9 4 5 0 7 6 
9 5 4 0 7 6 

797 3989110248504733515 2 6
0 3 2 4 9 8 
0 3 4 2 9 8 

1338 13008496260309061241 2 6
3 5 10 4 1 8 
5 3 10 4 1 8 

2420 4883030963355294027 8 6
4 8 5 6 11 2 
4 8 6 5 11 2 
5 6 4 8 11 2 
5 6 8 4 11 2 
6 5 4 8 11 2 
6 5 8 4 11 2 
8 4 5 6 11 2 
8 4 6 5 11 2 

807 10866810496797204609 2 6
0 2 5 8 9 1 
0 5 2 8 9 1 

1889 11291979440481677419 4 6
5 10 8 9 0 6 
5 10 9 8 0 6 
10 5 8 9 0 6 
10 5 9 8 0 6 

819 3327221171610979706 2 6
0 4 5 9 1 8 
0 5 4 9 1 8 

813 9376552546463969225 2 6
2 5 3 0 9 8 
5 2 3 0 9 8 

814 2228600569029354724 6 6
2 3 5 8 9 1 
2 5 3 8 9 1 
3 2 5 8 9 1 
3 5 2 8 9 1 
5 2 3 8 9 1 
5 3 2 8 9 1 

1896 228510844930607347 2 6
5 10 3 6 9 8 
10 5 3 6 9 8 

821 18218324053827413310 1 6
0 5 4 2 9 8 

825 7342077020236773477 2 6
4 5 0 3 9 8 
5 4 0 3 9 8 

853 14991588691480950243 2 6
2 4 0 6 8 9 
4 2 0 6 8 9 

285 17269126778635331362 2 5
0 3 2 4 8 
0 3 4 2 8 

1394 13008496260309061241 2 6
5 6 4 10 1 8 
6 5 4 10 1 8 

860 561839936952577197 4 6
3 6 4 2 9 8 
3 6 2 4 9 8 
6 3 4 2 9 8 
6 3 2 4 9 8 

3087 10866810496797204609 2 6
0 1 3 10 11 2 
0 3 1 10 11 2 

869 15342241116772421366 4 6
2 5 8 9 0 6 
2 5 9 8 0 6 
5 2 8 9 0 6 
5 2 9 8 0 6 

876 3895734981893710113 2 6
2 5 3 6 9 8 
5 2 3 6 9 8 

3099 18218324053827413310 1 6
0 3 4 1 11 10 

881 1286124567632809864 2 6
4 5 0 6 9 8 
5 4 0 6 9 8 

3640 228510844930607347 2 6
3 5 9 4 10 11 
5 3 9 4 10 11 

313 12593852472169688758 2 5
0 8 4 5 3 
0 8 5 4 3 

1422 16549749828247609268 4 6
3 7 2 10 8 1 
3 7 10 2 8 1 
7 3 2 10 8 1 
7 3 10 2 8 1 

924 15596753181347747476 4 6
3 7 4 2 8 9 
3 7 2 4 8 9 
7 3 4 2 8 9 
7 3 2 4 8 9 

917 16366828338633442144 2 6
2 4 0 7 8 9 
4 2 0 7 8 9 

349 421477689551071062 2 6
2 4 3 8 0 6 
4 2 3 8 0 6 

1458 6025244276894737505 2 6
5 7 4 10 8 1 
7 5 4 10 8 1 

940 4883031282816119501 2 6
2 5 3 7 8 9 
5 2 3 7 8 9 

945 882676202639253357 2 6
4 5 0 7 9 8 
5 4 0 7 9 8 

952 228510844930607347 2 6
4 5 7 3 8 9 
5 4 7 3 8 9 

980 1943110729160799581 4 6
2 4 6 7 8 9 
2 4 7 6 8 9 
4 2 6 7 8 9 
4 2 7 6 8 9 

1079 8567017167932274801 2 6
0 5 4 1 2 10 
0 5 1 4 2 10 

1103 5190504806263114440 4 6
1 3 2 10 0 6 
1 3 10 2 0 6 
3 1 2 10 0 6 
3 1 10 2 0 6 

1644 6025244276894737505 2 6
3 9 5 6 10 2 
9 3 5 6 10 2 

1085 6617719746405921369 2 6
3 4 0 5 2 10 
4 3 0 5 2 10 

1626 4883030963355294027 8 6
3 6 4 10 9 1 
3 6 10 4 9 1 
4 10 6 3 9 1 
4 10 3 6 9 1 
6 3 4 10 9 1 
6 3 10 4 9 1 
10 4 3 6 9 1 
10 4 6 3 9 1 

2227 11944747361206296284 2 6
1 4 5 11 0 7 
4 1 5 11 0 7 

1118 12216236925529264147 2 6
3 6 4 1 10 2 
6 3 4 1 10 2 

1115 7094172301627771613 2 6
4 10 3 1 0 6 
10 4 3 1 0 6 

1656 1824805582785272451 4 6
9 4 3 10 6 5 
9 6 10 3 4 5 
9 3 4 6 10 5 
9 10 6 4 3 5 

3335 7260611452834519425 2 6
0 1 8 10 11 2 
0 8 1 10 11 2 

1117 1503253175656321687 2 6
3 4 0 6 2 10 
4 3 0 6 2 10 

1134 12216236925529264147 2 6
1 3 5 6 2 10 
3 1 5 6 2 10 

3349 8306711571628244483 2 6
0 4 8 11 10 2 
0 8 4 11 10 2 

1131 4811061870291747178 4 6
1 3 5 10 0 6 
1 3 10 5 0 6 
3 1 5 10 0 6 
3 1 10 5 0 6 

1139 421477689551071062 2 6
1 4 5 10 0 6 
4 1 5 10 0 6 

1142 3768522800081854864 8 6
1 4 5 6 2 10 
1 4 6 5 2 10 
4 1 5 6 2 10 
4 1 6 5 2 10 
5 6 4 1 10 2 
5 6 1 4 10 2 
6 5 4 1 10 2 
6 5 1 4 10 2 

2792 12734346366657545445 8 6
3 9 5 11 6 7 
3 9 11 5 6 7 
5 11 9 3 6 7 
5 11 3 9 6 7 
9 3 5 11 6 7 
9 3 11 5 6 7 
11 5 9 3 6 7 
11 5 3 9 6 7 

1683 2823271083572062714 2 6
4 10 0 7 9 1 
10 4 0 7 9 1 

1148 13008496260309061241 2 6
3 4 6 5 2 10 
4 3 6 5 2 10 

1689 8251360394433141114 2 6
4 10 3 9 0 7 
10 4 3 9 0 7 

1179 10583185537291315203 2 6
4 10 3 1 0 7 
10 4 3 1 0 7 

1720 1824805582785272451 4 6
10 4 5 9 7 3 
10 5 4 7 9 3 
10 7 9 5 4 3 
10 9 7 4 5 3 

3416 228510844930607347 2 6
3 6 4 8 11 10 
6 3 4 8 11 10 

1198 3838802720496618203 2 6
1 3 5 7 10 2 
3 1 5 7 10 2 

1195 12106030633697921406 4 6
1 3 5 10 0 7 
1 3 10 5 0 7 
3 1 5 10 0 7 
3 1 10 5 0 7 

2321 6502632244296645711 6 4
0 4 8 11 
0 4 11 8 
0 8 4 11 
0 8 11 4 
0 11 8 4 
0 11 4 8 

1212 4122801265634653325 2 6
3 4 7 5 10 2 
4 3 7 5 10 2 

1209 11093628196382049303 2 6
3 4 10 5 0 7 
4 3 10 5 0 7 

1242 6590687090933055534 2 6
4 10 3 1 7 6 
10 4 3 1 7 6 

126 14498150133182066701 4 6
6 2 1 5 3 4 
6 3 5 1 2 4 
6 5 3 2 1 4 
6 1 2 3 5 4 

2344 16843014019913416440 24 4
3 5 8 11 
3 5 11 8 
3 8 5 11 
3 8 11 5 
3 11 8 5 
3 11 5 8 
5 3 8 11 
5 3 11 8 
5 8 3 11 
5 8 11 3 
5 11 8 3 
5 11 3 8 
8 5 3 11 
8 5 11 3 
8 3 5 11 
8 3 11 5 
8 11 3 5 
8 11 5 3 
11 5 8 3 
11 5 3 8 
11 8 5 3 
11 8 3 5 
11 3 8 5 
11 3 5 8 

1235 1154591213966599063 6 6
1 4 10 0 7 6 
1 10 4 0 7 6 
4 1 10 0 7 6 
4 10 1 0 7 6 
10 1 4 0 7 6 
10 4 1 0 7 6 

1776 12371212334996106160 2 6
4 9 5 10 7 6 
9 4 5 10 7 6 

2353 8264097564359119393 2 5
0 5 4 8 11 
0 5 8 4 11 

1244 8517103059756136316 2 6
3 4 7 6 10 2 
4 3 7 6 10 2 

1258 561839936952577197 4 6
5 10 1 3 7 6 
5 10 3 1 7 6 
10 5 3 1 7 6 
10 5 1 3 7 6 

1799 7260611452834519425 2 6
0 2 10 8 9 1 
0 10 2 8 9 1 

3490 2193097090793837086 4 6
5 7 1 8 10 11 
5 7 8 1 10 11 
7 5 1 8 10 11 
7 5 8 1 10 11 

1272 228510844930607347 2 6
3 4 10 5 7 6 
4 3 10 5 7 6 

1813 1574579319940294443 1 6
0 4 9 8 10 2 

2416 12729916853582679963 8 5
4 8 6 5 11 
4 8 5 6 11 
5 6 4 8 11 
5 6 8 4 11 
6 5 4 8 11 
6 5 8 4 11 
8 4 6 5 11 
8 4 5 6 11 

1307 11117279723462092457 2 6
0 3 4 10 1 8 
0 3 10 4 1 8 

1848 228510844930607347 2 6
3 5 10 4 9 8 
5 3 10 4 9 8 

2389 4501346429850041077 2 6
4 8 0 6 11 2 
8 4 0 6 11 2 

1319 14014348978442207933 2 6
0 5 1 8 2 10 
0 5 8 1 2 10 

1323 9745140832796331933 2 6
5 10 3 0 1 8 
10 5 3 0 1 8 

222 4944312786283715841 2 6
2 4 3 1 6 7 
4 2 3 1 6 7 

1331 2558627615971354005 1 6
0 5 4 10 1 8 

1333 11117279723462092457 2 6
0 5 4 8 2 10 
0 5 8 4 2 10 

2449 4632301575580520879 6 5
4 8 11 0 7 
4 11 8 0 7 
8 4 11 0 7 
8 11 4 0 7 
11 4 8 0 7 
11 8 4 0 7 

1340 13008496260309061241 2 6
3 5 8 4 2 10 
5 3 8 4 2 10 

2460 14369924367906675065 2 6
3 7 4 8 11 2 
7 3 4 8 11 2 

242 2439390951950820807 6 5
1 4 5 6 7 
1 5 4 6 7 
4 1 5 6 7 
4 5 1 6 7 
5 4 1 6 7 
5 1 4 6 7 

1351 10263375628347759971 8 6
0 6 2 10 8 1 
0 6 2 10 1 8 
0 6 1 8 2 10 
0 6 1 8 10 2 
0 6 8 1 2 10 
0 6 8 1 10 2 
0 6 10 2 8 1 
0 6 10 2 1 8 

1892 17850062248467779349 4 6
5 6 8 9 2 10 
5 6 9 8 2 10 
6 5 8 9 2 10 
6 5 9 8 2 10 

1337 4349051473326772119 4 6
0 3 5 8 10 4 
0 5 3 10 8 4 
0 8 10 3 5 4 
0 10 8 5 3 4 

2472 852318033818440602 4 5
3 8 5 11 7 
3 8 11 5 7 
8 3 5 11 7 
8 3 11 5 7 

1363 7575926246408878334 2 6
4 10 0 6 1 8 
10 4 0 6 1 8 

1904 228510844930607347 2 6
5 6 4 10 9 8 
6 5 4 10 9 8 

1357 14767469976261048983 4 6
3 8 2 10 0 6 
3 8 10 2 0 6 
8 3 2 10 0 6 
8 3 10 2 0 6 

2474 4122801265634653325 2 6
5 11 3 7 8 1 
11 5 3 7 8 1 

1365 7575926246408878334 2 6
4 8 0 6 2 10 
8 4 0 6 2 10 

2481 8251360394433141114 2 6
4 8 5 11 0 7 
8 4 5 11 0 7 

1372 13008496260309061241 2 6
3 6 4 8 2 10 
6 3 4 8 2 10 

1370 11772344889860055754 8 6
3 6 4 10 1 8 
3 6 10 4 1 8 
4 10 6 3 1 8 
4 10 3 6 1 8 
6 3 4 10 1 8 
6 3 10 4 1 8 
10 4 3 6 1 8 
10 4 6 3 1 8 

279 14795686909076018073 2 5
0 2 4 8 1 
0 4 2 8 1 

1388 13008496260309061241 2 6
3 8 5 6 2 10 
8 3 5 6 2 10 

277 8623097159091425658 6 4
0 2 4 8 
0 2 8 4 
0 4 2 8 
0 4 8 2 
0 8 4 2 
0 8 2 4 

1386 13008496260309061241 2 6
5 10 3 6 1 8 
10 5 3 6 1 8 

3597 10866810496797204609 2 6
0 3 9 10 11 2 
0 9 3 10 11 2 

2488 1824805582785272451 4 6
8 4 3 11 7 5 
8 7 11 3 4 5 
8 3 4 7 11 5 
8 11 7 4 3 5 

1379 14767469976261048983 4 6
5 10 8 1 0 6 
5 10 1 8 0 6 
10 5 1 8 0 6 
10 5 8 1 0 6 

3633 13022732614101927636 2 6
0 5 4 9 11 10 
0 5 9 4 11 10 

1415 4651534499220480373 8 6
0 7 2 10 8 1 
0 7 2 10 1 8 
0 7 1 8 2 10 
0 7 1 8 10 2 
0 7 8 1 2 10 
0 7 8 1 10 2 
0 7 10 2 8 1 
0 7 10 2 1 8 

1956 10646481241042548423 4 6
5 7 8 9 10 2 
5 7 9 8 10 2 
7 5 8 9 10 2 
7 5 9 8 10 2 

287 8567017167932274801 2 6
0 3 2 4 1 8 
0 3 4 2 1 8 

1396 11772344889860055754 8 6
4 8 5 6 2 10 
4 8 6 5 2 10 
5 6 4 8 2 10 
5 6 8 4 2 10 
6 5 4 8 2 10 
6 5 8 4 2 10 
8 4 5 6 2 10 
8 4 6 5 2 10 

828 4944312786283715841 2 6
3 5 2 4 8 9 
5 3 2 4 8 9 

1937 4759094215550550572 2 6
4 10 0 7 9 8 
10 4 0 7 9 8 

2536 4769614433547241235 8 6
3 8 5 11 6 7 
3 8 11 5 6 7 
5 11 8 3 7 6 
5 11 3 8 7 6 
8 3 5 11 6 7 
8 3 11 5 6 7 
11 5 8 3 7 6 
11 5 3 8 7 6 

318 13008496260309061241 2 6
3 5 2 4 8 1 
5 3 2 4 8 1 

1427 6604847764179004411 2 6
4 10 0 7 1 8 
10 4 0 7 1 8 

1968 12371212334996106160 2 6
5 7 4 10 9 8 
7 5 4 10 9 8 

1434 2233914167423949197 4 6
3 7 4 10 8 1 
3 7 10 4 8 1 
7 3 4 10 8 1 
7 3 10 4 8 1 

1436 6025244276894737505 2 6
3 7 4 8 10 2 
7 3 4 8 10 2 

1433 11093628196382049303 2 6
4 10 3 8 0 7 
10 4 3 8 0 7 

341 14034922122814792548 6 5
2 4 8 0 6 
2 8 4 0 6 
4 2 8 0 6 
4 8 2 0 6 
8 2 4 0 6 
8 4 2 0 6 

1450 5297410737274776732 2 6
5 10 3 7 8 1 
10 5 3 7 8 1 

1443 3998923969489975854 4 6
5 10 8 1 0 7 
5 10 1 8 0 7 
10 5 1 8 0 7 
10 5 8 1 0 7 

1449 11544807415393557969 8 6
3 8 5 10 0 7 
3 8 10 5 0 7 
5 10 8 3 0 7 
5 10 3 8 0 7 
8 3 5 10 0 7 
8 3 10 5 0 7 
10 5 3 8 0 7 
10 5 8 3 0 7 

348 12090042794949843262 4 5
2 4 3 6 8 
2 4 6 3 8 
4 2 3 6 8 
4 2 6 3 8 

1457 11093628196382049303 2 6
4 8 5 10 0 7 
8 4 5 10 0 7 

1464 1824805582785272451 4 6
7 5 3 10 8 4 
7 3 5 8 10 4 
7 8 10 3 5 4 
7 10 8 5 3 4 

1484 2193097090793837086 4 6
3 8 2 10 7 6 
3 8 10 2 7 6 
8 3 2 10 7 6 
8 3 10 2 7 6 

1490 17850062248467779349 4 6
4 10 6 7 1 8 
4 10 7 6 1 8 
10 4 6 7 1 8 
10 4 7 6 1 8 

3696 4769614433547241235 8 6
4 9 6 5 11 10 
4 9 5 6 11 10 
5 6 4 9 10 11 
5 6 9 4 10 11 
6 5 4 9 10 11 
6 5 9 4 10 11 
9 4 6 5 11 10 
9 4 5 6 11 10 

2587 18345114446371910486 4 6
0 3 4 11 9 1 
0 3 4 11 1 9 
0 3 11 4 9 1 
0 3 11 4 1 9 

369 5461374753696856371 6 5
4 5 8 0 6 
4 8 5 0 6 
5 4 8 0 6 
5 8 4 0 6 
8 4 5 0 6 
8 5 4 0 6 

1478 6234689984292782995 16 6
6 7 1 8 2 10 
6 7 1 8 10 2 
6 7 2 10 8 1 
6 7 2 10 1 8 
6 7 8 1 2 10 
6 7 8 1 10 2 
6 7 10 2 8 1 
6 7 10 2 1 8 
7 6 2 10 8 1 
7 6 2 10 1 8 
7 6 1 8 2 10 
7 6 1 8 10 2 
7 6 8 1 2 10 
7 6 8 1 10 2 
7 6 10 2 8 1 
7 6 10 2 1 8 

1506 2193097090793837086 4 6
5 10 8 1 7 6 
5 10 1 8 7 6 
10 5 8 1 7 6 
10 5 1 8 7 6 

2668 14369924367906675065 2 6
3 9 5 6 11 2 
9 3 5 6 11 2 

1559 17753006485950265023 1 6
0 4 10 2 9 1 

2672 852318033818440602 4 5
5 6 4 9 11 
5 6 9 4 11 
6 5 4 9 11 
6 5 9 4 11 

1563 10665800609638274444 2 6
0 3 4 10 9 1 
0 3 10 4 9 1 

2674 7454461789564251683 2 6
5 6 4 11 9 1 
6 5 4 11 9 1 

1565 16909532664747127941 1 6
0 3 4 9 2 10 

1587 9603349714016221533 1 6
0 5 4 10 9 1 

1589 10205134799724088474 2 6
0 5 4 9 2 10 
0 5 9 4 2 10 

1581 2303721535913387343 2 6
3 9 5 0 2 10 
9 3 5 0 2 10 

1593 1971400291496473621 1 6
0 9 10 3 5 4 

1614 17904701270138616053 4 6
3 6 2 10 9 1 
3 6 10 2 9 1 
6 3 2 10 9 1 
6 3 10 2 9 1 

2155 14054044329901801685 4 6
5 11 3 1 0 6 
5 11 1 3 0 6 
11 5 3 1 0 6 
11 5 1 3 0 6 

1619 4501346429850041077 2 6
4 10 0 6 9 1 
10 4 0 6 9 1 

1642 9888572650096077306 2 6
5 10 3 6 9 1 
10 5 3 6 9 1 

2737 11944747361206296284 2 6
4 9 5 11 0 7 
9 4 5 11 0 7 

1628 5297410737274776732 2 6
3 6 4 9 10 2 
6 3 4 9 10 2 

2169 3048011327434985100 2 6
3 4 11 5 0 6 
4 3 11 5 0 6 

541 664175736414921164 2 5
0 3 2 4 9 
0 3 4 2 9 

1650 9888572650096077306 2 6
5 6 4 10 9 1 
6 5 4 10 9 1 

1685 17731464564693914406 2 6
4 9 0 7 10 2 
9 4 0 7 10 2 

1690 6246119687339142347 4 6
4 10 7 3 9 1 
4 10 3 7 9 1 
10 4 3 7 9 1 
10 4 7 3 9 1 

1692 4122801265634653325 2 6
3 7 4 9 10 2 
7 3 4 9 10 2 

2233 11944747361206296284 2 6
3 4 11 5 0 7 
4 3 11 5 0 7 

604 16272028447959098298 4 5
3 6 4 2 9 
3 6 2 4 9 
6 3 4 2 9 
6 3 2 4 9 

1713 6752676924453632999 2 6
4 9 5 10 0 7 
9 4 5 10 0 7 

1705 3749264510105120316 4 6
3 9 5 10 0 7 
3 9 10 5 0 7 
9 3 5 10 0 7 
9 3 10 5 0 7 

2849 11823525391913838115 4 5
0 5 11 9 8 
0 5 11 8 9 
0 11 5 9 8 
0 11 5 8 9 

1740 2193097090793837086 4 6
3 9 2 10 6 7 
3 9 10 2 6 7 
9 3 2 10 6 7 
9 3 10 2 6 7 

1752 12371212334996106160 2 6
4 10 3 9 6 7 
10 4 3 9 6 7 

2920 12371212334996106160 2 6
5 11 3 6 9 8 
11 5 3 6 9 8 

1811 8306711571628244483 2 6
0 4 10 9 8 1 
0 10 4 9 8 1 

1768 4769614433547241235 8 6
3 9 5 10 7 6 
3 9 10 5 7 6 
5 10 9 3 6 7 
5 10 3 9 6 7 
9 3 5 10 7 6 
9 3 10 5 7 6 
10 5 9 3 6 7 
10 5 3 9 6 7 

1817 2778116110930364455 2 6
0 3 4 10 9 8 
0 3 10 4 9 8 

1827 16723129302374778752 2 6
0 5 10 8 9 1 
0 10 5 8 9 1 

1829 16205867201739386336 2 6
0 5 8 9 2 10 
0 5 9 8 2 10 

1833 5540564154157459835 2 6
5 10 3 0 9 8 
10 5 3 0 9 8 

2977 11669464214108144494 4 6
5 11 8 9 0 7 
5 11 9 8 0 7 
11 5 8 9 0 7 
11 5 9 8 0 7 

1868 2193097090793837086 4 6
3 6 2 10 9 8 
3 6 10 2 9 8 
6 3 2 10 9 8 
6 3 10 2 9 8 

2409 17905052751253323495 4 6
5 11 8 3 0 6 
5 11 3 8 0 6 
11 5 3 8 0 6 
11 5 8 3 0 6 

1880 12734346366657545445 8 6
3 6 4 10 9 8 
3 6 10 4 9 8 
4 10 6 3 9 8 
4 10 3 6 9 8 
6 3 4 10 9 8 
6 3 10 4 9 8 
10 4 6 3 9 8 
10 4 3 6 9 8 

1954 16619861267869245142 6 6
5 7 10 8 9 1 
5 10 7 8 9 1 
7 5 10 8 9 1 
7 10 5 8 9 1 
10 5 7 8 9 1 
10 7 5 8 9 1 

1944 4769614433547241235 8 6
3 7 4 10 9 8 
3 7 10 4 9 8 
4 10 7 3 8 9 
4 10 3 7 8 9 
7 3 4 10 9 8 
7 3 10 4 9 8 
10 4 7 3 8 9 
10 4 3 7 8 9 

1953 6866461022638124920 4 6
5 10 8 9 0 7 
5 10 9 8 0 7 
10 5 8 9 0 7 
10 5 9 8 0 7 

1960 12371212334996106160 2 6
5 10 3 7 8 9 
10 5 3 7 8 9 

2079 3928663519459618005 2 6
0 3 4 1 2 11 
0 3 4 1 11 2 

2016 488542594256355252 4 6
5 10 8 9 7 6 
5 10 9 8 7 6 
10 5 8 9 7 6 
10 5 9 8 7 6 

2095 6415484716801378774 4 6
1 3 5 0 2 11 
1 3 5 0 11 2 
3 1 5 0 2 11 
3 1 5 0 11 2 

2103 18345114446371910486 4 6
0 5 4 1 2 11 
0 5 4 1 11 2 
0 5 1 4 2 11 
0 5 1 4 11 2 

3250 15596753181347747476 4 6
5 7 1 4 10 11 
5 7 4 1 10 11 
7 5 4 1 10 11 
7 5 1 4 10 11 

2141 5390320677505775296 2 6
3 4 0 6 11 2 
4 3 0 6 11 2 

2139 16080768595751491892 2 6
4 11 3 1 0 6 
11 4 3 1 0 6 

2170 2226890699318929390 1 6
6 11 1 5 3 4 

2172 9888572650096077306 2 6
3 4 6 5 11 2 
4 3 6 5 11 2 

2203 11944747361206296284 2 6
4 11 3 1 0 7 
11 4 3 1 0 7 

2205 8154800374747979077 4 6
3 4 0 7 2 11 
3 4 0 7 11 2 
4 3 0 7 2 11 
4 3 0 7 11 2 

3377 2778116110930364455 2 6
0 5 4 8 11 10 
0 5 8 4 11 10 

2268 9922455802016797330 2 6
3 4 6 7 11 2 
4 3 6 7 11 2 

2266 17346163999987561741 2 6
4 11 3 1 6 7 
11 4 3 1 6 7 

2296 228510844930607347 2 6
3 4 11 5 6 7 
4 3 11 5 6 7 

2327 17753006485950265023 1 6
0 4 8 1 11 2 

47 13967495584906605377 8 5
1 3 2 5 0 
1 3 5 2 0 
2 5 3 1 0 
2 5 1 3 0 
3 1 2 5 0 
3 1 5 2 0 
5 2 1 3 0 
5 2 3 1 0 

2265 9545818815247247060 6 6
3 4 11 0 7 6 
3 11 4 0 7 6 
4 3 11 0 7 6 
4 11 3 0 7 6 
11 3 4 0 7 6 
11 4 3 0 7 6 

115 8285550544909107253 6 5
1 4 5 0 6 
1 5 4 0 6 
4 1 5 0 6 
4 5 1 0 6 
5 1 4 0 6 
5 4 1 0 6 

2333 9603349714016221533 1 6
0 3 4 8 11 2 

3440 12734346366657545445 8 6
4 8 6 5 11 10 
4 8 5 6 11 10 
5 6 4 8 11 10 
5 6 8 4 11 10 
6 5 4 8 11 10 
6 5 8 4 11 10 
8 4 6 5 11 10 
8 4 5 6 11 10 

2331 10205134799724088474 2 6
0 3 4 11 1 8 
0 3 11 4 1 8 

1240 15669041373866470253 6 5
3 4 10 7 6 
3 10 4 7 6 
4 3 10 7 6 
4 10 3 7 6 
10 4 3 7 6 
10 3 4 7 6 

2349 8872881745763566999 2 6
3 8 5 0 11 2 
8 3 5 0 11 2 

3466 10646481241042548423 4 6
3 7 10 11 8 1 
3 7 11 10 8 1 
7 3 10 11 8 1 
7 3 11 10 8 1 

2357 10665800609638274444 2 6
0 5 4 8 11 2 
0 5 8 4 11 2 

2362 4122801265634653325 2 6
3 5 11 4 8 1 
5 3 11 4 8 1 

2361 1971400291496473621 1 6
0 11 8 5 3 4 

3473 4759094215550550572 2 6
4 8 0 7 11 10 
8 4 0 7 11 10 

2364 9888572650096077306 2 6
3 5 8 4 11 2 
5 3 8 4 11 2 

1287 15075794030168079009 8 5
0 1 8 2 10 
0 1 8 10 2 
0 2 10 8 1 
0 2 10 1 8 
0 8 1 2 10 
0 8 1 10 2 
0 10 2 8 1 
0 10 2 1 8 

2396 9888572650096077306 2 6
3 6 4 8 11 2 
6 3 4 8 11 2 

2394 2233914167423949197 4 6
4 11 6 3 8 1 
4 11 3 6 8 1 
11 4 3 6 8 1 
11 4 6 3 8 1 

175 15217761884577431911 8 6
1 3 2 5 0 7 
1 3 5 2 0 7 
2 5 3 1 0 7 
2 5 1 3 0 7 
3 1 2 5 0 7 
3 1 5 2 0 7 
5 2 1 3 0 7 
5 2 3 1 0 7 

2393 1244990723641537753 2 6
4 11 3 8 0 6 
11 4 3 8 0 6 

1309 2558627615971354005 1 6
0 3 4 8 2 10 

2418 5297410737274776732 2 6
5 6 4 11 8 1 
6 5 4 11 8 1 

1315 1174652836471451135 4 5
0 5 10 8 1 
0 5 10 1 8 
0 10 5 8 1 
0 10 5 1 8 

2424 1824805582785272451 4 6
11 4 5 8 6 3 
11 5 4 6 8 3 
11 6 8 5 4 3 
11 8 6 4 5 3 

2417 5841634600703285934 2 6
4 8 5 11 0 6 
8 4 5 11 0 6 

