450 16465922195211923444 1 4
1 7 8 6 

418 2625827660440108644 1 4
1 5 8 7 

432 11591101788391728525 4 4
4 5 7 8 
4 5 8 7 
5 4 7 8 
5 4 8 7 

456 15236505058129304159 1 4
3 7 8 6 

424 5212208834225348329 2 4
3 5 7 8 
3 5 8 7 

402 6104102344831228877 1 4
1 4 8 7 

390 11439365342081792910 2 4
7 8 1 2 
8 7 1 2 

408 7262836224129383888 1 4
3 4 8 7 

387 2223746843565053820 2 4
1 0 7 8 
1 0 8 7 

368 3364750820705448782 4 4
4 5 6 8 
4 5 8 6 
5 4 6 8 
5 4 8 6 

393 5215022540671273095 2 4
3 0 7 8 
3 0 8 7 

360 7150496180077738619 2 4
3 5 6 8 
3 5 8 6 

354 9923253263048011770 1 4
1 5 8 6 

338 1798360245232958574 1 4
1 4 8 6 

344 3418372805148521270 1 4
3 4 8 6 

326 14002519411004676518 2 4
1 2 6 8 
1 2 8 6 

323 16041867036882993579 2 4
1 0 6 8 
1 0 8 6 

329 15669754230730330559 2 4
3 0 6 8 
3 0 8 6 

312 311993389089937251 2 4
4 8 3 5 
8 4 3 5 

305 7280204158998552156 2 4
4 5 0 8 
5 4 0 8 

291 17021748467432351043 1 4
1 5 0 8 

293 17551861176896189898 2 4
2 5 0 8 
5 2 0 8 

297 15406660600063173003 2 4
0 8 3 5 
3 5 0 8 

275 3771133828521727762 1 4
1 4 0 8 

281 12152577045520422986 1 4
3 4 0 8 

74 7773344957081846161 1 3
3 1 6 

201 5625766177066252915 2 4
3 0 6 7 
3 0 7 6 

284 7861852983353935222 1 4
3 8 4 2 

27 13546998526309576175 1 4
3 0 4 1 

154 5287655230560552767 1 4
3 7 4 1 

322 8914630562125872912 2 3
1 6 8 
1 8 6 

195 2295842123997460025 2 4
1 0 6 7 
1 0 7 6 

165 4415345656511538872 2 4
2 5 0 7 
5 2 0 7 

290 9928030222584297835 2 3
1 5 8 
1 8 5 

420 7978115995136584964 2 4
2 5 7 8 
5 2 7 8 

163 866701225609033676 1 4
1 5 0 7 

138 916290641070784014 1 3
3 1 7 

265 11149028268085365730 1 3
3 0 8 

274 14997575175006545114 1 3
8 1 4 

404 14763096501655265921 2 4
2 4 7 8 
4 2 7 8 

147 3456785573003898485 1 4
1 4 0 7 

149 14192852830042885040 2 4
2 4 0 7 
4 2 0 7 

386 12316545748820654407 2 3
1 7 8 
1 8 7 

259 13504931378059360753 1 3
1 0 8 

11 790110836614516807 2 3
0 3 1 
3 0 1 

268 14718008852537657457 2 3
3 2 8 
3 8 2 

14 17349631368526290076 1 3
3 1 2 

141 2602917121141140096 1 4
3 2 0 7 

176 6906529405458791006 6 3
4 5 7 
4 7 5 
5 4 7 
5 7 4 
7 5 4 
7 4 5 

306 9945735851162467402 1 4
8 5 1 4 

49 12254329342543767602 2 3
0 4 5 
0 5 4 

164 14860785610888650053 6 3
2 5 7 
2 7 5 
5 2 7 
5 7 2 
7 5 2 
7 2 5 

294 9276380406534935496 2 4
5 8 1 2 
8 5 1 2 

37 10706753935364593016 2 3
0 2 5 
0 5 2 

26 6555312194177880028 1 3
3 1 4 

153 17894880357480254922 1 4
3 4 0 7 

162 10653391535639383832 2 3
1 5 7 
1 7 5 

292 754205998099296360 6 3
2 5 8 
2 8 5 
5 2 8 
5 8 2 
8 5 2 
8 2 5 

35 7773344957081846161 1 3
0 1 5 

396 14306477252083823039 1 4
3 2 7 8 

139 12785656222083472374 1 4
3 1 0 7 

148 2746274521266220642 2 3
7 4 2 
7 2 4 

278 14622380191774538812 1 4
8 4 1 2 

21 2646679150000234221 2 3
0 2 4 
0 4 2 

152 18054779487213094827 2 3
3 4 7 
3 7 4 

282 15840742425220387670 1 4
3 8 4 1 

25 17662388742419376403 2 3
0 3 4 
3 0 4 

112 6906529405458791006 6 3
4 5 6 
4 6 5 
5 4 6 
5 6 4 
6 5 4 
6 4 5 

140 12769602731266802952 2 3
3 2 7 
3 7 2 

146 8800710473475852867 1 3
7 1 4 

276 12200856999056393219 2 3
8 4 2 
8 2 4 

19 1531361120404740259 1 3
0 1 4 

28 6769977200444175653 2 3
3 2 4 
3 4 2 

50 12760820171559389830 1 3
5 1 4 

304 6906529405458791006 6 3
4 5 8 
4 8 5 
5 4 8 
5 8 4 
8 5 4 
8 4 5 

177 7280204158998552156 2 4
4 5 0 7 
5 4 0 7 

394 15341262987810693007 1 4
3 1 8 7 

137 11149028268085365730 1 3
3 0 7 

267 17819801984082623783 1 4
3 1 0 8 

10 14736729569611883447 1 2
3 1 

98 10653391535639383832 2 3
1 5 6 
1 6 5 

131 13504931378059360753 1 3
1 0 7 

42 13504931378059360753 1 3
1 3 5 

169 15406660600063173003 2 4
0 7 3 5 
3 5 0 7 

298 17190533096622829056 1 4
1 8 3 5 

41 11149028268085365730 1 3
0 3 5 

100 2728381371886174304 6 3
2 5 6 
2 6 5 
5 2 6 
5 6 2 
6 5 2 
6 2 5 

7 17349631368526290076 1 3
0 1 2 

3 14736729569611883447 1 2
0 1 

266 10956284414405135333 1 3
3 1 8 

9 17087753756477223945 2 2
0 3 
3 0 

263 16842788939843663718 1 4
0 8 1 2 

67 13504931378059360753 1 3
1 0 6 

194 16493081890938892730 2 3
1 6 7 
1 7 6 

84 187015039591281257 2 3
6 4 2 
6 2 4 

52 14954509281544001411 2 3
5 4 2 
5 2 4 

330 2498103522116628675 1 4
3 1 8 6 

73 11149028268085365730 1 3
3 0 6 

200 17258787824257198352 2 3
3 6 7 
3 7 6 

76 10706753935364593016 2 3
3 2 6 
3 6 2 

15 12669692773503731601 2 4
0 3 1 2 
3 0 1 2 

142 17306588661016230119 1 4
3 7 1 2 

269 1470142328109767921 1 4
3 2 0 8 

29 15410467675298359368 1 4
0 3 4 2 

156 1330456466003789952 1 4
3 7 4 2 

88 18207486321558840374 2 3
3 4 6 
3 6 4 

280 16258839135554755291 2 3
3 4 8 
3 8 4 

23 16412014598806103922 1 4
0 4 2 1 

150 3921982017001324139 1 4
7 4 1 2 

277 5741225646592503447 2 4
2 4 0 8 
4 2 0 8 

82 8800710473475852867 1 3
6 1 4 

45 15024369831046084700 1 4
0 2 3 5 

172 3656293589500805796 2 4
2 7 3 5 
7 2 3 5 

39 11890202697355106212 1 4
0 5 1 2 

166 15307486259621666116 2 4
5 7 1 2 
7 5 1 2 

300 3907734590851251535 2 4
2 8 3 5 
8 2 3 5 

43 7960014966722117063 1 4
0 1 3 5 

170 8082558694519258570 1 4
1 7 3 5 

30 17024767570403936499 1 4
3 4 1 2 

46 16842788939843663718 1 4
3 5 1 2 

57 5069303078012082896 1 4
0 4 3 5 

184 11990769028644529110 2 4
4 7 3 5 
7 4 3 5 

53 220082171923980171 1 4
0 5 4 2 

180 2004894570116665803 1 4
7 5 2 4 

60 8375577399533316940 2 4
2 4 3 5 
4 2 3 5 

54 7561630815486794308 1 4
5 4 1 2 

77 15024369831046084700 1 4
3 2 0 6 

204 6398757076883575033 1 4
3 2 7 6 

308 18081868211820616976 1 4
8 5 2 4 

51 12072900361941096446 1 4
0 5 4 1 

178 16510556734337663018 1 4
5 7 1 4 

58 11621348897032404129 1 4
1 4 3 5 

328 12585292063867719537 2 3
3 6 8 
3 8 6 

71 16842788939843663718 1 4
0 6 1 2 

198 10106189931720091819 2 4
1 2 6 7 
1 2 7 6 

332 3594530558944545459 1 4
3 2 8 6 

75 7960014966722117063 1 4
3 1 0 6 

202 719501873671294664 1 4
3 1 7 6 

78 11890202697355106212 1 4
3 6 1 2 

89 11829580122578318875 1 4
3 4 0 6 

216 2357200053182921339 1 4
3 4 7 6 

85 12219527490892606314 2 4
2 4 0 6 
4 2 0 6 

212 1795200902221953266 2 4
2 4 6 7 
4 2 6 7 

92 2505770065154038676 1 4
3 6 4 2 

340 8598181255574835227 2 4
2 4 6 8 
4 2 6 8 

83 3456785573003898485 1 4
1 4 0 6 

210 2066999837036327130 2 4
1 4 6 7 
1 4 7 6 

86 7524016249588893482 1 4
6 4 2 1 

105 15406660600063173003 2 4
0 6 3 5 
3 5 0 6 

232 10083773938285380914 2 4
3 5 6 7 
3 5 7 6 

90 16797410840678200761 1 4
3 6 1 4 

101 15804328657059468321 2 4
2 5 0 6 
5 2 0 6 

228 10220627191361430879 2 4
2 5 6 7 
5 2 6 7 

108 15804328657059468321 2 4
2 6 3 5 
6 2 3 5 

356 1677071180347565230 2 4
2 5 6 8 
5 2 6 8 

99 866701225609033676 1 4
1 5 0 6 

226 8558327386025882109 2 4
1 5 6 7 
1 5 7 6 

106 866701225609033676 1 4
1 6 3 5 

113 7280204158998552156 2 4
4 5 0 6 
5 4 0 6 

240 394700380938346138 4 4
4 5 6 7 
4 5 7 6 
5 4 6 7 
5 4 7 6 

120 18182591502297370157 2 4
4 6 3 5 
6 4 3 5 

102 14906079262199261992 2 4
5 6 2 1 
6 5 2 1 

116 2866459512373670592 1 4
6 5 2 4 

114 16510556734337663018 1 4
5 6 1 4 

392 3870621583062396010 2 3
3 7 8 
3 8 7 

135 16842788939843663718 1 4
0 7 1 2 

13 1330854201845664887 2 3
0 3 2 
3 0 2 

270 9366536444509354297 1 4
3 8 1 2 

