bhabha2npb[0,0,0,0,0,0,0,0,0]*(5*a5-5*a6+5*a0-5*a7)
bhabha2npb[1,0,0,0,-1,0,0,0,0]*(-7*a0)
bhabha2npb[1,0,0,0,0,0,0,0,0]*(5*eta*a0-7*a0)
bhabha2npb[0,0,0,0,0,0,0,0,1]*(-6*eta*a8+9*a8)
bhabha2npb[1,0,0,0,0,0,0,-1,0]*(2*a0)
bhabha2npb[0,0,0,0,-1,0,0,0,1]*(9*a8)
bhabha2npb[0,0,0,-1,0,1,0,0,0]*(-7*a5)
bhabha2npb[-1,0,0,0,0,0,0,0,1]*(-6*a8)
bhabha2npb[0,0,0,0,0,1,0,0,0]*(-7*a5)
bhabha2npb[0,0,1,0,0,0,-1,0,0]*(-3*a2)
bhabha2npb[0,0,0,0,0,1,-1,0,0]*(2*a5)
bhabha2npb[0,0,1,-1,0,0,0,0,0]*(9*a2)
bhabha2npb[0,0,0,-1,0,0,1,0,0]*(7*a6)
bhabha2npb[0,0,0,0,0,-1,1,0,0]*(-2*a6)
bhabha2npb[0,0,0,0,0,0,1,0,0]*(7*a6)
bhabha2npb[0,0,1,0,0,-1,0,0,0]*(-6*a2)
bhabha2npb[0,0,0,0,0,0,0,-1,1]*(-3*a8)
bhabha2npb[0,0,1,0,0,0,0,0,0]*(9*a2)
bhabha2npb[-1,0,0,0,0,0,0,1,0]*(-2*a7)
bhabha2npb[0,0,0,0,-1,0,0,1,0]*(7*a7)
bhabha2npb[0,0,0,0,0,0,0,1,0]*(-2*eta*a7+7*a7)

bhabha2npb[0,0,0,0,0,0,0,0,0]*(3*a5-3*a2+3*a0-3*a8)
bhabha2npb[1,0,0,0,-1,0,0,0,0]*(-5*a0)
bhabha2npb[1,0,0,0,0,0,0,0,0]*(3*eta*a0-5*a0)
bhabha2npb[0,0,0,0,0,0,0,0,1]*(-2*eta*a8+5*a8)
bhabha2npb[1,0,0,0,0,0,0,0,-1]*(2*a0)
bhabha2npb[0,0,0,0,-1,0,0,0,1]*(5*a8)
bhabha2npb[0,0,0,-1,0,1,0,0,0]*(-5*a5)
bhabha2npb[-1,0,0,0,0,0,0,0,1]*(-2*a8)
bhabha2npb[0,0,0,0,0,1,0,0,0]*(-5*a5)
bhabha2npb[0,0,-1,0,0,1,0,0,0]*(2*a5)
bhabha2npb[0,0,1,-1,0,0,0,0,0]*(5*a2)
bhabha2npb[0,0,1,0,0,0,0,0,0]*(5*a2)
bhabha2npb[0,0,0,-1,0,0,1,0,0]*(11*a6)
bhabha2npb[0,0,0,0,0,-1,1,0,0]*(-6*a6)
bhabha2npb[0,0,0,0,0,0,1,0,0]*(11*a6)
bhabha2npb[0,0,-1,0,0,0,1,0,0]*(-5*a6)
bhabha2npb[0,0,1,0,0,-1,0,0,0]*(-2*a2)
bhabha2npb[0,0,0,0,0,0,0,1,0]*(-6*eta*a7+11*a7)
bhabha2npb[-1,0,0,0,0,0,0,1,0]*(-6*a7)
bhabha2npb[0,0,0,0,-1,0,0,1,0]*(11*a7)
bhabha2npb[0,0,0,0,0,0,0,1,-1]*(-5*a7)

bhabha2npb[1,0,0,0,-1,0,0,0,0]*(2*a0)
bhabha2npb[1,0,0,0,0,0,0,-1,0]*(3*a0)
bhabha2npb[1,0,0,0,0,0,0,0,0]*(2*a0)
bhabha2npb[0,0,0,0,0,0,0,0,1]*(-4*a8)
bhabha2npb[1,0,0,0,0,0,0,0,-1]*(-5*a0)
bhabha2npb[0,0,0,0,0,0,0,0,0]*(6*a2-6*a6-6*a7+6*a8)
bhabha2npb[0,0,0,-1,0,1,0,0,0]*(2*a5)
bhabha2npb[0,0,0,0,0,1,-1,0,0]*(3*a5)
bhabha2npb[0,0,0,0,0,1,0,0,0]*(2*a5)
bhabha2npb[0,0,-1,0,0,1,0,0,0]*(-5*a5)
bhabha2npb[0,0,1,0,0,0,0,0,0]*(-4*a2)
bhabha2npb[0,0,1,-1,0,0,0,0,0]*(-4*a2)
bhabha2npb[0,0,0,-1,0,0,1,0,0]*(4*a6)
bhabha2npb[0,0,0,0,-1,0,0,0,1]*(-4*a8)
bhabha2npb[0,0,0,0,0,0,1,0,0]*(4*a6)
bhabha2npb[0,0,-1,0,0,0,1,0,0]*(2*a6)
bhabha2npb[0,0,1,0,0,0,-1,0,0]*(-2*a2)
bhabha2npb[0,0,0,0,0,0,0,1,0]*(4*a7)
bhabha2npb[0,0,0,0,-1,0,0,1,0]*(4*a7)
bhabha2npb[0,0,0,0,0,0,0,-1,1]*(-2*a8)
bhabha2npb[0,0,0,0,0,0,0,1,-1]*(2*a7)

