bhabha2npb[-1,0,0,1,0,0,0,0,0]*(-7*a3)
bhabha2npb[0,0,0,0,0,0,0,0,0]*(5*a6+5*a3-5*a7-5*a4)
bhabha2npb[0,0,0,1,0,0,0,0,0]*(-7*a3)
bhabha2npb[0,0,0,0,0,0,0,0,1]*(9*a8)
bhabha2npb[0,0,0,1,-1,0,0,0,0]*(2*a3)
bhabha2npb[0,0,0,0,0,0,-1,0,1]*(-6*a8)
bhabha2npb[0,-1,0,0,0,0,1,0,0]*(-7*a6)
bhabha2npb[0,0,0,0,0,0,0,-1,1]*(-3*a8)
bhabha2npb[0,0,0,0,0,0,1,0,0]*(-7*a6)
bhabha2npb[0,0,0,0,0,1,0,0,0]*(9*a5)
bhabha2npb[0,0,0,0,0,0,1,-1,0]*(2*a6)
bhabha2npb[0,0,0,0,-1,1,0,0,0]*(-3*a5)
bhabha2npb[-1,0,0,0,1,0,0,0,0]*(7*a4)
bhabha2npb[0,0,0,-1,1,0,0,0,0]*(-2*a4)
bhabha2npb[0,0,0,0,1,0,0,0,0]*(7*a4)
bhabha2npb[-1,0,0,0,0,1,0,0,0]*(9*a5)
bhabha2npb[0,-1,0,0,0,0,0,0,1]*(9*a8)
bhabha2npb[0,0,0,-1,0,1,0,0,0]*(-6*a5)
bhabha2npb[0,-1,0,0,0,0,0,1,0]*(7*a7)
bhabha2npb[0,0,0,0,0,0,-1,1,0]*(-2*a7)
bhabha2npb[0,0,0,0,0,0,0,1,0]*(7*a7)

bhabha2npb[-1,0,0,1,0,0,0,0,0]*(-5*a3)
bhabha2npb[0,0,0,0,0,0,0,0,0]*(-3*a5+3*a6+3*a3-3*a8)
bhabha2npb[0,0,0,1,0,0,0,0,0]*(-5*a3)
bhabha2npb[0,0,0,0,0,0,0,0,1]*(5*a8)
bhabha2npb[0,0,0,1,0,-1,0,0,0]*(2*a3)
bhabha2npb[0,0,0,0,0,0,-1,0,1]*(-2*a8)
bhabha2npb[0,-1,0,0,0,0,1,0,0]*(-5*a6)
bhabha2npb[0,-1,0,0,0,0,0,0,1]*(5*a8)
bhabha2npb[0,0,0,0,0,0,1,0,0]*(-5*a6)
bhabha2npb[0,0,0,0,0,1,0,0,0]*(5*a5)
bhabha2npb[0,0,0,0,0,0,1,0,-1]*(2*a6)
bhabha2npb[-1,0,0,0,0,1,0,0,0]*(5*a5)
bhabha2npb[-1,0,0,0,1,0,0,0,0]*(11*a4)
bhabha2npb[0,0,0,-1,1,0,0,0,0]*(-6*a4)
bhabha2npb[0,0,0,0,1,0,0,0,0]*(11*a4)
bhabha2npb[0,0,0,-1,0,1,0,0,0]*(-2*a5)
bhabha2npb[0,0,0,0,1,-1,0,0,0]*(-5*a4)
bhabha2npb[0,0,0,0,0,0,0,1,0]*(11*a7)
bhabha2npb[0,-1,0,0,0,0,0,1,0]*(11*a7)
bhabha2npb[0,0,0,0,0,0,-1,1,0]*(-6*a7)
bhabha2npb[0,0,0,0,0,0,0,1,-1]*(-5*a7)

bhabha2npb[-1,0,0,1,0,0,0,0,0]*(2*a3)
bhabha2npb[0,0,0,1,-1,0,0,0,0]*(3*a3)
bhabha2npb[0,0,0,1,0,0,0,0,0]*(2*a3)
bhabha2npb[0,0,0,0,0,0,0,0,1]*(-4*a8)
bhabha2npb[0,0,0,1,0,-1,0,0,0]*(-5*a3)
bhabha2npb[0,0,0,0,0,0,0,0,0]*(6*a5-6*a7-6*a4+6*a8)
bhabha2npb[0,-1,0,0,0,0,1,0,0]*(2*a6)
bhabha2npb[0,0,0,0,0,0,1,-1,0]*(3*a6)
bhabha2npb[0,0,0,0,0,0,1,0,0]*(2*a6)
bhabha2npb[0,0,0,0,0,1,0,0,0]*(-4*a5)
bhabha2npb[0,0,0,0,0,0,1,0,-1]*(-5*a6)
bhabha2npb[0,-1,0,0,0,0,0,0,1]*(-4*a8)
bhabha2npb[-1,0,0,0,1,0,0,0,0]*(4*a4)
bhabha2npb[-1,0,0,0,0,1,0,0,0]*(-4*a5)
bhabha2npb[0,0,0,0,1,0,0,0,0]*(4*a4)
bhabha2npb[0,0,0,0,-1,1,0,0,0]*(-2*a5)
bhabha2npb[0,0,0,0,1,-1,0,0,0]*(2*a4)
bhabha2npb[0,0,0,0,0,0,0,1,0]*(4*a7)
bhabha2npb[0,-1,0,0,0,0,0,1,0]*(4*a7)
bhabha2npb[0,0,0,0,0,0,0,-1,1]*(-2*a8)
bhabha2npb[0,0,0,0,0,0,0,1,-1]*(2*a7)

