500 9120334260960740258 1 6
5 6 4 2 7 8 

504 14202049917491040646 1 6
5 6 4 3 7 8 

498 2671293141858391158 1 6
4 5 6 7 1 8 

492 9571674771190075280 1 6
6 5 3 2 7 8 

497 2777749865511222219 1 6
4 5 6 0 7 8 

486 12038273740026478292 1 6
2 6 5 1 8 7 

485 11343501368736960567 1 6
2 6 5 0 8 7 

490 18441178261630737327 1 6
3 6 5 7 8 1 

489 3099945192206314102 1 6
3 6 5 0 7 8 

483 2181962771972861473 2 6
5 6 0 1 8 7 
6 5 0 1 8 7 

470 290365688937585755 1 6
6 4 2 1 8 7 

476 10899870692215947985 1 6
6 7 8 4 3 2 

469 18183873710641205568 1 6
6 4 2 0 7 8 

474 5215135097252392653 1 6
6 4 3 7 1 8 

473 11510284918143871 1 6
6 4 3 0 7 8 

467 12440420975317287165 1 6
4 6 0 1 8 7 

462 9063972063497716289 1 6
6 3 2 7 1 8 

461 14240991159167690209 1 6
6 3 2 0 7 8 

455 2097543356715976425 1 6
2 6 0 1 8 7 

459 12129275744581810057 2 6
3 6 0 7 8 1 
6 3 0 7 8 1 

438 11084543811995688551 1 6
5 4 2 7 8 1 

444 10146212705143777543 1 6
5 7 8 4 3 2 

437 11200799019453794845 1 6
5 4 2 0 7 8 

442 16171262320598230514 1 6
5 4 3 7 8 1 

430 438909659489663604 1 6
5 3 2 8 1 7 

441 5411349185744282966 1 6
5 4 3 0 7 8 

435 11939239483861480608 1 6
4 5 0 7 8 1 

429 6982900341297845145 1 6
5 3 2 0 8 7 

423 17534548257474286575 1 6
2 5 0 8 1 7 

427 8345404029737073525 2 6
3 5 0 8 1 7 
5 3 0 8 1 7 

413 6701481152275072388 2 6
0 7 8 4 2 3 
0 8 7 4 2 3 

414 297993781496504974 1 6
4 2 3 1 8 7 

407 6512643719657145639 1 6
4 2 0 1 8 7 

411 8708064433960984980 1 6
4 3 0 1 8 7 

374 1345645742671573970 1 6
6 5 4 2 8 1 

399 13932237331672981101 1 6
2 3 0 1 8 7 

380 17223637068257025164 1 6
8 5 6 4 3 2 

373 12535019666558179265 1 6
5 6 0 8 4 2 

378 4255942261412938188 1 6
5 6 4 3 8 1 

371 10163197106540860394 2 6
4 5 6 0 1 8 
4 6 5 0 8 1 

377 5129725427120261134 1 6
5 6 0 8 4 3 

366 10689002325721752730 1 6
5 6 8 1 3 2 

365 2120076484975857400 1 6
5 6 0 8 3 2 

359 18322813999100114504 1 6
2 6 5 0 1 8 

350 13509600934273694960 1 6
6 1 8 4 2 3 

349 4565468193674260381 1 6
6 0 8 4 2 3 

363 9762315288916528668 1 6
3 5 6 0 8 1 

343 11781457021748615744 1 6
6 4 2 0 1 8 

347 6393512912603346189 1 6
6 4 3 0 1 8 

318 3316274135686643534 1 6
5 8 1 4 3 2 

335 16426319430690911345 1 6
6 2 3 0 1 8 

311 13550628578182368693 1 6
5 4 2 0 8 1 

317 10434661664222966036 1 6
5 0 8 4 3 2 

303 9804282596459717115 1 6
5 3 2 0 8 1 

315 15022413438960191756 1 6
5 4 3 0 8 1 

246 16012932919111242926 1 6
5 6 4 2 7 1 

287 559192018109241174 2 6
4 2 3 0 1 8 
4 2 3 0 8 1 

252 5348636689933285410 1 6
7 5 6 4 3 2 

245 5432023861010973480 1 6
5 6 4 2 0 7 

250 11474609215527275734 1 6
5 6 4 3 7 1 

249 5810565818325473303 1 6
5 6 4 3 0 7 

243 4863526469321540517 1 6
4 5 6 0 7 1 

238 10676107496704891188 1 6
6 5 7 1 3 2 

237 3522824431433011655 1 6
6 5 0 7 3 2 

231 4501129615718454751 1 6
2 6 5 0 1 7 

222 14139265265449833827 1 6
6 7 1 4 3 2 

235 14942505778998425332 1 6
3 6 5 0 7 1 

215 13140183966357146010 1 6
6 4 2 0 7 1 

221 14785992463393405818 1 6
6 0 7 4 3 2 

219 8068917562345419262 1 6
6 4 3 0 7 1 

190 13582312252394136575 1 6
5 7 1 4 2 3 

207 15454877792525214914 1 6
6 3 2 0 7 1 

189 18347205221238464558 1 6
5 0 7 4 2 3 

183 10282973058421961536 1 6
5 4 2 0 7 1 

187 6802562284545306332 1 6
5 4 3 0 7 1 

159 3822727486550777388 2 6
0 1 7 4 2 3 
0 7 1 4 2 3 

175 7390862457162971511 1 6
5 2 3 0 7 1 

125 3803822778845145970 2 6
0 5 6 4 2 3 
0 6 5 4 2 3 

119 14986412107050708878 1 6
6 5 0 1 4 2 

126 1195015773173148914 1 6
1 6 5 4 2 3 

111 3673839120711219763 1 6
6 5 0 1 2 3 

95 6754609380930926885 1 6
6 0 1 4 2 3 

123 3007499277288837519 1 6
6 5 0 1 4 3 

63 10778189261347483636 1 6
5 0 1 4 2 3 

496 416088677868276999 1 5
4 5 6 7 8 

484 12122429581856766013 1 5
2 6 5 8 7 

488 16990069662827405584 1 5
3 6 5 7 8 

482 10003363766066939319 2 5
5 6 1 8 7 
6 5 1 8 7 

481 18360351758154396682 4 5
5 6 0 7 8 
5 6 0 8 7 
6 5 0 7 8 
6 5 0 8 7 

468 4965096212167030395 1 5
6 4 2 7 8 

472 740183334877632233 1 5
6 4 3 7 8 

466 10267415482572662345 1 5
4 6 1 8 7 

465 15469863296794615247 1 5
4 6 0 7 8 

460 12252964149680618507 1 5
6 7 8 3 2 

454 10164721468530563505 1 5
2 6 1 8 7 

458 8568392270807121372 2 5
3 6 7 8 1 
6 3 7 8 1 

453 11631995826805746977 1 5
2 6 0 8 7 

457 4643913384819275632 2 5
3 6 0 7 8 
6 3 0 7 8 

436 1276772775249836793 1 5
5 4 2 7 8 

440 4335443733390662786 1 5
5 4 3 7 8 

434 11358782398472001639 1 5
4 5 7 8 1 

422 6116088811287512816 1 5
2 5 8 1 7 

428 15341229364828943075 1 5
5 8 7 3 2 

433 7121080190343099308 1 5
4 5 0 7 8 

426 8219797171344022969 2 5
3 5 8 1 7 
5 3 8 1 7 

306 4771278937119862935 1 4
4 5 8 1 

49 12533917308045192969 2 3
0 4 5 
4 0 5 

294 10898731429989107095 1 4
2 5 8 1 

37 327867739371033520 1 3
0 2 5 

298 9227379641990250253 2 4
3 5 8 1 
5 3 8 1 

41 10706753935364593016 2 3
0 3 5 
0 5 3 

278 6244188280160558719 2 4
4 2 1 8 
4 2 8 1 

21 16415941006346795729 1 3
0 4 2 

282 5212208834225348329 2 4
4 3 1 8 
4 3 8 1 

25 11149028268085365730 1 3
0 4 3 

270 9814451200329864811 2 4
1 8 2 3 
8 1 2 3 

13 12814344926018448297 1 3
0 2 3 

263 17207841594153866587 2 4
2 0 1 8 
2 0 8 1 

149 14970762704075013512 1 4
0 7 4 2 

406 2868009757584468540 1 5
4 2 1 8 7 

153 15406660600063173003 2 4
0 7 4 3 
4 3 0 7 

410 6089213516061521075 1 5
4 3 1 8 7 

116 17546335403080013746 2 4
5 6 4 2 
6 5 4 2 

141 13160987837634650052 1 4
0 7 2 3 

398 13677047542124605808 1 5
2 3 1 8 7 

120 7869673733365419970 2 4
5 6 4 3 
6 5 4 3 

240 17961104313060641793 1 4
4 7 5 6 

113 10126430060373001654 2 4
0 4 5 6 
0 4 6 5 

370 4007173965859282127 2 5
4 5 6 1 8 
4 6 5 8 1 

114 12708063674698153779 1 4
4 1 6 5 

108 3151311535537748199 2 4
5 6 2 3 
6 5 2 3 

228 13632274399423401847 1 4
2 7 5 6 

101 8530479279632510963 2 4
0 2 5 6 
0 2 6 5 

358 15739876144089979457 1 5
2 6 5 1 8 

102 14941229809928222892 1 4
2 1 6 5 

106 15183985570863556182 2 4
1 3 6 5 
3 1 6 5 

86 3503772650113454045 2 4
1 6 4 2 
6 1 4 2 

232 10247633285845319962 2 4
3 7 6 5 
7 3 6 5 

105 5319217811757418118 2 4
0 3 5 6 
0 3 6 5 

362 3220813728252967273 1 5
3 5 6 8 1 

226 808532758221848463 4 4
5 6 1 7 
5 6 7 1 
6 5 1 7 
6 5 7 1 

99 2590347168206459124 2 4
5 6 0 1 
6 5 0 1 

356 1910834016466446078 1 4
2 8 6 5 

212 7318746763332691263 2 4
6 7 4 2 
7 6 4 2 

85 9857826808787743204 1 4
0 6 4 2 

342 15473321080949858795 1 5
6 4 2 1 8 

90 5526789456813388103 2 4
1 6 4 3 
6 1 4 3 

216 10983409412583460812 2 4
6 7 4 3 
7 6 4 3 

89 5655568875390600688 1 4
0 6 4 3 

346 941179711251453116 1 5
6 4 3 1 8 

210 1825674171887072038 1 4
4 6 7 1 

83 858386096429394798 1 4
4 6 0 1 

340 17878389779343261184 2 4
6 8 4 2 
8 6 4 2 

78 10318168893125950790 2 4
1 6 2 3 
6 1 2 3 

54 3188916726802937323 2 4
1 5 4 2 
5 1 4 2 

204 14807029211937000148 2 4
6 7 3 2 
7 6 3 2 

77 1056253197463335679 1 4
0 6 2 3 

334 10428608755095189067 1 5
6 1 8 2 3 

198 1229801120248658742 1 4
2 6 1 7 

71 4282952595918841823 1 4
2 6 0 1 

328 14860785610888650053 6 3
3 6 8 
3 8 6 
6 3 8 
6 8 3 
8 6 3 
8 3 6 

329 4415345656511538872 2 4
3 6 0 8 
6 3 0 8 

202 2974813683649203891 2 4
3 6 7 1 
6 3 7 1 

75 17551861176896189898 2 4
3 6 0 1 
6 3 0 1 

332 3936955640302321587 2 4
6 8 2 3 
8 6 2 3 

145 11149028268085365730 1 3
4 0 7 

402 15236505058129304159 1 4
4 1 8 7 

281 15406660600063173003 2 4
0 8 4 3 
4 3 0 8 

154 10083773938285380914 2 4
4 3 1 7 
4 3 7 1 

27 15406660600063173003 2 4
0 1 4 3 
4 3 0 1 

147 5625766177066252915 2 4
4 0 1 7 
4 0 7 1 

404 9873731521462084146 2 4
4 2 7 8 
4 2 8 7 

274 3870621583062396010 2 3
4 1 8 
4 8 1 

17 17087753756477223945 2 2
0 4 
4 0 

277 14970762704075013512 1 4
0 8 4 2 

150 888316546281905823 2 4
4 2 1 7 
4 2 7 1 

23 14970762704075013512 1 4
0 1 4 2 

133 8387938762811113651 1 3
2 0 7 

390 1019340032920959546 1 4
2 1 8 7 

269 13160987837634650052 1 4
0 8 2 3 

142 6835932951802193792 2 4
2 3 1 7 
2 3 7 1 

15 13160987837634650052 1 4
0 1 2 3 

293 3194918324079093306 1 4
2 5 0 8 

166 7543924187098026577 1 4
2 5 7 1 

39 3858955570147645937 1 4
2 5 0 1 

296 14590248500468714027 6 3
3 5 8 
3 8 5 
5 3 8 
5 8 3 
8 5 3 
8 3 5 

5 4377786004199497311 1 2
0 2 

262 2231123473344165760 2 3
2 1 8 
2 8 1 

104 11283220846380389061 2 3
3 5 6 
3 6 5 

361 203718896512337090 1 5
3 5 6 0 8 

172 10527188805648329610 2 4
5 7 2 3 
7 5 2 3 

45 1056253197463335679 1 4
0 5 2 3 

302 4180666004600687401 1 5
5 8 1 3 2 

300 1964594988731537916 2 4
5 8 3 2 
8 5 3 2 

43 6925972535638963533 2 4
3 5 0 1 
5 3 0 1 

46 1443567785033373697 2 4
1 5 2 3 
5 1 2 3 

69 327867739371033520 1 3
0 2 6 

326 6156743128018102125 1 4
2 6 1 8 

196 1148611612121554985 2 3
2 6 7 
2 7 6 

112 11377997893034778902 2 3
4 5 6 
4 6 5 

369 387364176352384199 1 5
4 5 6 0 8 

180 6677381690982187336 2 4
5 7 4 2 
7 5 4 2 

53 9857826808787743204 1 4
0 5 4 2 

310 8818777908174452653 1 5
5 4 2 8 1 

100 15311484384221899405 2 3
2 5 6 
2 6 5 

357 13346039738540434294 1 5
2 6 5 0 8 

168 1780203312458342186 6 3
3 5 7 
3 7 5 
5 3 7 
5 7 3 
7 5 3 
7 3 5 

425 1764380526012385433 2 5
3 5 0 8 7 
5 3 0 8 7 

209 9355734335757152917 1 4
4 6 0 7 

82 15538808191813614364 2 3
4 1 6 
4 6 1 

339 9818274551808380157 1 5
4 6 0 1 8 

336 10706753935364593016 2 3
4 6 8 
4 8 6 

79 14231734120249664155 1 5
6 0 1 2 3 

200 13119232308241019096 6 3
3 6 7 
3 7 6 
6 3 7 
6 7 3 
7 6 3 
7 3 6 

73 10706753935364593016 2 3
0 3 6 
0 6 3 

330 7978115995136584964 2 4
3 6 8 1 
6 3 8 1 

164 1648682142023281133 2 3
2 5 7 
2 7 5 

421 1405537105720080740 1 5
2 5 0 7 8 

146 17258787824257198352 2 3
4 1 7 
4 7 1 

403 6672129407013007123 1 5
4 0 1 8 7 

400 12585292063867719537 2 3
4 7 8 
4 8 7 

143 17890660211410069223 2 5
2 3 0 1 7 
2 3 0 7 1 

19 11149028268085365730 1 3
4 0 1 

273 11149028268085365730 1 3
4 0 8 

275 5215022540671273095 2 4
4 0 1 8 
4 0 8 1 

176 16258839135554755291 2 3
4 5 7 
4 7 5 

312 9661320979622238147 2 4
5 8 4 3 
8 5 4 3 

55 15852908506467220642 1 5
5 0 1 4 2 

58 6925972535638963533 2 4
1 5 4 3 
5 1 4 3 

97 12879693098386585922 2 3
0 5 6 
0 6 5 

354 11197286858225558775 4 4
5 6 1 8 
5 6 8 1 
6 5 1 8 
6 5 8 1 

224 11283220846380389061 2 3
7 6 5 
7 5 6 

81 12533917308045192969 2 3
0 4 6 
4 0 6 

338 4771278937119862935 1 4
4 6 1 8 

208 2512533711646785065 2 3
4 6 7 
4 7 6 

135 12796530862410738943 2 4
2 0 1 7 
2 0 7 1 

169 478251313684996637 2 4
3 5 0 7 
5 3 0 7 

165 17977036154646384679 1 4
2 5 0 7 

38 2762211545633375212 2 3
2 1 5 
2 5 1 

295 3206152469180147767 1 5
2 5 0 8 1 

292 10732945822199232338 2 3
2 5 8 
2 8 5 

177 11536386154879626174 1 4
4 5 0 7 

50 10706753935364593016 2 3
4 1 5 
4 5 1 

307 9818274551808380157 1 5
4 5 0 8 1 

304 15538808191813614364 2 3
4 5 8 
4 8 5 

47 11901144408184844406 1 5
5 0 1 2 3 

225 2590347168206459124 2 4
5 6 0 7 
6 5 0 7 

98 11283220846380389061 2 3
1 5 6 
1 6 5 

355 16008869278490615878 4 5
5 6 0 1 8 
5 6 0 8 1 
6 5 0 1 8 
6 5 0 8 1 

352 11283220846380389061 2 3
8 6 5 
8 5 6 

184 2892800141054000397 2 4
5 7 4 3 
7 5 4 3 

57 5655568875390600688 1 4
0 5 4 3 

314 18118415435372514499 1 5
5 4 3 8 1 

201 6534630873780932037 2 4
3 6 0 7 
6 3 0 7 

74 754205998099296360 6 3
1 3 6 
1 6 3 
3 1 6 
3 6 1 
6 3 1 
6 1 3 

331 17788255648278127647 2 5
3 6 0 8 1 
6 3 0 8 1 

197 6566555380970344854 1 4
2 6 0 7 

70 327067003963335458 2 3
2 1 6 
2 6 1 

327 5628548777067129731 1 5
2 6 0 1 8 

324 1323343037929180393 2 3
2 6 8 
2 8 6 

29 14120860662937906221 1 4
0 4 2 3 

286 7078067219434857882 2 5
1 8 4 2 3 
8 1 4 2 3 

134 5663025652629223921 2 3
2 1 7 
2 7 1 

391 2004172625537400342 1 5
2 0 1 8 7 

261 8387938762811113651 1 3
2 0 8 

7 8387938762811113651 1 3
2 0 1 

388 13752374035463932803 2 3
2 7 8 
2 8 7 

297 16372862971607241679 2 4
3 5 0 8 
5 3 0 8 

170 4203977922869772278 2 4
3 5 7 1 
5 3 7 1 

305 858386096429394798 1 4
4 5 0 8 

178 13394131481459924451 1 4
4 5 7 1 

51 5655568875390600688 1 4
4 5 0 1 

308 15261707074681618245 2 4
5 8 4 2 
8 5 4 2 

325 11100890817693814126 1 4
2 6 0 8 

337 5655568875390600688 1 4
4 6 0 8 

344 4415345656511538872 2 4
6 8 4 3 
8 6 4 3 

87 7431832896299016645 1 5
6 4 2 0 1 

353 2590347168206459124 2 4
5 6 0 8 
6 5 0 8 

360 4247939009769351187 2 4
3 8 5 6 
8 3 5 6 

103 10751362116614754951 1 5
2 6 5 0 1 

368 12708063674698153779 1 4
4 8 5 6 

389 14189902783125486146 2 4
2 0 7 8 
2 0 8 7 

401 15669754230730330559 2 4
4 0 7 8 
4 0 8 7 

396 2357681373491265331 2 4
2 3 7 8 
2 3 8 7 

408 7150496180077738619 2 4
4 3 7 8 
4 3 8 7 

151 14665555116297985012 2 5
4 2 0 1 7 
4 2 0 7 1 

420 11502771453409755186 1 4
2 5 7 8 

424 3570514013793875461 2 4
3 5 8 7 
5 3 8 7 

167 16962950447753490733 1 5
2 5 0 7 1 

432 678490227004518538 1 4
4 5 7 8 

452 12880100266817802468 1 4
2 6 8 7 

464 11025324576651510866 1 4
4 6 7 8 

456 17015737541233389546 2 4
3 6 7 8 
6 3 7 8 

199 2356373293747010270 1 5
2 6 0 1 7 

480 9182445166795294852 4 4
5 6 7 8 
5 6 8 7 
6 5 7 8 
6 5 8 7 

31 12598340130641498625 1 5
0 1 4 2 3 

59 17385812837556256972 2 5
5 4 3 0 1 
5 0 1 4 3 

316 5805028224739572668 2 5
5 8 4 3 2 
8 5 4 3 2 

61 13994964669450250108 1 5
0 5 4 2 3 

62 17277489590219226014 2 5
1 5 4 2 3 
5 1 4 2 3 

91 12461628978285922084 1 5
6 4 3 0 1 

348 10739127950048484012 2 5
6 8 4 2 3 
8 6 4 2 3 

107 4212801334358916287 1 5
3 6 5 0 1 

364 14550307817680009443 1 5
8 5 6 3 2 

93 13994964669450250108 1 5
0 6 4 2 3 

94 13094928815491340660 2 5
1 6 4 2 3 
6 1 4 2 3 

110 2463535962568154949 1 5
1 6 5 2 3 

115 387364176352384199 1 5
4 6 5 0 1 

372 17869473672299869394 1 5
8 5 6 4 2 

109 4737158422536919081 2 5
0 5 6 2 3 
0 6 5 2 3 

122 16994781508329260547 1 5
1 6 5 4 3 

118 4143891463681339390 1 5
1 6 5 4 2 

121 3284742793533649498 2 5
0 5 6 4 3 
0 6 5 4 3 

124 1637641386977733480 2 5
5 6 4 2 3 
6 5 4 2 3 

117 9377744809080920395 2 5
0 5 6 4 2 
0 6 5 4 2 

155 17788491003375796138 2 5
4 3 0 1 7 
4 3 0 7 1 

412 11126303220689047166 2 5
7 8 4 2 3 
8 7 4 2 3 

157 12598340130641498625 1 5
0 7 4 2 3 

171 8343673672166374860 2 5
3 5 0 7 1 
5 3 0 7 1 

158 10574057006376228290 2 5
1 7 4 2 3 
7 1 4 2 3 

173 2067827106194658147 1 5
5 0 7 2 3 

174 7407565696913089683 1 5
5 2 3 7 1 

179 6164048566532039235 1 5
4 5 0 7 1 

185 1242300540920033799 1 5
5 4 3 0 7 

186 4236869687947973035 1 5
5 4 3 7 1 

181 14697123168524971027 1 5
5 4 2 0 7 

182 10703696920593695453 1 5
5 4 2 7 1 

203 15207790335891244739 2 5
3 6 0 7 1 
6 3 0 7 1 

188 6643710659443927365 2 5
5 7 4 2 3 
7 5 4 2 3 

205 17278161025861467489 1 5
6 0 7 3 2 

206 15177466016021746801 1 5
6 7 1 3 2 

211 12488310291327487835 1 5
4 6 0 7 1 

217 3114239447742403246 1 5
6 4 3 0 7 

218 16793913300139424470 1 5
6 4 3 7 1 

213 2879229186724295946 1 5
6 4 2 0 7 

214 3636553614056634868 1 5
6 4 2 7 1 

220 82884827708250486 2 5
6 7 4 3 2 
7 6 4 3 2 

227 10038813378203498130 4 5
5 6 0 1 7 
5 6 0 7 1 
6 5 0 1 7 
6 5 0 7 1 

233 17283828241110858853 1 5
3 6 5 0 7 

234 11420930645251342159 1 5
3 6 5 7 1 

229 10854006418803892199 1 5
2 5 6 0 7 

236 17460261098344438958 1 5
7 6 5 3 2 

230 18155356935305344367 1 5
2 6 5 1 7 

241 18053044880263441398 1 5
4 5 6 0 7 

242 10353347691700630250 1 5
4 5 6 7 1 

248 15955395262216085203 1 5
7 5 6 4 3 

271 10467785456236948780 2 5
2 3 0 1 8 
2 3 0 8 1 

244 8072516903384535394 1 5
7 5 6 4 2 

283 16426964197223592242 2 5
4 3 0 1 8 
4 3 0 8 1 

285 12598340130641498625 1 5
0 8 4 2 3 

279 17689607123941330330 2 5
4 2 0 1 8 
4 2 0 8 1 

299 3228604939244722632 2 5
3 5 0 8 1 
5 3 0 8 1 

301 8366774741245800233 1 5
5 0 8 3 2 

313 7214780730254914956 1 5
5 4 3 0 8 

309 9381301994343862710 1 5
5 4 2 0 8 

333 14755771201466624492 1 5
6 0 8 2 3 

345 1376178737394475730 2 5
6 4 3 0 8 
6 0 8 4 3 

341 15542286930354431102 1 5
6 0 8 4 2 

376 1283736911869173601 1 5
8 5 6 4 3 

397 11951566840337731118 2 5
2 3 0 7 8 
2 3 0 8 7 

409 1170858302316114891 2 5
4 3 0 7 8 
4 3 0 8 7 

405 3016222225881386510 2 5
4 2 0 7 8 
4 2 0 8 7 

