488 13803094052368031310 2 5
3 5 6 7 8 
5 3 6 7 8 

484 16870924358995393549 1 5
2 5 7 8 6 

496 16573377101259450564 1 5
4 5 8 7 6 

468 7649709878538780769 2 5
2 4 7 8 6 
4 2 7 8 6 

482 15557315486349019795 1 5
1 5 7 8 6 

460 12852373368391607987 1 5
2 3 7 8 6 

454 14655835424308230371 1 5
2 1 8 7 6 

458 3108018112354097194 1 5
1 3 7 8 6 

453 6672129407013007123 1 5
2 0 7 8 6 

472 788989788839997241 1 5
4 3 7 8 6 

466 11450854172300616476 1 5
4 1 7 8 6 

428 3234877139341182921 1 5
7 8 5 2 3 

465 6672129407013007123 1 5
4 0 7 8 6 

436 593178453661130527 1 5
4 2 5 8 7 

451 2004172625537400342 1 5
1 0 7 8 6 

422 17042592688770366783 1 5
1 2 5 7 8 

421 3989622045008295595 1 5
2 5 0 7 8 

440 406423540387725248 1 5
4 5 3 8 7 

425 14070327826761083688 2 5
3 5 0 7 8 
5 3 0 7 8 

426 11543602923407108600 1 5
1 3 5 7 8 

434 9735821645936242370 1 5
5 4 1 8 7 

433 10253495541921424644 1 5
4 5 0 8 7 

412 16075256442787652421 1 5
4 2 3 7 8 

398 7942824188052975015 1 5
1 2 3 7 8 

419 14007794664898954137 2 5
1 5 0 7 8 
1 5 0 8 7 

397 11933761408839824396 2 5
2 3 0 7 8 
2 3 0 8 7 

406 12554134784389895126 1 5
2 4 1 8 7 

405 14719261466401227778 2 5
2 4 0 8 7 
4 2 0 8 7 

391 3658365283100839775 1 5
2 1 0 8 7 

410 971836920081158266 1 5
3 4 1 7 8 

409 12892149604202838474 1 5
4 3 0 7 8 

395 3903285842754522591 1 5
1 3 0 7 8 

403 4310236464311686552 2 5
4 1 0 7 8 
4 1 0 8 7 

364 14731666447924454157 1 5
6 8 5 2 3 

372 6971742900891885951 1 5
4 2 5 8 6 

358 6837670394522130942 1 5
1 2 5 6 8 

357 13367217321843377818 1 5
2 5 0 6 8 

376 15992599045604752197 1 5
4 5 3 6 8 

362 8052548683037503834 1 5
1 3 5 6 8 

361 1936306598894758153 2 5
3 5 0 6 8 
5 3 0 6 8 

370 3855101190080878332 1 5
5 4 1 8 6 

369 12734909930685203393 1 5
4 5 0 8 6 

348 15664998371670343895 1 5
4 2 3 6 8 

355 11256734099898430613 2 5
1 5 0 6 8 
1 5 0 8 6 

341 5856941686698257872 2 5
2 4 0 6 8 
4 2 0 6 8 

342 8428168092040720789 1 5
2 4 1 6 8 

334 7757784927343476134 1 5
1 2 3 8 6 

333 6866216736986476997 2 5
2 3 0 6 8 
2 3 0 8 6 

102 5985406147635978700 1 4
6 1 2 5 

116 9696434301910172790 1 4
4 6 2 5 

108 1130107248837223073 1 4
6 5 2 3 

101 8735373768705301463 1 4
2 5 0 6 

120 2505770065154038676 1 4
4 6 5 3 

106 4605203961234148006 1 4
6 1 5 3 

105 12219527490892606314 2 4
3 5 0 6 
5 3 0 6 

114 17275063728654038444 2 4
5 6 4 1 
6 5 4 1 

113 11829580122578318875 1 4
4 5 0 6 

99 2877331954311914285 1 4
1 5 0 6 

356 16112529283522584782 1 4
2 5 6 8 

92 8397334625162587836 1 4
4 6 2 3 

78 16516139037103846687 1 4
1 6 2 3 

86 10173196722322905693 1 4
2 6 4 1 

204 12070489641313147142 2 4
2 3 6 7 
2 3 7 6 

77 13796289709583244209 1 4
2 3 0 6 

85 2995300807293622581 2 4
2 4 0 6 
4 2 0 6 

198 7965818781367955200 2 4
2 1 6 7 
2 1 7 6 

71 1620672130886881440 1 4
2 1 0 6 

90 14772690963419635008 2 4
3 6 4 1 
6 3 4 1 

216 6398757076883575033 1 4
4 3 7 6 

89 15024369831046084700 1 4
4 3 0 6 

346 2474656239975363334 1 5
3 4 1 8 6 

210 6270902065379816673 2 4
4 1 6 7 
4 1 7 6 

83 10015635684529625184 1 4
4 1 0 6 

340 8544954277129885288 2 4
2 4 6 8 
4 2 6 8 

202 15544701365875605855 1 4
1 3 7 6 

75 3194918324079093306 1 4
1 3 0 6 

332 8950438065344213768 2 4
2 3 6 8 
2 3 8 6 

60 4469039715378929011 1 4
4 5 2 3 

46 16306456992734369443 1 4
1 5 2 3 

180 12516394642951707663 1 4
4 7 2 5 

53 10936542901791617255 1 4
0 4 2 5 

310 8083965324370220883 1 5
8 2 5 4 1 

54 17037845804514632102 1 4
2 5 4 1 

172 2855396389126547487 1 4
7 5 2 3 

45 8377512155340693718 1 4
0 5 2 3 

302 13424995917879938850 1 5
1 8 5 2 3 

166 5985406147635978700 1 4
7 1 2 5 

39 15297001743616798516 1 4
0 1 2 5 

296 12200856999056393219 2 3
8 5 3 
8 3 5 

58 7029288419326660767 2 4
3 5 4 1 
5 3 4 1 

184 1330456466003789952 1 4
4 7 5 3 

57 15410467675298359368 1 4
0 4 5 3 

314 565890826712126316 1 5
8 5 3 4 1 

170 1334500674377179257 1 4
1 7 3 5 

43 18215624963833220821 1 4
0 1 3 5 

300 3715478809415481101 1 4
8 5 2 3 

178 17567234384492953942 2 4
5 7 4 1 
7 5 4 1 

51 9202873403240192616 1 4
0 5 4 1 

308 13546109280584212593 1 4
4 8 2 5 

30 325541202939305244 1 4
2 3 4 1 

150 15118638105414234045 1 4
2 7 4 1 

23 794673361656175423 2 4
0 2 4 1 
2 0 4 1 

280 14718008852537657457 2 3
4 3 8 
4 8 3 

156 17723397868700175270 1 4
4 7 2 3 

29 6777173445913401214 2 4
0 4 2 3 
4 0 2 3 

286 987753184257649214 1 5
8 2 3 4 1 

142 13455046455720290436 1 4
1 7 2 3 

15 3823452085390158560 1 4
0 1 2 3 

154 13095608856506658663 2 4
3 7 4 1 
7 3 4 1 

27 5889220044459555769 1 4
0 3 4 1 

284 5705165468213556174 1 4
4 8 2 3 

209 5625766177066252915 2 4
4 0 6 7 
4 0 7 6 

336 12585292063867719537 2 3
4 6 8 
4 8 6 

79 17450501869412440822 1 5
1 2 3 0 6 

74 10732945822199232338 2 3
1 3 6 
1 6 3 

331 1405537105720080740 1 5
1 3 0 8 6 

88 10706753935364593016 2 3
4 3 6 
4 6 3 

345 7616782957309397011 1 5
4 3 0 8 6 

52 12716786440761151243 1 3
4 2 5 

309 10669420533597564213 1 5
4 2 5 0 8 

56 6769977200444175653 2 3
4 3 5 
4 5 3 

313 10898722602978016487 1 5
4 5 3 0 8 

165 8735373768705301463 1 4
2 5 0 7 

38 12784811007831487267 1 3
1 2 5 

295 474408704677938418 1 5
1 2 5 0 8 

292 11176232451171760786 1 3
8 2 5 

35 4295891645195782243 1 3
0 1 5 

197 5625766177066252915 2 4
2 0 6 7 
2 0 7 6 

324 12585292063867719537 2 3
2 6 8 
2 8 6 

67 8387938762811113651 1 3
1 0 6 

70 7153490934210560203 1 3
2 1 6 

327 12091419451103225274 1 5
2 1 0 8 6 

100 4510228031795934510 1 3
6 2 5 

3 4377786004199497311 1 2
0 1 

17 17087753756477223945 2 2
0 4 
4 0 

194 5663025652629223921 2 3
1 6 7 
1 7 6 

133 11149028268085365730 1 3
2 0 7 

390 17752166808762681022 1 4
2 1 8 7 

6 4377786004199497311 1 2
2 1 

263 12628887853214945162 1 4
2 1 0 8 

400 3870621583062396010 2 3
4 7 8 
4 8 7 

143 17198885529281537799 1 5
1 2 3 0 7 

273 11149028268085365730 1 3
4 0 8 

19 1924194220760541346 1 3
0 4 1 

276 16574095905003600574 2 3
2 4 8 
4 2 8 

147 10015635684529625184 1 4
4 1 0 7 

404 16406621722779782888 2 4
2 4 8 7 
4 2 8 7 

20 17087753756477223945 2 2
2 4 
4 2 

277 17033440425027155532 2 4
2 4 0 8 
4 2 0 8 

11 327867739371033520 1 3
0 1 3 

138 2556403723832706817 2 3
1 3 7 
1 7 3 

98 703301062388473099 2 3
1 5 6 
1 6 5 

196 17258787824257198352 2 3
2 6 7 
2 7 6 

69 11149028268085365730 1 3
2 0 6 

326 3638111280317914633 1 4
2 1 8 6 

84 2361156492905547982 2 3
2 4 6 
4 2 6 

13 6486448604913209494 1 3
0 2 3 

270 13214813430886245187 1 4
1 8 2 3 

131 8387938762811113651 1 3
1 0 7 

388 3870621583062396010 2 3
2 7 8 
2 8 7 

28 6486448604913209494 1 3
4 2 3 

285 18252339766879522175 1 5
4 2 3 0 8 

141 13796289709583244209 1 4
2 3 0 7 

14 1691391334489100249 1 3
1 2 3 

271 4105968180913016522 1 5
1 2 3 0 8 

104 187015039591281257 2 3
6 5 3 
6 3 5 

112 18207486321558840374 2 3
4 5 6 
4 6 5 

145 11149028268085365730 1 3
4 0 7 

402 2784836220809476382 2 4
4 1 7 8 
4 1 8 7 

195 12796530862410738943 2 4
1 0 6 7 
1 0 7 6 

452 15236505058129304159 1 4
2 7 8 6 

322 13752374035463932803 2 3
1 6 8 
1 8 6 

25 1330854201845664887 2 3
0 4 3 
4 0 3 

282 18438294257299239163 2 4
3 8 4 1 
8 3 4 1 

152 12769602731266802952 2 3
4 3 7 
4 7 3 

7 738528815997661692 2 3
0 2 1 
2 0 1 

261 11149028268085365730 1 3
2 0 8 

134 7153490934210560203 1 3
2 1 7 

49 17662388742419376403 2 3
0 4 5 
4 0 5 

306 9148444803838980218 2 4
5 8 4 1 
8 5 4 1 

176 18054779487213094827 2 3
4 5 7 
4 7 5 

162 703301062388473099 2 3
1 5 7 
1 7 5 

153 2602917121141140096 1 4
4 3 0 7 

41 2646679150000234221 2 3
0 3 5 
0 5 3 

298 8459697457299594022 1 4
1 8 3 5 

168 2746274521266220642 2 3
7 5 3 
7 3 5 

21 10464402029777390164 6 3
0 2 4 
0 4 2 
2 0 4 
2 4 0 
4 2 0 
4 0 2 

278 4845591047196161982 1 4
2 8 4 1 

148 5707635945091764290 2 3
2 4 7 
4 2 7 

139 10605796849317174234 1 4
1 3 0 7 

396 8226989252743794708 2 4
2 3 7 8 
2 3 8 7 

266 1648682142023281133 2 3
1 3 8 
1 8 3 

37 13747628228603137835 1 3
0 2 5 

294 3563677607408767027 1 4
1 8 2 5 

164 4510228031795934510 1 3
7 2 5 

81 11149028268085365730 1 3
4 0 6 

338 15331212118094785584 2 4
4 1 6 8 
4 1 8 6 

208 17258787824257198352 2 3
4 6 7 
4 7 6 

386 2231123473344165760 2 3
1 7 8 
1 8 7 

5 17087753756477223945 2 2
0 2 
2 0 

262 327867739371033520 1 3
2 1 8 

259 8387938762811113651 1 3
1 0 8 

135 1620672130886881440 1 4
2 1 0 7 

163 2877331954311914285 1 4
1 5 0 7 

420 9172107147791376447 1 4
2 5 7 8 

290 703301062388473099 2 3
1 5 8 
1 8 5 

177 17894880357480254922 1 4
4 5 0 7 

304 16258839135554755291 2 3
4 5 8 
4 8 5 

47 18079555599477512136 1 5
0 1 5 2 3 

149 9192673037414984222 2 4
2 4 0 7 
4 2 0 7 

22 1924194220760541346 1 3
2 4 1 

279 3578444122665729649 1 5
2 4 1 0 8 

169 14192852830042885040 2 4
3 5 0 7 
5 3 0 7 

42 3390659434148729845 2 3
1 3 5 
1 5 3 

299 13147991122473827265 1 5
1 3 5 0 8 

226 16257904900445223096 2 4
1 5 6 7 
1 5 7 6 

240 2357200053182921339 1 4
4 5 7 6 

212 391625185477465501 2 4
2 4 6 7 
4 2 6 7 

232 1795200902221953266 2 4
3 5 6 7 
5 3 6 7 

228 1599933838831534343 2 4
2 5 6 7 
2 5 7 6 

275 10015635684529625184 1 4
4 1 0 8 

267 17977036154646384679 1 4
1 3 0 8 

281 1470142328109767921 1 4
4 3 0 8 

269 13796289709583244209 1 4
2 3 0 8 

291 2877331954311914285 1 4
1 5 0 8 

305 12152577045520422986 1 4
4 5 0 8 

297 5741225646592503447 2 4
3 5 0 8 
5 3 0 8 

293 16664461303933377272 1 4
2 5 0 8 

312 7861852983353935222 1 4
4 8 5 3 

55 3987676758855727122 1 5
0 2 5 4 1 

323 14189902783125486146 2 4
1 0 6 8 
1 0 8 6 

337 15669754230730330559 2 4
4 0 6 8 
4 0 8 6 

325 15669754230730330559 2 4
2 0 6 8 
2 0 8 6 

330 11502771453409755186 1 4
1 3 8 6 

344 3594530558944545459 1 4
4 3 8 6 

87 8378429550400719673 1 5
2 4 1 0 6 

354 1774173188402836027 2 4
1 5 6 8 
1 5 8 6 

368 3418372805148521270 1 4
4 5 8 6 

387 17207841594153866587 2 4
1 0 7 8 
1 0 8 7 

360 8598181255574835227 2 4
3 5 6 8 
5 3 6 8 

103 7224809025380738518 1 5
1 2 5 0 6 

401 5215022540671273095 2 4
4 0 7 8 
4 0 8 7 

408 14306477252083823039 1 4
4 3 7 8 

151 17316243680989400391 1 5
2 4 1 0 7 

394 3821485291493568128 1 4
1 3 7 8 

389 5215022540671273095 2 4
2 0 7 8 
2 0 8 7 

418 4422064225085045733 2 4
1 5 7 8 
1 5 8 7 

432 7262836224129383888 1 4
4 5 8 7 

450 1019340032920959546 1 4
1 7 8 6 

464 15236505058129304159 1 4
4 7 8 6 

424 14763096501655265921 2 4
3 5 7 8 
5 3 7 8 

167 7224809025380738518 1 5
1 2 5 0 7 

31 934596619366377317 1 5
0 2 3 4 1 

59 4295850115772362010 1 5
0 5 3 4 1 

316 7619547086907349168 1 5
4 8 5 2 3 

62 14576263043905994798 1 5
4 1 5 2 3 

61 12870537522393528664 1 5
0 4 5 2 3 

91 15074888189836408084 1 5
3 4 1 0 6 

93 17665058310503640421 1 5
4 2 3 0 6 

94 12516064248463148935 1 5
6 2 3 4 1 

107 8826629356364128109 1 5
1 5 3 0 6 

121 14453904469706827638 1 5
4 5 3 0 6 

115 1584079074756163287 1 5
5 4 1 0 6 

117 12098190708305277331 1 5
4 2 5 0 6 

122 10967257998129468296 1 5
6 5 3 4 1 

118 15551457911614799409 1 5
6 2 5 4 1 

109 11025729772800852257 1 5
0 6 5 2 3 

110 1187604477716477621 1 5
6 1 5 2 3 

124 15851785362384921756 1 5
4 6 5 2 3 

155 12891309591250785205 1 5
3 4 1 0 7 

157 1154068898222048589 1 5
4 2 3 0 7 

179 15798666867692973689 1 5
5 4 1 0 7 

171 12272423868969544355 1 5
1 3 5 0 7 

158 5415133859428348866 1 5
7 2 3 4 1 

185 7722397089485597674 1 5
4 5 3 0 7 

186 11631008132192271432 1 5
7 5 3 4 1 

181 12443127872890278842 1 5
4 2 5 0 7 

173 6125067300560126168 1 5
0 7 5 2 3 

174 6734402660254115275 1 5
7 1 5 2 3 

182 14303582088221833242 1 5
7 2 5 4 1 

188 12379690329493613751 1 5
4 7 5 2 3 

211 4473223526613891555 2 5
4 1 0 6 7 
4 1 0 7 6 

203 3977778777520210777 1 5
1 3 0 7 6 

217 12561397723489741560 1 5
4 3 0 7 6 

199 16871116862957462967 2 5
2 1 0 6 7 
2 1 0 7 6 

218 13245109311676270345 1 5
3 4 1 7 6 

213 9648824109054852665 2 5
2 4 0 6 7 
4 2 0 6 7 

205 11919616204174791151 2 5
2 3 0 6 7 
2 3 0 7 6 

214 497825093640650876 1 5
2 4 1 6 7 

206 2771752087341056861 1 5
1 2 3 7 6 

220 1389956865691988907 1 5
4 2 3 6 7 

227 12602680333603343753 2 5
1 5 0 6 7 
1 5 0 7 6 

241 6356029455425133491 1 5
4 5 0 7 6 

233 10537463247056809139 2 5
3 5 0 6 7 
5 3 0 6 7 

234 7021112302295080311 1 5
1 3 5 6 7 

242 1506212523678121016 1 5
5 4 1 7 6 

248 9326004932460734143 1 5
4 5 3 6 7 

229 3456213162298431091 2 5
2 5 0 6 7 
2 5 0 7 6 

230 11642696445241594185 2 5
1 2 5 6 7 
1 2 5 7 6 

244 15496045161400541799 1 5
4 2 5 7 6 

236 12750036537659402999 1 5
6 7 5 2 3 

283 10711225321201110102 1 5
3 4 1 0 8 

307 6914078659281735779 1 5
5 4 1 0 8 

301 294071232651448535 1 5
0 8 5 2 3 

339 10884789224141878617 2 5
4 1 0 6 8 
4 1 0 8 6 

