500 12268431073100315768 1 6
5 6 4 2 7 8 

504 14029391078030801790 1 6
5 6 4 3 7 8 

492 14098618068016009311 1 6
6 5 3 2 8 7 

498 11576132848662583868 1 6
4 5 6 7 1 8 

497 5759133088121733338 1 6
4 5 6 0 7 8 

486 11287778361505058623 1 6
2 5 6 1 7 8 

485 11343501368736960567 1 6
2 6 5 0 8 7 

490 18441178261630737327 1 6
3 6 5 8 7 1 

489 3099945192206314102 1 6
3 6 5 0 8 7 

483 2181962771972861473 2 6
5 6 0 1 7 8 
6 5 0 1 7 8 

476 12839172334227888740 1 6
6 8 7 4 3 2 

470 16578137296746043666 1 6
6 4 2 7 1 8 

469 9317638742213830345 1 6
6 4 2 0 8 7 

474 8769650945097628028 1 6
6 4 3 8 7 1 

473 5263466873133831383 1 6
6 4 3 0 8 7 

467 6248268129177701844 1 6
4 6 0 7 1 8 

462 17581363620480544551 1 6
6 3 2 8 7 1 

461 6778077439115922210 1 6
6 3 2 0 8 7 

455 17434343236294229377 1 6
2 6 0 7 1 8 

459 12129275744581810057 2 6
3 6 0 8 7 1 
6 3 0 8 7 1 

444 7071763985754589958 1 6
5 7 8 4 3 2 

438 5032519656680890290 1 6
5 4 2 7 1 8 

437 736668454922220358 1 6
5 4 2 0 7 8 

442 3379015653345129917 1 6
5 4 3 7 1 8 

441 2991407265397074718 1 6
5 4 3 0 7 8 

430 14307265097395050177 1 6
5 3 2 7 1 8 

435 18236453188574730886 1 6
4 5 0 7 1 8 

429 13599278678132911501 1 6
5 3 2 0 7 8 

423 5653039460893808209 1 6
2 5 0 1 7 8 

427 8345404029737073525 2 6
3 5 0 7 1 8 
5 3 0 7 1 8 

414 12339252243021562492 1 6
4 2 3 1 7 8 

413 16621910717534698981 2 6
4 2 3 0 7 8 
4 2 3 0 8 7 

407 8028079931347863604 1 6
4 2 0 1 7 8 

411 8708064433960984980 1 6
4 3 0 1 7 8 

374 15859184361649102812 1 6
5 6 4 2 1 8 

399 8645179232678036412 1 6
2 3 0 1 7 8 

380 17288064987242070368 1 6
8 6 5 4 3 2 

373 12585462637985939449 1 6
6 5 0 8 4 2 

378 3001717181928009145 1 6
6 5 4 3 8 1 

371 7179341853739669064 2 6
4 5 6 0 1 8 
4 6 5 0 8 1 

377 13702563814425336927 1 6
6 5 0 8 4 3 

366 1285806394333898783 1 6
6 5 3 2 8 1 

365 1288310473184926263 1 6
6 5 0 8 3 2 

359 5789787846964883274 1 6
2 5 6 0 1 8 

349 10084359463391310015 1 6
6 0 8 4 3 2 

350 1473771920012120841 1 6
6 8 1 4 3 2 

363 14942505778998425332 1 6
3 6 5 0 8 1 

343 1891139723348038523 1 6
6 4 2 0 8 1 

347 2848437991697240309 1 6
6 4 3 0 8 1 

335 1623721380498038645 1 6
6 3 2 0 8 1 

318 8592235921255551803 1 6
5 1 8 4 2 3 

317 11160040611252928320 1 6
5 0 8 4 2 3 

311 5861726876629829852 1 6
5 4 2 0 1 8 

303 2766981896267252524 1 6
5 2 3 0 1 8 

315 16756137777368344573 1 6
5 4 3 0 8 1 

287 15128790527967393424 2 6
4 2 3 0 1 8 
4 2 3 0 8 1 

252 13444296877187899121 1 6
7 5 6 4 3 2 

246 18292118431511212169 1 6
5 6 4 2 7 1 

245 9161205484614987039 1 6
5 6 4 2 0 7 

250 18248356975673872922 1 6
5 6 4 3 7 1 

249 4031389601513504878 1 6
5 6 4 3 0 7 

243 8432392860896242365 1 6
4 5 6 0 7 1 

238 14243459117064984743 1 6
5 6 7 1 3 2 

237 7306191643819616991 1 6
5 6 0 7 3 2 

231 5448550856085934080 1 6
2 5 6 0 1 7 

222 8055353896959654917 1 6
6 7 1 4 2 3 

235 9762315288916528668 1 6
3 5 6 0 7 1 

215 16498633267906852505 1 6
6 4 2 0 7 1 

221 15370261022803445972 1 6
6 0 7 4 2 3 

219 4083165153539258127 1 6
6 4 3 0 7 1 

190 9937648074133646729 1 6
5 7 1 4 3 2 

207 10865894643980503072 1 6
6 2 3 0 7 1 

183 4248484957138350192 1 6
5 4 2 0 7 1 

189 7154304847996615301 1 6
5 0 7 4 3 2 

175 17072771304051776815 1 6
5 3 2 0 7 1 

187 18364085304369801951 1 6
5 4 3 0 7 1 

125 3270001957274916694 2 6
0 5 6 4 2 3 
0 6 5 4 2 3 

119 12703989247224106968 1 6
5 6 0 1 4 2 

159 18100508254396215726 2 6
4 2 3 0 1 7 
4 2 3 0 7 1 

126 915863378418885591 1 6
1 5 6 4 2 3 

123 857788700436314947 1 6
6 5 0 1 4 3 

111 1426321456256125937 1 6
5 6 0 1 2 3 

95 11145677467280566470 1 6
6 0 1 4 2 3 

63 5523270595414700708 1 6
5 0 1 4 2 3 

496 3279351965773113846 1 5
4 5 6 7 8 

484 12122429581856766013 1 5
2 6 5 8 7 

481 18360351758154396682 4 5
5 6 0 7 8 
5 6 0 8 7 
6 5 0 7 8 
6 5 0 8 7 

488 16990069662827405584 1 5
3 6 5 8 7 

482 10003363766066939319 2 5
5 6 1 7 8 
6 5 1 7 8 

468 972547070538448022 1 5
6 4 2 8 7 

472 2569383802085552287 1 5
6 4 3 8 7 

465 6692525575165568178 1 5
4 6 0 7 8 

466 5865648677003046637 1 5
4 6 7 1 8 

460 15781365335868662927 1 5
6 3 2 8 7 

454 4672618691326214262 1 5
2 6 7 1 8 

453 11631995826805746977 1 5
2 6 0 8 7 

458 8568392270807121372 2 5
3 6 8 7 1 
6 3 8 7 1 

436 8396579265382753913 1 5
5 4 2 7 8 

457 4643913384819275632 2 5
3 6 0 8 7 
6 3 0 8 7 

434 6390567556443487704 1 5
4 5 7 1 8 

440 13475630103291284317 1 5
5 4 3 7 8 

428 10856602151771742412 1 5
5 3 2 7 8 

422 3108018112354097194 1 5
2 5 1 7 8 

433 7659084670414255243 1 5
4 5 0 7 8 

426 8219797171344022969 2 5
3 5 7 1 8 
5 3 7 1 8 

306 6715984003799477414 1 4
4 5 8 1 

49 17034127061060784930 2 3
0 4 5 
4 0 5 

294 15544701365875605855 1 4
2 5 1 8 

37 327867739371033520 1 3
0 2 5 

298 4203977922869772278 2 4
3 5 8 1 
5 3 8 1 

41 10706753935364593016 2 3
0 3 5 
0 5 3 

278 17097687334912581949 2 4
4 2 1 8 
4 2 8 1 

21 7997497298910685604 1 3
0 4 2 

282 10083773938285380914 2 4
4 3 1 8 
4 3 8 1 

25 11149028268085365730 1 3
0 4 3 

270 4348155017681135374 2 4
2 3 1 8 
2 3 8 1 

13 1678932353639752710 1 3
0 2 3 

263 12796530862410738943 2 4
2 0 1 8 
2 0 8 1 

149 10502313644418076218 1 4
4 2 0 7 

406 12823645668548716737 1 5
4 2 1 7 8 

153 15406660600063173003 2 4
0 7 4 3 
4 3 0 7 

410 6089213516061521075 1 5
4 3 1 7 8 

141 15569768051856997964 1 4
0 7 2 3 

398 127423678105614677 1 5
2 3 1 7 8 

116 12279454143679028398 2 4
5 6 4 2 
6 5 4 2 

120 8370605069443973321 2 4
5 6 4 3 
6 5 4 3 

114 2974034241685862189 1 4
4 1 6 5 

240 14723623575890196320 1 4
4 7 5 6 

113 12049033621978538171 2 4
0 4 5 6 
0 4 6 5 

370 13288409680962758449 2 5
4 5 6 1 8 
4 6 5 8 1 

108 3846755029347707385 2 4
5 6 2 3 
6 5 2 3 

228 13632274399423401847 1 4
2 7 5 6 

101 8530479279632510963 2 4
0 2 5 6 
0 2 6 5 

358 8501015530322052832 1 5
2 5 6 1 8 

102 8067665303282225009 1 4
2 1 5 6 

106 15183985570863556182 2 4
1 3 6 5 
3 1 6 5 

232 4247939009769351187 2 4
3 7 5 6 
7 3 5 6 

105 5319217811757418118 2 4
0 3 5 6 
0 3 6 5 

362 11420930645251342159 1 5
3 6 5 8 1 

226 11197286858225558775 4 4
5 6 1 7 
5 6 7 1 
6 5 1 7 
6 5 7 1 

99 2590347168206459124 2 4
5 6 0 1 
6 5 0 1 

356 1910834016466446078 1 4
2 8 6 5 

86 15680996000513456435 2 4
1 6 4 2 
6 1 4 2 

212 4554781542730876856 2 4
6 7 4 2 
7 6 4 2 

85 7014398090748605294 1 4
0 6 4 2 

342 259856313496497432 1 5
6 4 2 8 1 

90 6436561202648490140 2 4
1 6 4 3 
6 1 4 3 

78 2215129808801563759 2 4
1 6 2 3 
6 1 2 3 

210 14966590157583354970 1 4
4 6 7 1 

83 11066489244232509742 1 4
4 6 0 1 

340 11708658638555468536 2 4
6 8 4 2 
8 6 4 2 

216 3656293589500805796 2 4
6 7 4 3 
7 6 4 3 

89 10678243750605623333 1 4
0 6 4 3 

346 11192765136232413617 1 5
6 4 3 8 1 

204 15418101414717490425 2 4
6 7 2 3 
7 6 2 3 

77 13611015253586847246 1 4
0 6 2 3 

334 9631809151533103234 1 5
6 3 2 8 1 

54 11694783882591994162 2 4
1 5 4 2 
5 1 4 2 

198 18252742185220581427 1 4
2 6 7 1 

71 13218529390137403831 1 4
2 6 0 1 

328 13119232308241019096 6 3
3 6 8 
3 8 6 
6 3 8 
6 8 3 
8 6 3 
8 3 6 

180 13221091430979218951 2 4
5 7 4 2 
7 5 4 2 

53 7014398090748605294 1 4
0 5 4 2 

310 10394677319436662641 1 5
5 4 2 1 8 

145 11149028268085365730 1 3
4 0 7 

402 15236505058129304159 1 4
4 1 7 8 

281 15406660600063173003 2 4
0 8 4 3 
4 3 0 8 

154 5212208834225348329 2 4
4 3 1 7 
4 3 7 1 

27 15406660600063173003 2 4
0 1 4 3 
4 3 0 1 

329 6534630873780932037 2 4
3 6 0 8 
6 3 0 8 

202 7978115995136584964 2 4
3 6 7 1 
6 3 7 1 

75 17551861176896189898 2 4
3 6 0 1 
6 3 0 1 

332 14631971499250976343 2 4
6 8 3 2 
8 6 3 2 

147 5215022540671273095 2 4
4 0 1 7 
4 0 7 1 

404 3485142825394505366 2 4
4 2 7 8 
4 2 8 7 

274 17258787824257198352 2 3
4 1 8 
4 8 1 

17 17087753756477223945 2 2
0 4 
4 0 

277 10502313644418076218 1 4
4 2 0 8 

150 7366771495497785449 2 4
4 2 1 7 
4 2 7 1 

23 10502313644418076218 1 4
4 2 0 1 

133 8387938762811113651 1 3
2 0 7 

390 1019340032920959546 1 4
2 1 7 8 

269 15569768051856997964 1 4
0 8 2 3 

142 16743187070570910219 2 4
1 7 2 3 
7 1 2 3 

15 15569768051856997964 1 4
0 1 2 3 

293 3194918324079093306 1 4
2 5 0 8 

166 3821485291493568128 1 4
2 5 1 7 

39 10605796849317174234 1 4
2 5 0 1 

296 1780203312458342186 6 3
3 5 8 
3 8 5 
5 3 8 
5 8 3 
8 5 3 
8 3 5 

5 4377786004199497311 1 2
0 2 

262 5663025652629223921 2 3
2 1 8 
2 8 1 

104 11283220846380389061 2 3
3 5 6 
3 6 5 

361 17283828241110858853 1 5
3 6 5 0 8 

172 17246500888756642920 2 4
5 7 3 2 
7 5 3 2 

45 13611015253586847246 1 4
0 5 2 3 

302 400828331695231044 1 5
5 2 3 1 8 

112 9473937741700373895 2 3
4 5 6 
4 6 5 

369 1463172023042695091 1 5
4 5 6 0 8 

300 16658129908288970165 2 4
5 8 2 3 
8 5 2 3 

43 6925972535638963533 2 4
3 5 0 1 
5 3 0 1 

46 12205542100443996796 2 4
1 5 2 3 
5 1 2 3 

69 327867739371033520 1 3
0 2 6 

326 14398277002304159458 1 4
2 6 8 1 

196 1148611612121554985 2 3
2 6 7 
2 7 6 

100 15311484384221899405 2 3
2 5 6 
2 6 5 

357 13346039738540434294 1 5
2 6 5 0 8 

168 14590248500468714027 6 3
3 5 7 
3 7 5 
5 3 7 
5 7 3 
7 5 3 
7 3 5 

425 1764380526012385433 2 5
3 5 0 7 8 
5 3 0 7 8 

209 5790440775842555603 1 4
4 6 0 7 

82 8666925077151757690 2 3
4 1 6 
4 6 1 

339 88512077102624744 1 5
4 6 0 1 8 

336 10706753935364593016 2 3
4 6 8 
4 8 6 

79 5729098636899682459 1 5
6 0 1 2 3 

200 14860785610888650053 6 3
3 6 7 
3 7 6 
6 3 7 
6 7 3 
7 6 3 
7 3 6 

73 10706753935364593016 2 3
0 3 6 
0 6 3 

330 2974813683649203891 2 4
3 6 8 1 
6 3 8 1 

164 1648682142023281133 2 3
2 5 7 
2 7 5 

421 1405537105720080740 1 5
2 5 0 7 8 

146 3870621583062396010 2 3
4 1 7 
4 7 1 

403 6672129407013007123 1 5
4 0 1 7 8 

400 12585292063867719537 2 3
4 7 8 
4 8 7 

143 4119755126681095386 2 5
2 3 0 1 7 
2 3 0 7 1 

19 11149028268085365730 1 3
4 0 1 

273 11149028268085365730 1 3
4 0 8 

275 5625766177066252915 2 4
4 0 1 8 
4 0 8 1 

176 16258839135554755291 2 3
4 5 7 
4 7 5 

312 17065607942865884096 2 4
5 8 4 3 
8 5 4 3 

55 6061615888904779436 1 5
5 4 2 0 1 

58 6925972535638963533 2 4
1 5 4 3 
5 1 4 3 

81 17034127061060784930 2 3
0 4 6 
4 0 6 

338 6715984003799477414 1 4
4 6 1 8 

208 12769602731266802952 2 3
4 6 7 
4 7 6 

97 12879693098386585922 2 3
0 5 6 
0 6 5 

354 808532758221848463 4 4
5 6 1 8 
5 6 8 1 
6 5 1 8 
6 5 8 1 

224 11283220846380389061 2 3
7 6 5 
7 5 6 

135 17207841594153866587 2 4
2 0 1 7 
2 0 7 1 

165 17977036154646384679 1 4
2 5 0 7 

38 2556403723832706817 2 3
2 1 5 
2 5 1 

295 3977778777520210777 1 5
2 5 0 1 8 

292 10732945822199232338 2 3
2 5 8 
2 8 5 

177 4371207259318435742 1 4
4 5 0 7 

50 10706753935364593016 2 3
4 1 5 
4 5 1 

307 88512077102624744 1 5
4 5 0 8 1 

304 8666925077151757690 2 3
4 5 8 
4 8 5 

47 13104255396878134378 1 5
5 0 1 2 3 

169 16372862971607241679 2 4
3 5 0 7 
5 3 0 7 

201 4415345656511538872 2 4
3 6 0 7 
6 3 0 7 

74 754205998099296360 6 3
1 3 6 
1 6 3 
3 1 6 
3 6 1 
6 3 1 
6 1 3 

331 15207790335891244739 2 5
3 6 0 8 1 
6 3 0 8 1 

197 6566555380970344854 1 4
2 6 0 7 

70 7185466636915630792 2 3
2 1 6 
2 6 1 

327 5578761428030683472 1 5
2 6 0 8 1 

324 1323343037929180393 2 3
2 6 8 
2 8 6 

29 1586340772485553640 1 4
0 4 2 3 

286 17800933478209697763 2 5
1 8 4 2 3 
8 1 4 2 3 

134 2231123473344165760 2 3
2 1 7 
2 7 1 

391 2004172625537400342 1 5
2 0 1 7 8 

7 8387938762811113651 1 3
2 0 1 

261 8387938762811113651 1 3
2 0 8 

388 13752374035463932803 2 3
2 7 8 
2 8 7 

225 2590347168206459124 2 4
5 6 0 7 
6 5 0 7 

98 11283220846380389061 2 3
1 5 6 
1 6 5 

355 10038813378203498130 4 5
5 6 0 1 8 
5 6 0 8 1 
6 5 0 1 8 
6 5 0 8 1 

352 11283220846380389061 2 3
8 6 5 
8 5 6 

184 369532976787244944 2 4
5 7 4 3 
7 5 4 3 

57 10678243750605623333 1 4
0 5 4 3 

314 5794470613774394554 1 5
5 4 3 8 1 

297 478251313684996637 2 4
3 5 0 8 
5 3 0 8 

170 9227379641990250253 2 4
3 5 7 1 
5 3 7 1 

305 11066489244232509742 1 4
4 5 0 8 

178 125969937635585562 1 4
4 5 7 1 

51 10678243750605623333 1 4
4 5 0 1 

308 16202776138405961672 2 4
5 8 4 2 
8 5 4 2 

325 11100890817693814126 1 4
2 6 0 8 

337 10678243750605623333 1 4
4 6 0 8 

344 6534630873780932037 2 4
6 8 4 3 
8 6 4 3 

87 1884799941628249449 1 5
6 4 2 0 1 

353 2590347168206459124 2 4
5 6 0 8 
6 5 0 8 

360 10247633285845319962 2 4
3 8 6 5 
8 3 6 5 

103 16626477744393039383 1 5
2 5 6 0 1 

368 2974034241685862189 1 4
4 8 5 6 

389 14189902783125486146 2 4
2 0 7 8 
2 0 8 7 

401 15669754230730330559 2 4
4 0 7 8 
4 0 8 7 

396 3297680459202364769 2 4
2 3 7 8 
2 3 8 7 

408 7150496180077738619 2 4
4 3 7 8 
4 3 8 7 

151 15672214759086350742 2 5
4 2 0 1 7 
4 2 0 7 1 

424 3570514013793875461 2 4
3 5 7 8 
5 3 7 8 

167 3903285842754522591 1 5
2 5 0 1 7 

420 11502771453409755186 1 4
2 5 7 8 

432 14219444897841257376 1 4
4 5 7 8 

464 18125736765879375276 1 4
4 6 7 8 

452 12880100266817802468 1 4
2 6 8 7 

456 17015737541233389546 2 4
3 6 8 7 
6 3 8 7 

199 16184706305966976040 1 5
2 6 0 7 1 

480 9182445166795294852 4 4
5 6 7 8 
5 6 8 7 
6 5 7 8 
6 5 8 7 

31 5353987606800960184 1 5
0 1 4 2 3 

59 14101386073281614423 2 5
5 4 3 0 1 
5 0 1 4 3 

316 2968130393864192696 2 5
5 8 4 2 3 
8 5 4 2 3 

61 2382986982502591437 1 5
0 5 4 2 3 

91 3760152792729912778 1 5
6 4 3 0 1 

348 3591670513772069635 2 5
6 8 4 3 2 
8 6 4 3 2 

62 4013922978909186504 2 5
1 5 4 2 3 
5 1 4 2 3 

107 4212801334358916287 1 5
3 6 5 0 1 

364 5929355903156152631 1 5
8 6 5 3 2 

93 2382986982502591437 1 5
0 6 4 2 3 

94 11804682175140494079 2 5
1 6 4 2 3 
6 1 4 2 3 

110 15737691140235761243 1 5
1 5 6 2 3 

115 1463172023042695091 1 5
4 6 5 0 1 

372 10006046642074952698 1 5
8 6 5 4 2 

109 798387252839805663 2 5
0 5 6 2 3 
0 6 5 2 3 

121 18024809954129893830 2 5
0 5 6 4 3 
0 6 5 4 3 

122 12135173208877064631 1 5
1 6 5 4 3 

118 2058822230275818961 1 5
1 5 6 4 2 

124 5124031355155936334 2 5
5 6 4 2 3 
6 5 4 2 3 

117 6364589054319410358 2 5
0 5 6 4 2 
0 6 5 4 2 

155 16426964197223592242 2 5
4 3 0 1 7 
4 3 0 7 1 

412 11854522091325980182 2 5
7 8 4 2 3 
8 7 4 2 3 

157 5353987606800960184 1 5
0 7 4 2 3 

171 3228604939244722632 2 5
3 5 0 7 1 
5 3 0 7 1 

158 5642221049349612222 2 5
1 7 4 2 3 
7 1 4 2 3 

173 18030847494749161410 1 5
5 0 7 3 2 

174 1947142524805181810 1 5
5 7 1 3 2 

179 1417990608142343166 1 5
4 5 0 7 1 

185 4528018944250098529 1 5
5 4 3 0 7 

186 8306237147010589666 1 5
5 4 3 7 1 

181 17778344187710009949 1 5
5 4 2 0 7 

182 13207548182416202535 1 5
5 4 2 7 1 

203 17788255648278127647 2 5
3 6 0 7 1 
6 3 0 7 1 

188 10705721108395818617 2 5
5 7 4 3 2 
7 5 4 3 2 

211 16615798190543217373 1 5
4 6 0 7 1 

205 582122483215284477 1 5
6 0 7 2 3 

206 13479931452454488271 1 5
6 7 1 2 3 

218 2777425228107064383 1 5
6 4 3 7 1 

217 10118561873234284183 1 5
6 4 3 0 7 

213 9941530792809516492 1 5
6 4 2 0 7 

214 12593572306738679575 1 5
6 4 2 7 1 

220 2162336694844374186 2 5
6 7 4 2 3 
7 6 4 2 3 

227 16008869278490615878 4 5
5 6 0 1 7 
5 6 0 7 1 
6 5 0 1 7 
6 5 0 7 1 

233 203718896512337090 1 5
3 5 6 0 7 

234 3220813728252967273 1 5
3 5 6 7 1 

229 10854006418803892199 1 5
2 5 6 0 7 

230 11054398536573768064 1 5
2 5 6 1 7 

236 1677309375728742783 1 5
7 5 6 3 2 

241 14178588651577787041 1 5
4 5 6 0 7 

242 6079734504302127448 1 5
4 5 6 7 1 

248 3569336385613337124 1 5
7 5 6 4 3 

271 1587633620725125211 2 5
2 3 0 1 8 
2 3 0 8 1 

244 18346574313576846079 1 5
7 5 6 4 2 

283 17788491003375796138 2 5
4 3 0 1 8 
4 3 0 8 1 

285 5353987606800960184 1 5
0 8 4 2 3 

279 10635625798461265727 2 5
4 2 0 1 8 
4 2 0 8 1 

299 8343673672166374860 2 5
3 5 0 8 1 
5 3 0 8 1 

301 7254016587222090470 1 5
5 0 8 2 3 

313 876729025071605520 1 5
5 4 3 0 8 

309 17772979202424180787 1 5
5 4 2 0 8 

333 7455402910842394511 1 5
6 0 8 3 2 

345 10988017121293555584 2 5
6 4 3 0 8 
6 0 8 4 3 

341 1846388560662988191 1 5
6 4 2 0 8 

376 14849027137022793673 1 5
8 6 5 4 3 

397 8590472625129736341 2 5
2 3 0 7 8 
2 3 0 8 7 

409 1170858302316114891 2 5
4 3 0 7 8 
4 3 0 8 7 

405 14866861711792080622 2 5
4 2 0 7 8 
4 2 0 8 7 

