bhabha2pb2m[-1,0,1,0,0,0,0,0,0]*(-8*a2)
bhabha2pb2m[0,0,0,0,0,0,0,0,0]*(6*a3-6*a7+6*a1-6*a2)
bhabha2pb2m[0,0,1,0,0,-1,0,0,0]*(4*a2)
bhabha2pb2m[0,0,1,0,0,0,-1,0,0]*(4*a2)
bhabha2pb2m[0,0,1,0,0,0,0,0,0]*(-6*eta*a2)
bhabha2pb2m[0,0,0,0,0,0,0,0,1]*(-4*a8)
bhabha2pb2m[0,0,1,-1,0,0,0,0,0]*(-2*a2)
bhabha2pb2m[0,0,0,0,0,0,0,-1,1]*(5*a8)
bhabha2pb2m[-1,0,0,0,0,0,0,0,1]*(-2*a8)
bhabha2pb2m[0,0,0,0,1,0,0,0,0]*(7*eta*a4)
bhabha2pb2m[-1,0,0,0,0,0,0,1,0]*(4*a7)
bhabha2pb2m[0,-1,0,0,0,0,0,0,1]*(-3*a8)
bhabha2pb2m[0,0,0,0,1,0,-1,0,0]*(-8*a4)
bhabha2pb2m[0,-1,0,0,0,0,0,1,0]*(2*a7)
bhabha2pb2m[0,0,0,0,0,0,0,1,0]*(8*a7)
bhabha2pb2m[-1,1,0,0,0,0,0,0,0]*(-4*a1)
bhabha2pb2m[0,1,0,0,0,0,0,-1,0]*(-2*a1)
bhabha2pb2m[0,1,0,0,0,0,0,0,0]*(-8*a1)
bhabha2pb2m[-1,0,0,0,1,0,0,0,0]*(16*a4)
bhabha2pb2m[0,0,0,0,1,-1,0,0,0]*(-8*a4)
bhabha2pb2m[-1,0,0,1,0,0,0,0,0]*(8*a3)
bhabha2pb2m[0,0,-1,1,0,0,0,0,0]*(2*a3)
bhabha2pb2m[0,0,0,1,0,-1,0,0,0]*(-4*a3)
bhabha2pb2m[0,0,0,1,0,0,-1,0,0]*(-4*a3)
bhabha2pb2m[0,0,0,1,0,0,0,0,0]*(2*a3*eta)
bhabha2pb2m[0,0,-1,0,1,0,0,0,0]*(7*a4)
bhabha2pb2m[0,0,0,-1,1,0,0,0,0]*(9*a4)

bhabha2pb2m[-1,0,1,0,0,0,0,0,0]*(-3*a2)
bhabha2pb2m[0,0,1,-1,0,0,0,0,0]*(-9*a2)
bhabha2pb2m[0,0,1,0,0,-1,0,0,0]*(3/2*a2)
bhabha2pb2m[0,0,1,0,0,0,-1,0,0]*(3/2*a2)
bhabha2pb2m[0,0,1,0,0,0,0,0,0]*(-30*a2)
bhabha2pb2m[0,0,0,0,0,0,0,0,0]*(7*a3-7*a4+5*a1-5*a8)
bhabha2pb2m[0,0,1,0,-1,0,0,0,0]*(6*a2)
bhabha2pb2m[-1,0,0,0,0,0,0,0,1]*(7*a8)
bhabha2pb2m[-1,0,0,0,0,0,0,1,0]*(-9*a7)
bhabha2pb2m[0,-1,0,0,0,0,0,1,0]*(3*a7)
bhabha2pb2m[0,0,0,0,0,0,0,1,0]*(-18*a7)
bhabha2pb2m[0,0,0,0,1,0,0,0,0]*(35*a4)
bhabha2pb2m[0,0,0,0,0,0,0,1,-1]*(6*a7)
bhabha2pb2m[0,0,0,0,1,0,-1,0,0]*(-7/2*a4)
bhabha2pb2m[-1,1,0,0,0,0,0,0,0]*(-7*a1)
bhabha2pb2m[0,0,0,0,0,0,0,0,1]*(14*a8)
bhabha2pb2m[0,0,0,-1,1,0,0,0,0]*(14*a4)
bhabha2pb2m[0,1,0,0,0,0,0,0,-1]*(2*a1)
bhabha2pb2m[0,1,0,0,0,0,0,0,0]*(-14*a1)
bhabha2pb2m[-1,0,0,1,0,0,0,0,0]*(5*a3)
bhabha2pb2m[0,-1,0,0,0,0,0,0,1]*(-2*a8)
bhabha2pb2m[0,0,0,1,0,-1,0,0,0]*(-5/2*a3)
bhabha2pb2m[0,0,0,1,0,0,-1,0,0]*(-5/2*a3)
bhabha2pb2m[0,0,0,1,0,0,0,0,0]*(10*a3)
bhabha2pb2m[0,0,0,0,1,-1,0,0,0]*(-7/2*a4)
bhabha2pb2m[0,0,0,1,-1,0,0,0,0]*(-2*a3)
bhabha2pb2m[-1,0,0,0,1,0,0,0,0]*(7*a4)

bhabha2pb2m[-1,0,1,0,0,0,0,0,0]*(3*a2)
bhabha2pb2m[0,0,0,0,0,0,0,0,0]*(6*a3+3*a7-9*a4-3*a8+3*a2)
bhabha2pb2m[0,0,1,0,0,-1,0,0,0]*(-3/2*a2)
bhabha2pb2m[0,0,1,0,0,0,-1,0,0]*(-3/2*a2)
bhabha2pb2m[0,0,1,0,0,0,0,0,0]*(3*eta*a2-10*a2)
bhabha2pb2m[0,0,1,-1,0,0,0,0,0]*(-2*a2)
bhabha2pb2m[0,0,1,0,-1,0,0,0,0]*(2*a2)
bhabha2pb2m[0,0,0,0,1,0,0,0,0]*(45*a4-7*eta*a4)
bhabha2pb2m[-1,0,0,0,0,0,0,1,0]*(-5*a7)
bhabha2pb2m[-1,0,0,0,0,0,0,0,1]*(5*a8)
bhabha2pb2m[0,0,0,0,1,0,-1,0,0]*(7/2*a4)
bhabha2pb2m[0,0,0,0,0,0,0,1,-1]*(2*a7)
bhabha2pb2m[0,0,0,0,0,0,0,1,0]*(-10*a7)
bhabha2pb2m[-1,1,0,0,0,0,0,0,0]*(-11*a1)
bhabha2pb2m[0,1,0,0,0,0,0,-1,0]*(5*a1)
bhabha2pb2m[0,1,0,0,0,0,0,0,0]*(-22*a1)
bhabha2pb2m[-1,0,0,0,1,0,0,0,0]*(-7*a4)
bhabha2pb2m[0,1,0,0,0,0,0,0,-1]*(6*a1)
bhabha2pb2m[0,0,0,-1,1,0,0,0,0]*(9*a4)
bhabha2pb2m[-1,0,0,1,0,0,0,0,0]*(-5*a3)
bhabha2pb2m[0,0,-1,1,0,0,0,0,0]*(-5*a3)
bhabha2pb2m[0,0,0,1,0,-1,0,0,0]*(5/2*a3)
bhabha2pb2m[0,0,0,1,0,0,-1,0,0]*(5/2*a3)
bhabha2pb2m[0,0,0,1,0,0,0,0,0]*(30*a3-5*a3*eta)
bhabha2pb2m[0,0,0,0,0,0,0,0,1]*(10*a8)
bhabha2pb2m[0,0,0,1,-1,0,0,0,0]*(-6*a3)
bhabha2pb2m[0,0,0,0,0,0,0,-1,1]*(-2*a8)
bhabha2pb2m[0,0,-1,0,1,0,0,0,0]*(-7*a4)
bhabha2pb2m[0,0,0,0,1,-1,0,0,0]*(7/2*a4)

