273 7698985776645440831 2 3
0 4 8 
0 8 4 

265 10706753935364593016 2 3
0 3 8 
0 8 3 

261 12585292063867719537 2 3
0 2 8 
0 8 2 

194 11277363013374094685 2 3
1 6 7 
1 7 6 

162 3584596353957403666 2 3
1 5 7 
1 7 5 

138 3684224192080029757 2 3
1 3 7 
1 7 3 

140 754205998099296360 6 3
2 3 7 
2 7 3 
3 2 7 
3 7 2 
7 3 2 
7 2 3 

88 6906529405458791006 6 3
3 4 6 
3 6 4 
4 3 6 
4 6 3 
6 4 3 
6 3 4 

76 14860785610888650053 6 3
2 3 6 
2 6 3 
3 2 6 
3 6 2 
6 3 2 
6 2 3 

3 3085733323793310697 1 2
0 1 

152 6906529405458791006 6 3
3 4 7 
3 7 4 
4 3 7 
4 7 3 
7 4 3 
7 3 4 

7 3998691499494440194 1 3
0 1 2 

21 7698985776645440831 2 3
0 2 4 
0 4 2 

42 16221230726554236315 2 3
1 3 5 
1 5 3 

13 10706753935364593016 2 3
0 2 3 
0 3 2 

98 1332691624737549004 2 3
1 5 6 
1 6 5 

11 15410836770708375250 1 3
0 1 3 

19 1817269850738570858 1 3
0 1 4 

25 12254329342543767602 2 3
0 3 4 
0 4 3 

296 754205998099296360 6 3
3 5 8 
3 8 5 
5 3 8 
5 8 3 
8 5 3 
8 3 5 

35 6298889260055877585 1 3
1 0 5 

74 16221230726554236315 2 3
1 3 6 
1 6 3 

392 2728381371886174304 6 3
3 7 8 
3 8 7 
7 3 8 
7 8 3 
8 7 3 
8 3 7 

131 6298889260055877585 1 3
1 0 7 

44 2728381371886174304 6 3
2 3 5 
2 5 3 
3 2 5 
3 5 2 
5 3 2 
5 2 3 

328 13119232308241019096 6 3
3 6 8 
3 8 6 
6 3 8 
6 8 3 
8 6 3 
8 3 6 

67 6298889260055877585 1 3
1 0 6 

259 17250501025191192120 1 3
0 1 8 

56 6906529405458791006 6 3
3 4 5 
3 5 4 
4 3 5 
4 5 3 
5 4 3 
5 3 4 

