482 314722180793053390 1 5
1 5 7 8 6 

488 8182842591865888716 1 5
3 5 7 8 6 

484 7814552998793125871 1 5
2 5 7 8 6 

458 12493972253818679991 2 5
1 3 7 6 8 
3 1 7 6 8 

496 9336301702580166293 2 5
4 5 7 8 6 
5 4 7 8 6 

354 698476773254776664 2 4
1 5 6 8 
1 5 8 6 

330 962973383914202157 2 4
1 3 6 8 
3 1 6 8 

73 7698985776645440831 2 3
3 0 6 
3 6 0 

326 12358720551701244793 1 4
1 2 8 6 

69 4240220439574470712 2 3
2 0 6 
2 6 0 

338 7524780861938553064 1 4
1 4 8 6 

298 13027494348711431837 1 4
1 8 3 5 

294 1551588071009397704 1 4
1 8 2 5 

306 16759578986255104721 1 4
1 8 4 5 

291 16759578986255104721 1 4
1 5 0 8 

270 6443159560544745104 1 4
1 8 3 2 

267 12228316347960694542 2 4
1 3 0 8 
3 1 0 8 

10 17087753756477223945 2 2
1 3 
3 1 

282 17163855986851647944 1 4
1 8 3 4 

278 695841764302448079 1 4
1 8 4 2 

263 11883712631378790168 1 4
1 2 8 0 

6 3770640129362694187 1 2
1 2 

275 16759578986255104721 1 4
1 4 8 0 

360 11432557635371621338 2 4
3 5 6 8 
3 5 8 6 

103 14474806114841764078 1 5
1 5 2 0 6 

106 12901952746852556443 1 4
1 6 3 5 

356 5234634074748467963 2 4
2 5 6 8 
2 5 8 6 

99 16759578986255104721 1 4
1 5 0 6 

102 2823333575419991756 1 4
1 6 2 5 

368 7556829846088060811 4 4
6 8 4 5 
6 8 5 4 
8 6 5 4 
8 6 4 5 

114 10719626107048014941 1 4
1 6 4 5 

232 16134068664240593636 2 4
3 5 6 7 
3 5 7 6 

105 12288594747744249305 2 4
3 5 0 6 
3 5 6 0 

362 4945650567818410697 1 5
1 3 5 6 8 

226 14412209275766129787 2 4
1 5 6 7 
1 5 7 6 

240 9889576315341648160 4 4
6 7 4 5 
6 7 5 4 
7 6 5 4 
7 6 4 5 

113 11459320056471732761 8 4
0 6 5 4 
0 6 4 5 
4 5 0 6 
4 5 6 0 
5 4 0 6 
5 4 6 0 
6 0 5 4 
6 0 4 5 

370 14063139754193087066 1 5
1 8 6 4 5 

332 10356950305049836576 2 4
3 2 6 8 
3 2 8 6 

75 16194497603441061039 2 4
1 3 6 0 
3 1 6 0 

78 2003861805427680249 1 4
1 6 3 2 

228 1989504965970086258 2 4
2 5 6 7 
2 5 7 6 

101 3359607063705513169 2 4
2 5 0 6 
2 5 6 0 

358 1295477969187451757 1 5
1 2 5 8 6 

329 2506011958774662217 2 4
3 6 8 0 
3 8 6 0 

202 10219975484251101605 4 4
1 3 6 7 
1 3 7 6 
3 1 6 7 
3 1 7 6 

269 17162559629499856391 2 4
3 2 0 8 
3 2 8 0 

142 8079176502116995409 1 4
1 7 3 2 

15 900002155974236592 1 4
1 0 3 2 

82 12129649998618649867 2 3
1 4 6 
1 6 4 

339 3913004152223566037 1 5
1 4 8 6 0 

277 9407026556754379128 2 4
2 4 0 8 
2 4 8 0 

150 1668708810525531263 1 4
1 7 4 2 

23 1232439048182135923 1 4
1 0 2 4 

146 2194224039831407595 2 3
1 4 7 
1 7 4 

403 18107480566791030014 1 5
1 4 8 7 0 

19 10706753935364593016 2 3
1 0 4 
1 4 0 

137 7698985776645440831 2 3
3 0 7 
3 7 0 

394 6736042998598363672 2 4
1 3 7 8 
3 1 7 8 

323 2506011958774662217 2 4
1 6 8 0 
1 8 6 0 

196 943295659808772012 2 3
2 6 7 
2 7 6 

453 6597157634592633240 1 5
2 7 8 6 0 

149 9407026556754379128 2 4
2 4 0 7 
2 4 7 0 

406 10647256030521678470 1 5
1 8 7 4 2 

22 14565340004351382805 1 3
1 2 4 

279 1229893048945895005 1 5
1 4 2 8 0 

133 4240220439574470712 2 3
2 0 7 
2 7 0 

390 552428540883509245 1 4
1 2 7 8 

162 10706753935364593016 2 3
1 5 7 
1 7 5 

419 4588243315529980216 2 5
1 5 0 7 8 
1 5 0 8 7 

35 12254329342543767602 2 3
1 0 5 
1 5 0 

98 10706753935364593016 2 3
1 5 6 
1 6 5 

355 16992298366713299074 2 5
1 5 0 6 8 
1 5 0 8 6 

293 3359607063705513169 2 4
2 5 0 8 
2 5 8 0 

166 7176574996134696440 1 4
1 7 2 5 

39 375461961817893738 1 4
1 0 5 2 

177 11459320056471732761 8 4
0 7 5 4 
0 7 4 5 
4 5 0 7 
4 5 7 0 
5 4 0 7 
5 4 7 0 
7 0 5 4 
7 0 4 5 

434 4279282650810622759 1 5
1 8 7 4 5 

50 7698985776645440831 2 3
1 4 5 
1 5 4 

307 3342918231512061301 4 5
1 0 8 4 5 
1 4 5 0 8 
1 5 4 8 0 
1 8 0 5 4 

141 17162559629499856391 2 4
3 2 0 7 
3 2 7 0 

398 13496208042789291161 1 5
1 3 2 7 8 

14 8037372403875399827 1 3
1 3 2 

271 4968791529245175905 1 5
1 3 2 0 8 

200 17258787824257198352 2 3
3 6 7 
3 7 6 

457 17760995621604911877 1 5
3 7 8 6 0 

153 6360605120071040097 2 4
3 4 0 7 
3 4 7 0 

410 13474873527087967689 1 5
1 3 4 8 7 

26 6486448604913209494 1 3
1 3 4 

283 14844809622259622219 1 5
1 3 4 8 0 

135 9050927225786759089 1 4
1 2 7 0 

392 3870621583062396010 2 3
3 7 8 
3 8 7 

262 1123426549721442877 1 3
1 2 8 

212 10912410421128303665 2 4
2 4 6 7 
2 4 7 6 

85 9407026556754379128 2 4
2 4 0 6 
2 4 6 0 

342 6519986369054688487 1 5
1 4 2 8 6 

169 12288594747744249305 2 4
3 5 0 7 
3 5 7 0 

426 16068699694454750872 1 5
1 3 5 7 8 

42 5716569260272480414 1 3
1 3 5 

299 11932077528701118840 1 5
1 3 5 0 8 

165 3359607063705513169 2 4
2 5 0 7 
2 5 7 0 

422 8708728391119074235 1 5
1 7 8 2 5 

38 1910161366390255327 1 3
1 2 5 

295 1017904907947152112 1 5
1 5 2 0 8 

147 11494663566962136321 1 4
1 4 7 0 

404 7596687632719446945 2 4
7 8 2 4 
8 7 2 4 

274 12254329342543767602 2 3
1 4 8 
1 8 4 

131 7698985776645440831 2 3
1 0 7 
1 7 0 

388 6013164468367743728 2 3
2 7 8 
2 8 7 

67 7698985776645440831 2 3
1 0 6 
1 6 0 

324 16305754084713733498 2 3
2 6 8 
2 8 6 

194 17258787824257198352 2 3
1 6 7 
1 7 6 

451 17760995621604911877 1 5
1 7 8 6 0 

11 2361156492905547982 2 3
1 3 0 
3 1 0 

138 17662388742419376403 2 3
1 3 7 
3 1 7 

395 12312082089108785398 2 5
1 3 7 8 0 
3 1 7 8 0 

265 7698985776645440831 2 3
3 0 8 
3 8 0 

197 5286638546734947028 2 4
2 6 7 0 
2 7 6 0 

454 17545382822762013173 1 5
1 2 7 8 6 

70 13040796107580532674 1 3
1 2 6 

327 15630831836207513504 1 5
1 2 8 0 6 

163 16759578986255104721 1 4
1 5 0 7 

420 9363839477486333305 2 4
7 8 2 5 
8 7 2 5 

290 10706753935364593016 2 3
1 5 8 
1 8 5 

54 2874832336380337470 1 4
1 2 4 5 

393 12586463095304085354 2 4
3 7 8 0 
3 8 7 0 

139 16194497603441061039 2 4
1 3 7 0 
3 1 7 0 

396 2281725938130605708 2 4
3 2 7 8 
3 2 8 7 

266 13643528861593430184 2 3
1 3 8 
3 1 8 

30 10666389184017128723 1 4
1 3 4 2 

216 12070489641313147142 2 4
3 4 6 7 
3 4 7 6 

89 6360605120071040097 2 4
3 4 0 6 
3 4 6 0 

346 425568046337864191 1 5
1 3 4 8 6 

201 993176294303415770 2 4
3 6 7 0 
3 7 6 0 

74 17662388742419376403 2 3
1 3 6 
3 1 6 

331 14797819661425498859 2 5
1 3 6 0 8 
3 1 6 0 8 

328 12585292063867719537 2 3
3 6 8 
3 8 6 

71 6986444466873731303 1 4
1 2 0 6 

195 993176294303415770 2 4
1 6 7 0 
1 7 6 0 

452 11834910466252908775 1 4
2 7 8 6 

322 12585292063867719537 2 3
1 6 8 
1 8 6 

281 6360605120071040097 2 4
3 4 0 8 
3 4 8 0 

154 2804155980365116568 1 4
1 7 3 4 

27 8397334625162587836 1 4
1 0 3 4 

340 6005003000293959487 2 4
2 4 6 8 
2 4 8 6 

83 10719626107048014941 1 4
1 4 6 0 

86 5462103856664237062 1 4
1 6 2 4 

259 7698985776645440831 2 3
1 0 8 
1 8 0 

386 3870621583062396010 2 3
1 7 8 
1 8 7 

261 4240220439574470712 2 3
2 0 8 
2 8 0 

134 9224991428739739269 1 3
1 2 7 

391 15513968480831045837 1 5
1 2 7 8 0 

7 18308878248801069559 1 3
1 2 0 

305 11459320056471732761 8 4
0 8 5 4 
0 8 4 5 
4 5 0 8 
4 5 8 0 
5 4 0 8 
5 4 8 0 
8 0 5 4 
8 0 4 5 

178 11494663566962136321 1 4
1 7 4 5 

51 16759578986255104721 1 4
1 0 5 4 

297 12288594747744249305 2 4
3 5 0 8 
3 5 8 0 

170 12901952746852556443 1 4
1 7 3 5 

43 5361406928138010723 1 4
1 0 3 5 

58 12491156454245015315 1 4
1 3 5 4 

46 16643009483117226910 1 4
1 3 5 2 

210 6894937126532847700 1 4
1 4 7 6 

204 17578305208586952615 2 4
3 2 6 7 
3 2 7 6 

77 17162559629499856391 2 4
3 2 0 6 
3 2 6 0 

334 6041080432780265800 1 5
1 3 2 6 8 

325 4151197419398540356 2 4
2 6 8 0 
2 8 6 0 

198 4008346567886497466 1 4
1 2 7 6 

344 8950438065344213768 2 4
3 4 6 8 
3 4 8 6 

87 3872171263934194662 1 5
1 2 4 0 6 

90 2819375008624970828 1 4
1 6 3 4 

389 11417622010618367578 2 4
2 7 8 0 
2 8 7 0 

408 8226989252743794708 2 4
3 4 7 8 
3 4 8 7 

151 7429608427822526556 1 5
1 7 0 4 2 

402 4081560800156872932 1 4
1 4 8 7 

387 12586463095304085354 2 4
1 7 8 0 
1 8 7 0 

432 3092465935444304488 4 4
7 8 4 5 
7 8 5 4 
8 7 5 4 
8 7 4 5 

424 11859933412417385987 2 4
3 5 7 8 
3 5 8 7 

167 11590440908308842238 1 5
1 5 2 0 7 

418 14469657124809349322 2 4
1 5 7 8 
1 5 8 7 

456 15236505058129304159 1 4
3 7 8 6 

199 8051841993444029904 1 5
1 2 7 0 6 

450 15236505058129304159 1 4
1 7 8 6 

31 7763225122887436756 1 5
1 0 3 4 2 

55 222458732412186609 1 5
1 0 5 2 4 

59 6887274243196202071 1 5
1 0 3 5 4 

47 1303800697773244863 1 5
1 0 3 5 2 

62 11888838644927460906 1 5
1 3 5 4 2 

91 2189538466121464915 1 5
1 3 4 6 0 

348 14046109946648127056 2 5
6 8 3 4 2 
8 6 3 4 2 

93 12809112591633824856 2 5
0 6 3 4 2 
6 0 3 4 2 

79 17118348832003303013 1 5
1 3 2 6 0 

94 7826048652424971224 1 5
1 6 3 4 2 

121 3977318627545487380 2 5
0 6 3 5 4 
6 0 3 5 4 

117 1932648069805835717 2 5
0 6 2 4 5 
6 0 2 4 5 

109 1179832000916935693 2 5
0 6 3 5 2 
6 0 3 5 2 

115 9915058933664882642 2 5
1 0 6 5 4 
1 5 4 0 6 

372 13254006819375691488 2 5
6 8 2 4 5 
8 6 2 4 5 

118 10319751574497007065 1 5
1 6 2 4 5 

107 14409494253057482649 1 5
1 3 5 0 6 

364 17297624144916729429 2 5
6 8 3 5 2 
8 6 3 5 2 

122 5064089338255926100 1 5
1 6 3 5 4 

110 11809754322768361243 1 5
1 6 3 5 2 

157 12809112591633824856 2 5
0 7 3 4 2 
7 0 3 4 2 

155 14943923666616150773 1 5
1 3 4 7 0 

412 12181535084057456985 2 5
7 8 3 4 2 
8 7 3 4 2 

158 6817656782577261058 1 5
1 7 3 4 2 

143 7500369431028562278 1 5
1 3 2 7 0 

181 1932648069805835717 2 5
0 7 2 4 5 
7 0 2 4 5 

185 3977318627545487380 2 5
0 7 3 5 4 
7 0 3 5 4 

173 1179832000916935693 2 5
0 7 3 5 2 
7 0 3 5 2 

179 5923085701538907721 2 5
1 0 7 5 4 
1 5 4 0 7 

436 5764475335265163942 2 5
7 8 2 4 5 
8 7 2 4 5 

182 15972017626565379994 1 5
1 7 4 2 5 

171 14409494253057482649 1 5
1 3 5 0 7 

428 11463076419852940190 2 5
7 8 3 5 2 
8 7 3 5 2 

186 16849799682288936553 1 5
1 7 3 5 4 

174 4167765581465334181 1 5
1 7 3 5 2 

213 14544803746264821220 2 5
2 4 6 7 0 
2 4 7 6 0 

217 1950191154947432101 2 5
3 4 6 7 0 
3 4 7 6 0 

205 294781649924154650 2 5
3 2 6 7 0 
3 2 7 6 0 

211 725972278020367895 1 5
1 4 7 6 0 

468 4541383232239196475 1 5
2 4 7 8 6 

220 5990294740721009312 2 5
6 7 3 4 2 
7 6 3 4 2 

214 5314289091528924179 1 5
1 7 6 4 2 

218 18405767730067668277 1 5
1 3 4 7 6 

206 8253138286323259396 1 5
1 3 2 7 6 

229 11831311986768355781 2 5
2 5 6 7 0 
2 5 7 6 0 

203 10626209235890822267 4 5
1 3 6 7 0 
1 3 7 6 0 
3 1 6 7 0 
3 1 7 6 0 

460 1298076336100685561 1 5
3 2 7 8 6 

241 3584731225284578173 4 5
4 5 6 7 0 
4 5 7 6 0 
5 4 6 7 0 
5 4 7 6 0 

244 5192748889735254575 2 5
6 7 2 4 5 
7 6 2 4 5 

233 11848337904936945021 2 5
3 5 6 7 0 
3 5 7 6 0 

248 2382421180696680688 2 5
6 7 3 5 4 
7 6 3 5 4 

236 11895813179115137512 2 5
6 7 3 5 2 
7 6 3 5 2 

227 6641950137564085828 2 5
1 5 0 6 7 
1 5 0 7 6 

242 18203315244452910323 1 5
1 7 6 4 5 

230 14954766104881841724 1 5
1 2 5 7 6 

234 9009169273818888705 2 5
1 3 5 6 7 
1 3 5 7 6 

285 12809112591633824856 2 5
0 8 3 4 2 
8 0 3 4 2 

309 1932648069805835717 2 5
0 8 2 4 5 
8 0 2 4 5 

286 10825217971292185197 1 5
1 8 3 4 2 

313 3977318627545487380 2 5
0 8 3 5 4 
8 0 3 5 4 

301 1179832000916935693 2 5
0 8 3 5 2 
8 0 3 5 2 

310 13155457530495590154 1 5
1 8 4 2 5 

314 11456562388836261605 1 5
1 8 3 4 5 

302 11141555214856131502 1 5
1 8 3 5 2 

341 4177263966288060433 2 5
2 4 6 8 0 
2 4 8 6 0 

345 16334031723583977530 2 5
3 4 6 8 0 
3 4 8 6 0 

333 264800097081954366 2 5
3 2 6 8 0 
3 2 8 6 0 

357 16282065798070674177 2 5
2 5 6 8 0 
2 5 8 6 0 

369 15159478830403372626 4 5
4 5 6 8 0 
4 5 8 6 0 
5 4 6 8 0 
5 4 8 6 0 

361 844009769393059239 2 5
3 5 6 8 0 
3 5 8 6 0 

376 13318080531566759780 2 5
6 8 3 5 4 
8 6 3 5 4 

405 9768995901026874901 2 5
2 4 7 8 0 
2 4 8 7 0 

409 12211663977645919596 2 5
3 4 7 8 0 
3 4 8 7 0 

397 8556024370224688697 2 5
3 2 7 8 0 
3 2 8 7 0 

433 6892554146738669433 4 5
4 5 7 8 0 
4 5 8 7 0 
5 4 7 8 0 
5 4 8 7 0 

421 15143430780982624959 2 5
2 5 7 8 0 
2 5 8 7 0 

425 4617078560857882118 2 5
3 5 7 8 0 
3 5 8 7 0 

440 12450093579214509911 2 5
7 8 3 5 4 
8 7 3 5 4 

472 12852373368391607987 1 5
3 4 7 8 6 

466 552777010579638669 1 5
1 4 8 7 6 

