464 10220627191361430879 2 4
4 8 7 6 
8 4 7 6 

456 14328181293109209425 2 4
3 8 6 7 
8 3 6 7 

450 10083773938285380914 2 4
1 8 7 6 
1 8 6 7 

432 1677071180347565230 2 4
4 8 7 5 
8 4 7 5 

424 2834274728191520143 2 4
3 8 5 7 
8 3 5 7 

418 7150496180077738619 2 4
1 8 7 5 
1 8 5 7 

408 1324427476534020738 2 4
7 8 4 3 
8 7 4 3 

402 15804328657059468321 2 4
4 7 1 8 
7 4 1 8 

401 1324427476534020738 2 4
4 8 7 0 
8 4 7 0 

389 4016780396962974585 1 4
2 8 7 0 

393 12190912153274299044 2 4
3 8 0 7 
8 3 0 7 

394 7280204158998552156 2 4
3 7 1 8 
7 3 1 8 

387 15896268698264125057 2 4
1 8 7 0 
1 8 0 7 

368 7978115995136584964 2 4
4 8 6 5 
8 4 6 5 

360 1565269416706941484 2 4
3 8 6 5 
8 3 6 5 

340 1553739426051374168 2 4
6 8 2 4 
8 6 2 4 

83 16759578986255104721 1 4
1 4 0 6 

210 14412209275766129787 2 4
1 4 6 7 
1 4 7 6 

337 16795696787755097424 2 4
4 8 6 0 
8 4 6 0 

77 17532146198902451397 2 4
2 3 0 6 
2 3 6 0 

204 14049187947042568485 2 4
2 3 6 7 
2 3 7 6 

198 12653871729235984273 1 4
1 2 7 6 

325 6730372216723839078 1 4
2 8 0 6 

57 11459320056471732761 8 4
0 5 4 3 
0 5 3 4 
3 4 0 5 
3 4 5 0 
4 3 0 5 
4 3 5 0 
5 0 4 3 
5 0 3 4 

184 7556829846088060811 4 4
5 7 3 4 
5 7 4 3 
7 5 4 3 
7 5 3 4 

54 16038308154533335884 1 4
1 5 2 4 

53 14576381908364931187 2 4
2 4 0 5 
2 4 5 0 

180 15488889870176275844 2 4
2 4 5 7 
2 4 7 5 

58 10719626107048014941 1 4
1 5 3 4 

312 9814777025806158908 2 4
5 8 3 4 
8 5 3 4 

308 17068507205151540382 2 4
5 8 2 4 
8 5 2 4 

51 16759578986255104721 1 4
1 4 0 5 

178 698476773254776664 2 4
1 4 5 7 
1 4 7 5 

305 10601132076907988804 2 4
4 8 5 0 
8 4 5 0 

45 17532146198902451397 2 4
2 3 0 5 
2 3 5 0 

172 7662887740769209707 2 4
2 3 5 7 
2 3 7 5 

170 7524780861938553064 1 4
1 3 7 5 

297 4446902436670469379 2 4
3 8 5 0 
8 3 5 0 

30 6031404697734772287 1 4
1 2 3 4 

27 16759578986255104721 1 4
1 0 4 3 

154 16759578986255104721 1 4
1 7 3 4 

281 12190912153274299044 2 4
0 8 3 4 
8 0 3 4 

7 7852484998429467961 1 3
1 2 0 

134 10193692884013538197 1 3
1 2 7 

261 14065530319751171320 2 3
2 0 8 
2 8 0 

71 12436648438484746720 1 4
1 2 0 6 

328 6685545127694246695 6 3
3 6 8 
3 8 6 
6 3 8 
6 8 3 
8 6 3 
8 3 6 

74 9951756003203208658 2 3
1 3 6 
1 6 3 

304 754205998099296360 6 3
4 5 8 
4 8 5 
5 4 8 
5 8 4 
8 5 4 
8 4 5 

50 10706753935364593016 2 3
1 4 5 
1 5 4 

42 12129649998618649867 2 3
1 3 5 
1 5 3 

38 6569585470782509785 1 3
1 2 5 

165 13027210322543618884 2 4
2 5 7 0 
2 7 5 0 

70 6569585470782509785 1 3
1 2 6 

197 15523647992207790689 2 4
2 6 7 0 
2 7 6 0 

265 12260785478939447192 6 3
0 3 8 
0 8 3 
3 0 8 
3 8 0 
8 3 0 
8 0 3 

138 12254329342543767602 2 3
1 3 7 
1 7 3 

11 10706753935364593016 2 3
1 0 3 
1 3 0 

324 11486002578667845048 2 3
2 6 8 
2 8 6 

67 7698985776645440831 2 3
1 0 6 
1 6 0 

194 17258787824257198352 2 3
1 6 7 
1 7 6 

336 14860785610888650053 6 3
4 6 8 
4 8 6 
6 4 8 
6 8 4 
8 6 4 
8 4 6 

82 10706753935364593016 2 3
1 4 6 
1 6 4 

100 1648772242061484535 2 3
2 5 6 
2 6 5 

354 5212208834225348329 2 4
1 8 6 5 
1 8 5 6 

292 8775718712128090197 2 3
2 5 8 
2 8 5 

35 7698985776645440831 2 3
1 0 5 
1 5 0 

162 12585292063867719537 2 3
1 5 7 
1 7 5 

390 2528990621232657147 1 4
2 7 1 8 

133 15527075883780331159 2 3
2 0 7 
2 7 0 

22 17377094773113085101 1 3
1 2 4 

149 14576381908364931187 2 4
2 4 0 7 
2 4 7 0 

262 15462241420311287967 1 3
2 1 8 

392 6906529405458791006 6 3
3 7 8 
3 8 7 
7 3 8 
7 8 3 
8 7 3 
8 3 7 

135 11102063281134179523 1 4
1 2 7 0 

26 7698985776645440831 2 3
1 3 4 
1 4 3 

153 11459320056471732761 8 4
0 7 4 3 
0 7 3 4 
3 4 0 7 
3 4 7 0 
4 3 0 7 
4 3 7 0 
7 0 4 3 
7 0 3 4 

14 6686341260464862017 1 3
1 2 3 

141 17532146198902451397 2 4
2 3 0 7 
2 3 7 0 

273 6906529405458791006 6 3
0 4 8 
0 8 4 
4 0 8 
4 8 0 
8 4 0 
8 0 4 

19 12254329342543767602 2 3
1 0 4 
1 4 0 

400 2728381371886174304 6 3
4 7 8 
4 8 7 
7 4 8 
7 8 4 
8 7 4 
8 4 7 

146 10706753935364593016 2 3
1 4 7 
1 7 4 

164 14845211744745982600 2 3
2 5 7 
2 7 5 

291 15896268698264125057 2 4
1 8 5 0 
1 8 0 5 

196 926576928809163929 2 3
2 6 7 
2 7 6 

323 15896268698264125057 2 4
1 8 6 0 
1 8 0 6 

296 4383011346216368874 6 3
3 5 8 
3 8 5 
5 3 8 
5 8 3 
8 5 3 
8 3 5 

39 12436648438484746720 1 4
1 2 0 5 

166 16282423520747721888 1 4
1 2 7 5 

293 7882641776152345267 1 4
2 8 0 5 

98 3870621583062396010 2 3
1 5 6 
1 6 5 

78 7348880747431878239 1 4
1 6 2 3 

46 10681331787228522750 1 4
1 5 2 3 

43 10719626107048014941 1 4
1 3 5 0 

300 234002814128550963 2 4
5 8 2 3 
8 5 2 3 

23 15419221280309091130 1 4
1 0 4 2 

150 6501989753264987459 1 4
1 7 2 4 

277 13875407753244013111 2 4
0 8 2 4 
8 0 2 4 

388 17207539682422874877 2 3
2 7 8 
2 8 7 

131 7698985776645440831 2 3
1 0 7 
1 7 0 

15 15518021624746034484 1 4
1 0 2 3 

142 5784202553028772466 1 4
1 7 3 2 

269 1635433481842255942 2 4
0 8 2 3 
8 0 2 3 

332 2264587829892301859 2 4
6 8 2 3 
8 6 2 3 

75 9074099179021290713 1 4
1 3 6 0 

202 13572405524771744665 1 4
1 3 7 6 

329 3901329116633072165 2 4
3 8 6 0 
8 3 6 0 

90 9074099179021290713 1 4
1 6 3 4 

344 12509085929055514178 2 4
6 8 3 4 
8 6 3 4 

85 14576381908364931187 2 4
2 4 0 6 
2 4 6 0 

212 7133889309398150881 2 4
2 4 6 7 
2 4 7 6 

86 16038308154533335884 1 4
1 6 2 4 

89 11459320056471732761 8 4
0 6 4 3 
0 6 3 4 
3 4 0 6 
3 4 6 0 
4 3 0 6 
4 3 6 0 
6 0 4 3 
6 0 3 4 

216 9889576315341648160 4 4
6 7 3 4 
6 7 4 3 
7 6 4 3 
7 6 3 4 

106 14398197362158434576 1 4
1 3 6 5 

356 6410851279786185087 1 4
2 8 6 5 

99 12586463095304085354 2 4
1 5 6 0 
1 6 5 0 

226 15236505058129304159 1 4
1 6 5 7 

101 451013184703211533 2 4
2 5 6 0 
2 6 5 0 

228 3152645674961543315 1 4
2 6 5 7 

102 17743100923066580455 2 4
1 2 5 6 
1 2 6 5 

114 14469657124809349322 2 4
1 4 5 6 
1 4 6 5 

108 690562955881883883 2 4
5 6 2 3 
6 5 2 3 

120 3092465935444304488 4 4
5 6 3 4 
5 6 4 3 
6 5 4 3 
6 5 3 4 

396 16762076012415604554 2 4
7 8 2 3 
8 7 2 3 

139 16759578986255104721 1 4
1 3 7 0 

116 15150749190765394211 2 4
5 6 2 4 
6 5 2 4 

404 9134352821734743212 2 4
7 8 4 2 
8 7 4 2 

147 16759578986255104721 1 4
1 4 0 7 

420 16789670637292944797 1 4
2 8 7 5 

163 2506011958774662217 2 4
1 5 7 0 
1 7 5 0 

452 346227752822207307 1 4
2 8 7 6 

195 993176294303415770 2 4
1 6 7 0 
1 7 6 0 

267 2094911513554197192 2 4
0 3 1 8 
3 0 1 8 

6 5413095913782878028 1 2
1 2 

263 10365016667404096679 1 4
2 0 1 8 

270 14443548056550056988 1 4
1 8 2 3 

275 7280204158998552156 2 4
0 4 1 8 
4 0 1 8 

282 15896268698264125057 2 4
1 8 4 3 
1 8 3 4 

278 7549941123610594917 1 4
1 8 2 4 

37 15527075883780331159 2 3
2 0 5 
2 5 0 

294 13352634634544518112 1 4
2 5 1 8 

298 3478747661551817760 2 4
3 5 1 8 
5 3 1 8 

306 17551861176896189898 2 4
4 5 1 8 
5 4 1 8 

330 4716873402830925691 2 4
3 6 1 8 
6 3 1 8 

69 15527075883780331159 2 3
2 0 6 
2 6 0 

326 15161765558311273081 1 4
2 6 1 8 

338 4415345656511538872 2 4
4 6 1 8 
6 4 1 8 

