mercedes[2, 0, 1, 1, 1, 0, 0, 0, 0, 0, 0, 0]

mercedes[2, 0, 1, 2, 1, 0, 0, 0, 0, 0, 0, 0]

mercedes[2, 0, 1, 3, 1, 0, 0, 0, 0, 0, 0, 0]

mercedes[2, 1, 1, 1, 1, 0, 0, 0, 0, 0, 0, 0]

mercedes[2, 2, 1, 1, 1, 0, 0, 0, 0, 0, 0, 0]

mercedes[2, 3, 1, 1, 1, 0, 0, 0, 0, 0, 0, 0]

mercedes[2, 4, 1, 1, 1, 0, 0, 0, 0, 0, 0, 0]

mercedes[2, 5, 1, 1, 1, 0, 0, 0, 0, 0, 0, 0]

mercedes[2, 6, 1, 1, 1, 0, 0, 0, 0, 0, 0, 0]

mercedes[2, 1, 1, 0, 1, 1, 0, 0, 0, 0, 0, 0]

mercedes[2, 1, 1, 0, 1, 2, 0, 0, 0, 0, 0, 0]

mercedes[2, 1, 1, 0, 2, 1, 0, 0, 0, 0, 0, 0]

mercedes[2, 1, 1, 0, 1, 3, 0, 0, 0, 0, 0, 0]

mercedes[2, 1, 1, 1, 1, 1, 0, 0, 0, 0, 0, 0]

mercedes[2, 1, 1, 1, 1, 2, 0, 0, 0, 0, 0, 0]

mercedes[3, 0, 1, 1, 1, 0, 0, 0, 0, 0, 0, 0]

mercedes[3, 0, 1, 2, 1, 0, 0, 0, 0, 0, 0, 0]

mercedes[2, 1, 0, 0, 1, 1, 0, 0, 0, 0, 0, 0]

mercedes[2, 1, 1, 2, 1, 0, 0, 0, 0, 0, 0, 0]

mercedes[2, 7, 1, 1, 1, 0, 0, 0, 0, 0, 0, 0]

mercedes[2, 1, 2, 0, 1, 1, 0, 0, 0, 0, 0, 0]

mercedes[3, 1, 1, 0, 1, 1, 0, 0, 0, 0, 0, 0]

mercedes[2, 1, 1, 1, 0, 1, 0, 0, 0, 0, 0, 0]

mercedes[2, 1, 1, 1, 0, 2, 0, 0, 0, 0, 0, 0]

mercedes[2, 1, 1, 2, 0, 1, 0, 0, 0, 0, 0, 0]

mercedes[2, 1, 1, 1, 0, 3, 0, 0, 0, 0, 0, 0]

mercedes[2, 1, 1, 2, 0, 2, 0, 0, 0, 0, 0, 0]

mercedes[2, 1, 1, 2, 1, 1, 0, 0, 0, 0, 0, 0]

