488 10193332366245195263 1 5
5 3 8 7 6 

496 1984773669962382838 1 5
8 5 4 7 6 

482 6159721595343255565 2 5
5 8 7 1 6 
8 5 7 1 6 

484 9439660851264801632 1 5
5 7 6 8 2 

481 202164546014951095 2 5
5 8 7 0 6 
8 5 7 0 6 

472 3591517754669876069 1 5
4 3 8 6 7 

468 7391718885437220859 1 5
4 2 8 6 7 

466 683940156524816545 2 5
4 8 1 6 7 
8 4 1 6 7 

389 4330235324716363482 2 4
2 8 0 7 
8 2 0 7 

353 16747473210904696846 2 4
5 8 0 6 
8 5 0 6 

326 1149615649539080731 8 4
1 6 2 8 
1 6 8 2 
2 8 6 1 
2 8 1 6 
6 1 2 8 
6 1 8 2 
8 2 6 1 
8 2 1 6 

337 7627469747281928035 2 4
4 8 0 6 
8 4 0 6 

330 9995010543248812889 2 4
3 8 6 1 
3 8 1 6 

73 2150741435829383373 1 3
3 0 6 

325 4330235324716363482 2 4
2 8 0 6 
8 2 0 6 

298 8263370218753447942 2 4
1 5 3 8 
5 1 3 8 

41 1671195185940751452 1 3
3 0 5 

294 7978115995136584964 2 4
1 5 8 2 
5 1 8 2 

37 1511571436509274567 2 3
0 2 5 
0 5 2 

282 3654678851064562061 2 4
1 4 3 8 
4 1 3 8 

25 1671195185940751452 1 3
3 0 4 

278 9227379641990250253 2 4
1 4 8 2 
4 1 8 2 

21 1511571436509274567 2 3
0 2 4 
0 4 2 

149 16725271556622299909 2 4
2 4 0 7 
4 2 0 7 

406 7865171807056526061 1 5
4 8 2 1 7 

141 1666437849499697734 1 4
3 2 0 7 

398 10654322417539233982 2 5
1 7 3 8 2 
7 1 3 8 2 

139 13097488309216528249 2 4
3 0 1 7 
3 0 7 1 

116 4247939009769351187 2 4
2 6 4 5 
6 2 4 5 

120 14723623575890196320 1 4
3 6 4 5 

368 15183985570863556182 2 4
6 8 5 4 
8 6 5 4 

114 11197286858225558775 4 4
4 5 1 6 
4 5 6 1 
5 4 1 6 
5 4 6 1 

240 9182445166795294852 4 4
4 5 6 7 
4 5 7 6 
5 4 6 7 
5 4 7 6 

113 15239679551471458806 2 4
4 5 0 6 
5 4 0 6 

370 3220813728252967273 1 5
8 4 5 1 6 

108 3656293589500805796 2 4
5 6 3 2 
6 5 3 2 

360 9915396459164551742 2 4
5 6 3 8 
6 5 3 8 

103 10359219786114294114 2 5
2 5 6 1 0 
5 2 6 1 0 

106 14966590157583354970 1 4
3 5 6 1 

356 7978115995136584964 2 4
5 6 2 8 
6 5 2 8 

102 7978115995136584964 2 4
2 5 6 1 
5 2 6 1 

232 18125736765879375276 1 4
3 5 6 7 

105 16071262017205379753 1 4
3 5 0 6 

362 6482587984969130768 1 5
5 3 8 6 1 

228 17015737541233389546 2 4
2 5 7 6 
5 2 7 6 

101 17141885570686120049 2 4
2 5 0 6 
5 2 0 6 

358 14969561408483289998 4 5
5 2 8 1 6 
5 1 6 2 8 
5 6 1 8 2 
5 8 2 6 1 

216 14219444897841257376 1 4
3 4 6 7 

89 9718300406501598763 1 4
3 4 6 0 

346 1396594946541677127 1 5
4 3 8 6 1 

92 369532976787244944 2 4
4 6 3 2 
6 4 3 2 

344 14498336858762634412 2 4
4 6 3 8 
6 4 3 8 

87 16129905654190491396 2 5
2 4 6 1 0 
4 2 6 1 0 

90 125969937635585562 1 4
3 4 6 1 

46 6436561202648490140 2 4
1 5 3 2 
5 1 3 2 

312 16543826037171927102 2 4
4 5 3 8 
5 4 3 8 

55 15817700509241786966 1 5
2 5 4 0 1 

58 2974034241685862189 1 4
3 1 5 4 

30 6925972535638963533 2 4
1 4 3 2 
4 1 3 2 

104 12769602731266802952 2 3
3 5 6 
3 6 5 

361 10981129759096722252 1 5
5 3 8 0 6 

172 6534630873780932037 2 4
5 7 3 2 
7 5 3 2 

45 4464620677193271996 1 4
0 5 3 2 

302 10492797632581598728 2 5
1 5 3 8 2 
5 1 3 8 2 

88 16258839135554755291 2 3
3 4 6 
3 6 4 

345 13346108704665131137 1 5
4 3 8 6 0 

156 17065607942865884096 2 4
4 7 3 2 
7 4 3 2 

29 4464620677193271996 1 4
0 4 3 2 

286 13711194862312158503 2 5
1 4 3 8 2 
4 1 3 8 2 

56 9473937741700373895 2 3
3 4 5 
3 5 4 

313 10469457837603956342 2 5
0 4 5 3 8 
0 5 4 3 8 

201 10600252980852207555 2 4
3 0 6 7 
3 0 7 6 

458 278121509420541698 1 5
3 8 1 6 7 

74 3870621583062396010 2 3
3 1 6 
3 6 1 

331 12687184676363967166 2 5
3 8 6 1 0 
3 8 1 6 0 

269 7559207970743519166 1 4
0 3 8 2 

142 10083773938285380914 2 4
3 2 1 7 
3 2 7 1 

15 1666437849499697734 1 4
3 2 0 1 

138 17258787824257198352 2 3
3 1 7 
3 7 1 

395 3390915814783139477 2 5
3 8 0 7 1 
3 8 0 1 7 

265 6255538727034746515 1 3
0 3 8 

11 2150741435829383373 1 3
3 0 1 

291 17141885570686120049 2 4
5 8 0 1 
8 5 0 1 

164 13119232308241019096 6 3
2 5 7 
2 7 5 
5 2 7 
5 7 2 
7 5 2 
7 2 5 

421 11245390910819910258 1 5
5 7 0 8 2 

400 12260785478939447192 6 3
4 7 8 
4 8 7 
7 4 8 
7 8 4 
8 7 4 
8 4 7 

143 15691248385148846918 2 5
3 2 0 1 7 
3 2 0 7 1 

273 1511571436509274567 2 3
0 4 8 
0 8 4 

200 12585292063867719537 2 3
3 6 7 
3 7 6 

457 13838964683398019415 2 5
3 8 0 7 6 
3 8 0 6 7 

277 14137384084851175577 2 4
0 4 2 8 
0 4 8 2 

150 4203977922869772278 2 4
2 4 7 1 
4 2 7 1 

23 7627469747281928035 2 4
2 4 0 1 
4 2 0 1 

338 9227379641990250253 2 4
4 8 1 6 
8 4 1 6 

84 14590248500468714027 6 3
2 4 6 
2 6 4 
4 2 6 
4 6 2 
6 4 2 
6 2 4 

341 12489276266628248637 1 5
4 2 8 6 0 

152 8666925077151757690 2 3
3 4 7 
3 7 4 

409 14711609326617781686 1 5
4 3 8 0 7 

261 460800947400302427 2 3
0 2 8 
0 8 2 

153 11290748789437969194 1 4
3 4 0 7 

410 16174970923371728394 1 5
4 3 8 1 7 

26 10706753935364593016 2 3
3 1 4 
3 4 1 

283 14859189458514575979 1 5
4 3 8 1 0 

212 3570514013793875461 2 4
2 4 6 7 
4 2 6 7 

85 14761371068596231119 2 4
2 4 6 0 
4 2 6 0 

342 9734358704431802836 4 5
4 2 8 1 6 
4 1 6 2 8 
4 6 1 8 2 
4 8 2 6 1 

306 4247939009769351187 2 4
1 8 4 5 
8 1 4 5 

49 15074907554092712156 2 3
0 4 5 
0 5 4 

52 11283220846380389061 2 3
2 4 5 
2 5 4 

309 2194648664096851488 4 5
0 4 5 2 8 
0 4 5 8 2 
0 5 4 2 8 
0 5 4 8 2 

112 11283220846380389061 2 3
6 5 4 
6 4 5 

369 15817700509241786966 1 5
8 5 4 0 6 

180 10247633285845319962 2 4
2 7 5 4 
7 2 5 4 

53 10084622065460546928 2 4
0 2 4 5 
0 2 5 4 

310 3220813728252967273 1 5
1 4 5 8 2 

263 4330235324716363482 2 4
2 8 0 1 
8 2 0 1 

9 6749820438703356068 1 2
3 0 

177 15239679551471458806 2 4
4 5 0 7 
5 4 0 7 

434 226933868202995567 1 5
8 5 4 7 1 

50 11283220846380389061 2 3
1 4 5 
1 5 4 

307 5030720948678519 1 5
8 4 5 1 0 

304 11283220846380389061 2 3
8 5 4 
8 4 5 

47 4022669024265100416 1 5
5 3 2 0 1 

165 9164555186100450858 2 4
2 5 7 0 
5 2 7 0 

422 13047148655785087850 1 5
5 7 1 8 2 

38 754205998099296360 6 3
1 2 5 
1 5 2 
2 1 5 
2 5 1 
5 2 1 
5 1 2 

295 3278889359787059633 1 5
5 8 2 0 1 

274 14590248500468714027 6 3
1 4 8 
1 8 4 
4 1 8 
4 8 1 
8 4 1 
8 1 4 

137 2150741435829383373 1 3
3 0 7 

394 9192055608578120628 2 4
3 8 7 1 
3 8 1 7 

78 5212208834225348329 2 4
3 2 1 6 
3 2 6 1 

275 14761371068596231119 2 4
4 8 1 0 
8 4 1 0 

148 1780203312458342186 6 3
2 4 7 
2 7 4 
4 2 7 
4 7 2 
7 4 2 
7 2 4 

405 7096674916421819450 1 5
4 2 8 0 7 

168 10706753935364593016 2 3
3 5 7 
3 7 5 

425 1834363508228260738 1 5
5 3 8 7 0 

354 7978115995136584964 2 4
5 8 1 6 
8 5 1 6 

100 14860785610888650053 6 3
2 5 6 
2 6 5 
5 2 6 
5 6 2 
6 5 2 
6 2 5 

357 3278889359787059633 1 5
5 2 8 0 6 

267 15334047630029614266 1 4
3 8 0 1 

13 12118398178183663465 1 3
0 3 2 

169 10048286495558705197 1 4
3 5 0 7 

426 13613183913195522611 1 5
5 3 8 7 1 

42 8666925077151757690 2 3
3 1 5 
3 5 1 

299 12048240188939741735 1 5
5 3 8 0 1 

176 11283220846380389061 2 3
7 5 4 
7 4 5 

433 1827022704686590284 1 5
8 5 4 7 0 

352 754205998099296360 6 3
5 6 8 
5 8 6 
6 5 8 
6 8 5 
8 6 5 
8 5 6 

184 2974034241685862189 1 4
3 7 4 5 

57 5651237534214161298 2 4
3 0 4 5 
3 0 5 4 

314 18399049045554750256 1 5
1 4 5 3 8 

290 14860785610888650053 6 3
1 5 8 
1 8 5 
5 1 8 
5 8 1 
8 5 1 
8 1 5 

308 11197286858225558775 4 4
4 5 2 8 
4 5 8 2 
5 4 2 8 
5 4 8 2 

51 15239679551471458806 2 4
4 5 0 1 
5 4 0 1 

54 15183985570863556182 2 4
1 2 5 4 
2 1 5 4 

289 1511571436509274567 2 3
0 5 8 
0 8 5 

416 2728381371886174304 6 3
5 7 8 
5 8 7 
7 5 8 
7 8 5 
8 7 5 
8 5 7 

281 9720714921179577710 1 4
0 4 3 8 

154 6715984003799477414 1 4
3 4 7 1 

27 10048286495558705197 1 4
3 4 0 1 

340 9227379641990250253 2 4
4 6 2 8 
6 4 2 8 

86 9227379641990250253 2 4
2 4 6 1 
4 2 6 1 

297 9720714921179577710 1 4
0 5 3 8 

170 6715984003799477414 1 4
3 5 1 7 

43 11290748789437969194 1 4
3 5 0 1 

293 14137384084851175577 2 4
0 5 2 8 
0 5 8 2 

166 2974813683649203891 2 4
2 5 7 1 
5 2 7 1 

39 16747473210904696846 2 4
2 5 0 1 
5 2 0 1 

305 10084622065460546928 2 4
0 8 5 4 
0 8 4 5 

178 808532758221848463 4 4
4 5 1 7 
4 5 7 1 
5 4 1 7 
5 4 7 1 

60 8370605069443973321 2 4
4 5 3 2 
5 4 3 2 

329 15334047630029614266 1 4
3 8 0 6 

202 15236505058129304159 1 4
3 1 6 7 

75 17469675209754059946 2 4
3 1 6 0 
3 6 1 0 

204 7150496180077738619 2 4
3 2 6 7 
3 2 7 6 

77 1666437849499697734 1 4
3 2 0 6 

334 8862520950643795406 2 5
1 6 3 8 2 
6 1 3 8 2 

390 14163061037027593466 4 4
2 8 7 1 
2 8 1 7 
8 2 7 1 
8 2 1 7 

393 15334047630029614266 1 4
3 8 0 7 

401 1670515577663589911 2 4
4 8 0 7 
8 4 0 7 

402 11104051182257671545 2 4
4 8 1 7 
8 4 1 7 

404 4046967272674566029 2 4
4 7 2 8 
7 4 2 8 

408 13577514080792470848 2 4
4 7 3 8 
7 4 3 8 

151 11784654418031633315 2 5
2 4 0 7 1 
4 2 0 7 1 

417 3404538831293044976 2 4
5 8 7 0 
8 5 7 0 

420 78324714845983665 2 4
5 7 8 2 
7 5 8 2 

418 10220627191361430879 2 4
5 8 7 1 
8 5 7 1 

424 13484597840124523113 2 4
5 7 3 8 
7 5 3 8 

167 16300315441442530811 2 5
2 5 7 0 1 
5 2 7 0 1 

432 7885408825531391087 2 4
7 8 5 4 
8 7 5 4 

452 12792859129086584636 4 4
2 8 7 6 
2 8 6 7 
8 2 7 6 
8 2 6 7 

456 4716629999818422609 2 4
3 8 7 6 
3 8 6 7 

464 15704017212081516077 2 4
4 8 7 6 
8 4 7 6 

480 1677071180347565230 2 4
5 8 7 6 
8 5 7 6 

31 17693479868269357582 1 5
4 3 2 0 1 

59 11160598565700346430 1 5
3 5 4 0 1 

316 16469355339090461119 2 5
4 5 3 8 2 
5 4 3 8 2 

61 13258148573870347451 2 5
0 4 5 3 2 
0 5 4 3 2 

62 12135173208877064631 1 5
1 5 4 3 2 

79 10665496982676151158 2 5
3 2 1 6 0 
3 2 6 1 0 

91 5900854407304353400 1 5
3 4 6 1 0 

348 9218583933004043911 2 5
4 6 3 8 2 
6 4 3 8 2 

93 14891123816817679532 1 5
4 3 2 6 0 

94 8306237147010589666 1 5
4 3 2 6 1 

107 9111713587792364316 1 5
3 5 6 1 0 

364 4552942259017426045 2 5
5 6 3 8 2 
6 5 3 8 2 

109 456545500190661993 1 5
5 3 2 0 6 

110 2777425228107064383 1 5
5 3 2 6 1 

117 5030720948678519 1 5
2 4 5 6 0 

115 17465623328354524433 4 5
4 5 1 6 0 
4 5 6 1 0 
5 4 1 6 0 
5 4 6 1 0 

372 3220813728252967273 1 5
6 4 5 2 8 

118 3220813728252967273 1 5
2 4 5 6 1 

121 14147746511060366320 1 5
3 4 5 6 0 

124 3569336385613337124 1 5
6 4 5 3 2 

122 6079734504302127448 1 5
3 4 5 6 1 

155 12301943923044819193 1 5
3 4 0 7 1 

412 6684654516518421941 2 5
4 7 3 8 2 
7 4 3 8 2 

157 16695732262662790533 1 5
4 3 2 0 7 

158 5794470613774394554 1 5
4 3 2 7 1 

171 12301943923044819193 1 5
3 5 0 1 7 

428 671962370553941845 2 5
5 7 3 8 2 
7 5 3 8 2 

173 387270925465581669 1 5
5 3 2 7 0 

174 11192765136232413617 1 5
5 3 2 7 1 

179 8369660138679848370 4 5
4 5 0 1 7 
4 5 0 7 1 
5 4 0 1 7 
5 4 0 7 1 

436 17808166361350365388 1 5
7 5 4 8 2 

181 15056615675668593969 1 5
2 5 4 7 0 

182 11420930645251342159 1 5
2 5 4 7 1 

185 11160598565700346430 1 5
3 4 5 0 7 

188 14849027137022793673 1 5
7 5 4 3 2 

203 4798591296730030832 1 5
3 1 6 0 7 

460 12749870280663442533 2 5
6 7 3 8 2 
7 6 3 8 2 

186 13288409680962758449 2 5
3 4 5 1 7 
3 5 4 7 1 

205 1395085817405049010 2 5
3 2 0 6 7 
3 2 0 7 6 

206 6089213516061521075 1 5
3 2 1 6 7 

214 8219797171344022969 2 5
2 4 6 1 7 
4 2 6 1 7 

213 13641527286744992221 2 5
2 4 6 0 7 
4 2 6 0 7 

218 6390567556443487704 1 5
3 4 6 1 7 

220 13475630103291284317 1 5
4 3 2 6 7 

217 1390828254009243405 1 5
3 4 6 0 7 

233 11339198151893986846 1 5
3 5 0 6 7 

229 3432924962093456341 2 5
2 5 7 0 6 
5 2 7 0 6 

234 5865648677003046637 1 5
3 5 6 1 7 

230 8568392270807121372 2 5
2 5 7 6 1 
5 2 7 6 1 

236 2569383802085552287 1 5
5 3 2 7 6 

244 16990069662827405584 1 5
2 5 4 7 6 

242 10003363766066939319 2 5
4 5 1 6 7 
5 4 1 6 7 

248 3279351965773113846 1 5
3 4 5 6 7 

241 10298332544299030335 4 5
4 5 0 6 7 
4 5 0 7 6 
5 4 0 6 7 
5 4 0 7 6 

271 1229075023546574038 1 5
0 1 3 8 2 

279 12489276266628248637 1 5
4 8 2 1 0 

285 9478970036185279037 1 5
0 4 3 8 2 

301 9478970036185279037 1 5
0 5 3 8 2 

333 1229075023546574038 1 5
0 6 3 8 2 

327 9556482050248187291 4 5
2 8 6 1 0 
2 8 1 6 0 
8 2 1 6 0 
8 2 6 1 0 

339 16129905654190491396 2 5
4 8 1 6 0 
8 4 1 6 0 

355 10359219786114294114 2 5
5 8 1 6 0 
8 5 1 6 0 

376 13219942401965839284 1 5
6 4 5 3 8 

391 7079398154056039712 4 5
2 8 0 7 1 
2 8 0 1 7 
8 2 0 7 1 
8 2 0 1 7 

397 1229075023546574038 1 5
0 7 3 8 2 

403 10758150646892177231 2 5
4 8 1 0 7 
8 4 1 0 7 

419 9900441459135362466 2 5
5 8 7 0 1 
8 5 7 0 1 

440 16325091733773607316 1 5
7 5 4 3 8 

454 6503944763070779140 2 5
2 8 1 6 7 
8 2 1 6 7 

453 1715469498919816033 4 5
2 8 0 7 6 
2 8 0 6 7 
8 2 0 7 6 
8 2 0 6 7 

465 6425330021884179276 2 5
4 8 0 7 6 
8 4 0 7 6 

