bhabha2pb2m[-1,0,0,0,0,0,1,0,0]*(4*a6)
bhabha2pb2m[0,0,0,0,0,0,0,0,0]*(-6*a8+6*a2-6*a6+6*a1)
bhabha2pb2m[0,0,0,0,0,0,1,0,0]*(4*a6*eta+8*a6)
bhabha2pb2m[0,0,0,0,0,0,0,1,0]*(-4*a7-2*eta*a7)
bhabha2pb2m[0,-1,0,0,0,0,1,0,0]*(2*a6)
bhabha2pb2m[0,0,0,0,0,0,-1,1,0]*(5*a7)
bhabha2pb2m[-1,0,0,0,0,0,0,0,1]*(-4*a8)
bhabha2pb2m[0,0,0,0,-1,0,0,0,1]*(2*a8)
bhabha2pb2m[0,0,0,0,0,-1,0,0,1]*(2*a8)
bhabha2pb2m[0,-1,0,0,0,0,0,1,0]*(-3*a7)
bhabha2pb2m[0,0,0,0,0,0,0,0,1]*(-4*a8*eta)
bhabha2pb2m[0,0,0,1,0,0,0,0,0]*(2*a3*eta)
bhabha2pb2m[0,0,-1,0,0,0,0,0,1]*(2*a8)
bhabha2pb2m[0,0,0,1,0,-1,0,0,0]*(-a3)
bhabha2pb2m[0,0,0,1,-1,0,0,0,0]*(-a3)
bhabha2pb2m[0,0,-1,1,0,0,0,0,0]*(9*a3)
bhabha2pb2m[-1,1,0,0,0,0,0,0,0]*(-4*a1)
bhabha2pb2m[0,1,0,0,0,0,-1,0,0]*(-2*a1)
bhabha2pb2m[0,1,0,0,0,0,0,0,0]*(-4*eta*a1-8*a1)
bhabha2pb2m[-1,0,0,1,0,0,0,0,0]*(2*a3)
bhabha2pb2m[-1,0,0,0,0,0,0,1,0]*(-2*a7)
bhabha2pb2m[0,0,0,1,0,0,0,0,-1]*(-7*a3)
bhabha2pb2m[-1,0,1,0,0,0,0,0,0]*(4*a2)
bhabha2pb2m[0,0,1,0,-1,0,0,0,0]*(-2*a2)
bhabha2pb2m[0,0,1,0,0,-1,0,0,0]*(-2*a2)
bhabha2pb2m[0,0,1,0,0,0,0,0,-1]*(-2*a2)
bhabha2pb2m[0,0,1,0,0,0,0,0,0]*(4*a2*eta)

bhabha2pb2m[-1,0,0,0,0,0,1,0,0]*(-9*a6)
bhabha2pb2m[0,-1,0,0,0,0,1,0,0]*(3*a6)
bhabha2pb2m[0,0,0,0,0,0,1,0,0]*(-9*a6*eta-18*a6)
bhabha2pb2m[0,0,0,0,0,0,0,1,0]*(14*a7+7*eta*a7)
bhabha2pb2m[0,0,0,0,0,0,1,-1,0]*(6*a6)
bhabha2pb2m[0,0,0,0,0,0,0,0,0]*(7*a2-7*a3-5*a7+5*a1)
bhabha2pb2m[-1,0,0,0,0,0,0,0,1]*(3*a8)
bhabha2pb2m[0,0,-1,0,0,0,0,0,1]*(9*a8)
bhabha2pb2m[0,0,0,0,-1,0,0,0,1]*(-3/2*a8)
bhabha2pb2m[0,0,0,0,0,-1,0,0,1]*(-3/2*a8)
bhabha2pb2m[0,0,0,0,0,0,0,0,1]*(30*a8+3*a8*eta)
bhabha2pb2m[0,0,-1,1,0,0,0,0,0]*(14*a3)
bhabha2pb2m[0,0,0,-1,0,0,0,0,1]*(-6*a8)
bhabha2pb2m[0,0,0,1,0,0,0,0,0]*(7*a3*eta+35*a3)
bhabha2pb2m[-1,1,0,0,0,0,0,0,0]*(-7*a1)
bhabha2pb2m[-1,0,0,0,0,0,0,1,0]*(7*a7)
bhabha2pb2m[0,1,0,0,0,0,0,0,0]*(-7*eta*a1-14*a1)
bhabha2pb2m[0,0,0,1,-1,0,0,0,0]*(-7/2*a3)
bhabha2pb2m[0,1,0,0,0,0,0,-1,0]*(2*a1)
bhabha2pb2m[0,0,0,1,0,-1,0,0,0]*(-7/2*a3)
bhabha2pb2m[-1,0,1,0,0,0,0,0,0]*(5*a2)
bhabha2pb2m[0,-1,0,0,0,0,0,1,0]*(-2*a7)
bhabha2pb2m[0,0,1,0,-1,0,0,0,0]*(-5/2*a2)
bhabha2pb2m[0,0,1,0,0,-1,0,0,0]*(-5/2*a2)
bhabha2pb2m[0,0,1,0,0,0,0,0,0]*(10*a2+5*a2*eta)
bhabha2pb2m[-1,0,0,1,0,0,0,0,0]*(7*a3)
bhabha2pb2m[0,0,1,-1,0,0,0,0,0]*(-2*a2)

bhabha2pb2m[-1,0,0,0,0,0,1,0,0]*(-5*a6)
bhabha2pb2m[0,0,0,0,0,0,0,0,0]*(3*a8+6*a2+3*a6-9*a3-3*a7)
bhabha2pb2m[0,0,0,0,0,0,1,0,0]*(-5*a6*eta-10*a6)
bhabha2pb2m[0,0,0,0,0,0,0,1,0]*(10*a7+5*eta*a7)
bhabha2pb2m[0,0,0,0,0,0,1,-1,0]*(2*a6)
bhabha2pb2m[0,0,0,1,0,0,0,0,0]*(7*a3*eta+45*a3)
bhabha2pb2m[-1,0,0,0,0,0,0,0,1]*(3*a8)
bhabha2pb2m[0,0,0,0,-1,0,0,0,1]*(-3/2*a8)
bhabha2pb2m[0,0,0,0,0,-1,0,0,1]*(-3/2*a8)
bhabha2pb2m[-1,0,0,0,0,0,0,1,0]*(5*a7)
bhabha2pb2m[0,0,0,0,0,0,0,0,1]*(10*a8+3*a8*eta)
bhabha2pb2m[0,0,-1,0,0,0,0,0,1]*(2*a8)
bhabha2pb2m[0,0,0,-1,0,0,0,0,1]*(-2*a8)
bhabha2pb2m[0,0,0,1,-1,0,0,0,0]*(-7/2*a3)
bhabha2pb2m[-1,1,0,0,0,0,0,0,0]*(-11*a1)
bhabha2pb2m[0,1,0,0,0,0,-1,0,0]*(5*a1)
bhabha2pb2m[0,1,0,0,0,0,0,0,0]*(-11*eta*a1-22*a1)
bhabha2pb2m[0,0,0,1,0,0,0,0,-1]*(7*a3)
bhabha2pb2m[0,1,0,0,0,0,0,-1,0]*(6*a1)
bhabha2pb2m[0,0,0,0,0,0,-1,1,0]*(-2*a7)
bhabha2pb2m[-1,0,1,0,0,0,0,0,0]*(5*a2)
bhabha2pb2m[0,0,1,0,-1,0,0,0,0]*(-5/2*a2)
bhabha2pb2m[0,0,1,0,0,-1,0,0,0]*(-5/2*a2)
bhabha2pb2m[0,0,1,0,0,0,0,0,-1]*(5*a2)
bhabha2pb2m[0,0,1,0,0,0,0,0,0]*(30*a2+5*a2*eta)
bhabha2pb2m[0,0,0,1,0,-1,0,0,0]*(-7/2*a3)
bhabha2pb2m[0,0,1,-1,0,0,0,0,0]*(-6*a2)
bhabha2pb2m[-1,0,0,1,0,0,0,0,0]*(7*a3)
bhabha2pb2m[0,0,-1,1,0,0,0,0,0]*(9*a3)

