488 13803094052368031310 2 5
3 5 6 7 8 
5 3 6 7 8 

484 16870924358995393549 1 5
2 5 7 8 6 

496 16573377101259450564 1 5
4 5 8 7 6 

468 7649709878538780769 2 5
2 4 7 8 6 
4 2 7 8 6 

482 6298982110798931044 1 5
1 5 7 8 6 

454 1727597760192521261 1 5
2 1 8 7 6 

460 12852373368391607987 1 5
2 3 7 8 6 

472 788989788839997241 1 5
4 3 7 8 6 

466 3256214052949895515 1 5
4 1 7 8 6 

458 6657233707728602151 1 5
1 3 7 8 6 

453 6672129407013007123 1 5
2 0 7 8 6 

465 6672129407013007123 1 5
4 0 7 8 6 

436 593178453661130527 1 5
4 2 5 8 7 

428 3234877139341182921 1 5
7 8 5 2 3 

422 16465436680114555944 1 5
1 2 5 7 8 

451 6825744261091842428 1 5
1 0 7 8 6 

421 3989622045008295595 1 5
2 5 0 7 8 

440 406423540387725248 1 5
4 5 3 8 7 

426 3508876527126558575 1 5
1 3 5 7 8 

425 14070327826761083688 2 5
3 5 0 7 8 
5 3 0 7 8 

434 11710353015539619393 1 5
5 4 1 8 7 

433 10253495541921424644 1 5
4 5 0 8 7 

412 16075256442787652421 1 5
4 2 3 7 8 

419 9429076765922680666 2 5
1 5 0 7 8 
1 5 0 8 7 

398 16807265270294537203 1 5
1 2 3 7 8 

405 14719261466401227778 2 5
2 4 0 8 7 
4 2 0 8 7 

406 5371382461269847253 1 5
2 4 1 8 7 

397 11933761408839824396 2 5
2 3 0 7 8 
2 3 0 8 7 

391 7183932545608144971 1 5
2 1 0 8 7 

410 895603628337169129 1 5
3 4 1 7 8 

395 12459763607360436550 1 5
1 3 0 7 8 

409 12892149604202838474 1 5
4 3 0 7 8 

403 5169438862231595548 2 5
4 1 0 7 8 
4 1 0 8 7 

372 6971742900891885951 1 5
4 2 5 8 6 

364 14731666447924454157 1 5
6 8 5 2 3 

358 7088821825325839935 1 5
1 2 5 6 8 

357 13367217321843377818 1 5
2 5 0 6 8 

376 15992599045604752197 1 5
4 5 3 6 8 

362 5636342287813194565 1 5
1 3 5 6 8 

361 1936306598894758153 2 5
3 5 0 6 8 
5 3 0 6 8 

370 10963198415257167379 1 5
5 4 1 8 6 

369 12734909930685203393 1 5
4 5 0 8 6 

348 15664998371670343895 1 5
4 2 3 6 8 

355 2641620287451323594 2 5
1 5 0 6 8 
1 5 0 8 6 

334 6830144481145884939 1 5
1 2 3 8 6 

341 5856941686698257872 2 5
2 4 0 6 8 
4 2 0 6 8 

342 17369446084674873794 1 5
2 4 1 6 8 

333 6866216736986476997 2 5
2 3 0 6 8 
2 3 0 8 6 

102 10123012922213357496 1 4
6 1 2 5 

116 9696434301910172790 1 4
4 6 2 5 

108 1130107248837223073 1 4
6 5 2 3 

101 8735373768705301463 1 4
2 5 0 6 

114 17267657376675424475 2 4
5 6 4 1 
6 5 4 1 

106 17881416804696349496 1 4
6 1 5 3 

120 2505770065154038676 1 4
4 6 5 3 

105 12219527490892606314 2 4
3 5 0 6 
5 3 0 6 

113 11829580122578318875 1 4
4 5 0 6 

99 4919125878900992430 1 4
1 5 0 6 

356 16112529283522584782 1 4
2 5 6 8 

92 8397334625162587836 1 4
4 6 2 3 

78 12932547347068489143 1 4
1 6 2 3 

204 12070489641313147142 2 4
2 3 6 7 
2 3 7 6 

77 13796289709583244209 1 4
2 3 0 6 

85 2995300807293622581 2 4
2 4 0 6 
4 2 0 6 

86 15094015349118178928 1 4
2 6 4 1 

90 15044695631006663504 2 4
3 6 4 1 
6 3 4 1 

198 9166541475514018614 2 4
2 1 6 7 
2 1 7 6 

71 829462507610480582 1 4
2 1 0 6 

216 6398757076883575033 1 4
4 3 7 6 

89 15024369831046084700 1 4
4 3 0 6 

346 15615100235006189118 1 5
3 4 1 8 6 

210 16348513504553049399 2 4
4 1 6 7 
4 1 7 6 

83 12201719732443827490 1 4
4 1 0 6 

340 8544954277129885288 2 4
2 4 6 8 
4 2 6 8 

202 281321173477211550 1 4
1 3 7 6 

75 12877292430878066726 1 4
1 3 0 6 

332 8950438065344213768 2 4
2 3 6 8 
2 3 8 6 

60 4469039715378929011 1 4
4 5 2 3 

46 13043873221655930848 1 4
1 5 2 3 

172 2855396389126547487 1 4
7 5 2 3 

45 8377512155340693718 1 4
0 5 2 3 

302 7575054964368914371 1 5
1 8 5 2 3 

180 12516394642951707663 1 4
4 7 2 5 

53 10936542901791617255 1 4
0 4 2 5 

310 14130711639764797457 1 5
8 2 5 4 1 

54 11877010082923528108 1 4
2 5 4 1 

166 10123012922213357496 1 4
7 1 2 5 

39 8026982141812750036 1 4
0 1 2 5 

296 12200856999056393219 2 3
8 5 3 
8 3 5 

58 571018870073985091 2 4
3 5 4 1 
5 3 4 1 

184 1330456466003789952 1 4
4 7 5 3 

57 15410467675298359368 1 4
0 4 5 3 

314 5696978013109351815 1 5
8 5 3 4 1 

170 12250357742552541773 1 4
1 7 3 5 

43 6342650592927001427 1 4
0 1 3 5 

300 3715478809415481101 1 4
8 5 2 3 

178 420672422543064538 2 4
5 7 4 1 
7 5 4 1 

51 5543859366441156798 1 4
0 5 4 1 

308 13546109280584212593 1 4
4 8 2 5 

156 17723397868700175270 1 4
4 7 2 3 

29 6777173445913401214 2 4
0 4 2 3 
4 0 2 3 

286 16376183069777998664 1 5
8 2 3 4 1 

150 1766177239886396019 1 4
2 7 4 1 

23 1954257939508560570 2 4
0 2 4 1 
2 0 4 1 

280 14718008852537657457 2 3
4 3 8 
4 8 3 

30 1318448180207620562 1 4
2 3 4 1 

142 15192647287244024961 1 4
1 7 2 3 

15 7358597790640381073 1 4
0 1 2 3 

154 295227278543756919 2 4
3 7 4 1 
7 3 4 1 

27 13711601659944483508 1 4
0 3 4 1 

284 5705165468213556174 1 4
4 8 2 3 

195 560577903138297511 2 4
1 0 6 7 
1 0 7 6 

452 15236505058129304159 1 4
2 7 8 6 

322 2809019070204764013 2 3
1 6 8 
1 8 6 

84 2361156492905547982 2 3
2 4 6 
4 2 6 

88 10706753935364593016 2 3
4 3 6 
4 6 3 

345 7616782957309397011 1 5
4 3 0 8 6 

74 3320577017736803057 2 3
1 3 6 
1 6 3 

331 8165900097283945692 1 5
1 3 0 8 6 

52 12716786440761151243 1 3
4 2 5 

309 10669420533597564213 1 5
4 2 5 0 8 

56 6769977200444175653 2 3
4 3 5 
4 5 3 

313 10898722602978016487 1 5
4 5 3 0 8 

165 8735373768705301463 1 4
2 5 0 7 

38 9918798702422955379 1 3
1 2 5 

295 13577744774092441869 1 5
1 2 5 0 8 

292 11176232451171760786 1 3
8 2 5 

35 3236734852120471368 1 3
0 1 5 

197 5625766177066252915 2 4
2 0 6 7 
2 0 7 6 

324 12585292063867719537 2 3
2 6 8 
2 8 6 

67 4795752651878249674 1 3
1 0 6 

70 7583130137438804642 1 3
2 1 6 

327 14637051745196677287 1 5
2 1 0 8 6 

100 4510228031795934510 1 3
6 2 5 

209 5625766177066252915 2 4
4 0 6 7 
4 0 7 6 

336 12585292063867719537 2 3
4 6 8 
4 8 6 

79 16183084189190767371 1 5
1 2 3 0 6 

17 17087753756477223945 2 2
0 4 
4 0 

194 11354764347485018321 2 3
1 6 7 
1 7 6 

133 11149028268085365730 1 3
2 0 7 

390 8431904293118968752 1 4
2 1 8 7 

6 15854964206640700318 1 2
2 1 

263 12264378850932126174 1 4
2 1 0 8 

400 3870621583062396010 2 3
4 7 8 
4 8 7 

143 3294429114958772954 1 5
1 2 3 0 7 

273 11149028268085365730 1 3
4 0 8 

19 16048718150145292005 1 3
0 4 1 

276 16574095905003600574 2 3
2 4 8 
4 2 8 

3 15854964206640700318 1 2
0 1 

147 12201719732443827490 1 4
4 1 0 7 

404 16406621722779782888 2 4
2 4 8 7 
4 2 8 7 

20 17087753756477223945 2 2
2 4 
4 2 

277 17033440425027155532 2 4
2 4 0 8 
4 2 0 8 

11 1032012792107971021 1 3
0 1 3 

138 16737847873360705940 2 3
1 3 7 
1 7 3 

196 17258787824257198352 2 3
2 6 7 
2 7 6 

69 11149028268085365730 1 3
2 0 6 

326 895143410658253310 1 4
2 1 8 6 

13 6486448604913209494 1 3
0 2 3 

270 1501651095335045605 1 4
1 8 2 3 

131 4795752651878249674 1 3
1 0 7 

388 3870621583062396010 2 3
2 7 8 
2 8 7 

141 13796289709583244209 1 4
2 3 0 7 

14 3981494977362785629 1 3
1 2 3 

271 5643633085102465290 1 5
1 2 3 0 8 

28 6486448604913209494 1 3
4 2 3 

285 18252339766879522175 1 5
4 2 3 0 8 

112 18207486321558840374 2 3
4 5 6 
4 6 5 

104 187015039591281257 2 3
6 5 3 
6 3 5 

98 14526323804684375619 2 3
1 5 6 
1 6 5 

145 11149028268085365730 1 3
4 0 7 

402 3936192151846152209 2 4
4 1 7 8 
4 1 8 7 

25 1330854201845664887 2 3
0 4 3 
4 0 3 

282 952358169423761310 2 4
3 8 4 1 
8 3 4 1 

152 12769602731266802952 2 3
4 3 7 
4 7 3 

261 11149028268085365730 1 3
2 0 8 

7 17718429349529722367 2 3
0 2 1 
2 0 1 

134 7583130137438804642 1 3
2 1 7 

49 17662388742419376403 2 3
0 4 5 
4 0 5 

306 8809985144042581290 2 4
5 8 4 1 
8 5 4 1 

176 18054779487213094827 2 3
4 5 7 
4 7 5 

41 2646679150000234221 2 3
0 3 5 
0 5 3 

298 5387980216268445299 1 4
1 8 3 5 

168 2746274521266220642 2 3
7 5 3 
7 3 5 

21 10464402029777390164 6 3
0 2 4 
0 4 2 
2 0 4 
2 4 0 
4 2 0 
4 0 2 

278 2434365199297127939 1 4
2 8 4 1 

148 5707635945091764290 2 3
2 4 7 
4 2 7 

139 1451610403793334285 1 4
1 3 0 7 

396 8226989252743794708 2 4
2 3 7 8 
2 3 8 7 

266 10873268665756500964 2 3
1 3 8 
1 8 3 

162 14526323804684375619 2 3
1 5 7 
1 7 5 

153 2602917121141140096 1 4
4 3 0 7 

37 13747628228603137835 1 3
0 2 5 

294 17779598864053655073 1 4
1 8 2 5 

164 4510228031795934510 1 3
7 2 5 

81 11149028268085365730 1 3
4 0 6 

338 14240088611216891082 2 4
4 1 6 8 
4 1 8 6 

208 17258787824257198352 2 3
4 6 7 
4 7 6 

386 10455824739562363377 2 3
1 7 8 
1 8 7 

5 17087753756477223945 2 2
0 2 
2 0 

262 1032012792107971021 1 3
2 1 8 

259 4795752651878249674 1 3
1 0 8 

135 829462507610480582 1 4
2 1 0 7 

163 4919125878900992430 1 4
1 5 0 7 

420 9172107147791376447 1 4
2 5 7 8 

290 14526323804684375619 2 3
1 5 8 
1 8 5 

177 17894880357480254922 1 4
4 5 0 7 

304 16258839135554755291 2 3
4 5 8 
4 8 5 

47 15337067147139310171 1 5
0 1 5 2 3 

149 9192673037414984222 2 4
2 4 0 7 
4 2 0 7 

22 16048718150145292005 1 3
2 4 1 

279 7647266776052154004 1 5
2 4 1 0 8 

169 14192852830042885040 2 4
3 5 0 7 
5 3 0 7 

42 6117668484531166112 2 3
1 3 5 
1 5 3 

299 16399140819242831774 1 5
1 3 5 0 8 

212 391625185477465501 2 4
2 4 6 7 
4 2 6 7 

240 2357200053182921339 1 4
4 5 7 6 

226 17893417868270868855 2 4
1 5 6 7 
1 5 7 6 

232 1795200902221953266 2 4
3 5 6 7 
5 3 6 7 

228 1599933838831534343 2 4
2 5 6 7 
2 5 7 6 

275 12201719732443827490 1 4
4 1 0 8 

281 1470142328109767921 1 4
4 3 0 8 

267 16309300900493162809 1 4
1 3 0 8 

269 13796289709583244209 1 4
2 3 0 8 

291 4919125878900992430 1 4
1 5 0 8 

305 12152577045520422986 1 4
4 5 0 8 

297 5741225646592503447 2 4
3 5 0 8 
5 3 0 8 

312 7861852983353935222 1 4
4 8 5 3 

55 18298125210614598425 1 5
0 2 5 4 1 

293 16664461303933377272 1 4
2 5 0 8 

323 17449714998948476857 2 4
1 0 6 8 
1 0 8 6 

337 15669754230730330559 2 4
4 0 6 8 
4 0 8 6 

330 1016369758950266003 1 4
1 3 8 6 

344 3594530558944545459 1 4
4 3 8 6 

87 15766659823716267328 1 5
2 4 1 0 6 

325 15669754230730330559 2 4
2 0 6 8 
2 0 8 6 

354 9217835039309042528 2 4
1 5 6 8 
1 5 8 6 

368 3418372805148521270 1 4
4 5 8 6 

360 8598181255574835227 2 4
3 5 6 8 
5 3 6 8 

103 7183476889383185759 1 5
1 2 5 0 6 

387 7994219177541505950 2 4
1 0 7 8 
1 0 8 7 

401 5215022540671273095 2 4
4 0 7 8 
4 0 8 7 

394 17766899859723819969 1 4
1 3 7 8 

408 14306477252083823039 1 4
4 3 7 8 

151 4466151839218577716 1 5
2 4 1 0 7 

389 5215022540671273095 2 4
2 0 7 8 
2 0 8 7 

418 3998311577186893800 2 4
1 5 7 8 
1 5 8 7 

432 7262836224129383888 1 4
4 5 8 7 

424 14763096501655265921 2 4
3 5 7 8 
5 3 7 8 

167 7183476889383185759 1 5
1 2 5 0 7 

450 11305355462509973935 1 4
1 7 8 6 

464 15236505058129304159 1 4
4 7 8 6 

59 16735211869632944366 1 5
0 5 3 4 1 

316 7619547086907349168 1 5
4 8 5 2 3 

31 1140706039721045161 1 5
0 2 3 4 1 

61 12870537522393528664 1 5
0 4 5 2 3 

62 8852809678226498709 1 5
4 1 5 2 3 

91 3619407393136999734 1 5
3 4 1 0 6 

93 17665058310503640421 1 5
4 2 3 0 6 

94 11883355212963757824 1 5
6 2 3 4 1 

115 8626341246065455674 1 5
5 4 1 0 6 

107 11350295513653591094 1 5
1 5 3 0 6 

121 14453904469706827638 1 5
4 5 3 0 6 

122 16434785989421399652 1 5
6 5 3 4 1 

109 11025729772800852257 1 5
0 6 5 2 3 

117 12098190708305277331 1 5
4 2 5 0 6 

118 13077496982373909003 1 5
6 2 5 4 1 

110 3423932135920608189 1 5
6 1 5 2 3 

155 2837070877309450225 1 5
3 4 1 0 7 

124 15851785362384921756 1 5
4 6 5 2 3 

157 1154068898222048589 1 5
4 2 3 0 7 

158 13136294561022624347 1 5
7 2 3 4 1 

171 16435860193839736234 1 5
1 3 5 0 7 

179 2325147154494655302 1 5
5 4 1 0 7 

185 7722397089485597674 1 5
4 5 3 0 7 

186 17000820980055898009 1 5
7 5 3 4 1 

181 12443127872890278842 1 5
4 2 5 0 7 

173 6125067300560126168 1 5
0 7 5 2 3 

182 1970872050487927124 1 5
7 2 5 4 1 

174 6801339726871816609 1 5
7 1 5 2 3 

188 12379690329493613751 1 5
4 7 5 2 3 

203 2705238096114824291 1 5
1 3 0 7 6 

211 12028978221500414065 2 5
4 1 0 6 7 
4 1 0 7 6 

217 12561397723489741560 1 5
4 3 0 7 6 

218 279389736860101446 1 5
3 4 1 7 6 

199 11965655355214892121 2 5
2 1 0 6 7 
2 1 0 7 6 

214 2463340709416986886 1 5
2 4 1 6 7 

205 11919616204174791151 2 5
2 3 0 6 7 
2 3 0 7 6 

213 9648824109054852665 2 5
2 4 0 6 7 
4 2 0 6 7 

206 8890344020518791892 1 5
1 2 3 7 6 

227 5617815720365788197 2 5
1 5 0 6 7 
1 5 0 7 6 

220 1389956865691988907 1 5
4 2 3 6 7 

241 6356029455425133491 1 5
4 5 0 7 6 

233 10537463247056809139 2 5
3 5 0 6 7 
5 3 0 6 7 

242 17912608838368397041 1 5
5 4 1 7 6 

234 9833707538556720054 1 5
1 3 5 6 7 

248 9326004932460734143 1 5
4 5 3 6 7 

229 3456213162298431091 2 5
2 5 0 6 7 
2 5 0 7 6 

236 12750036537659402999 1 5
6 7 5 2 3 

244 15496045161400541799 1 5
4 2 5 7 6 

230 11162440515286837291 2 5
1 2 5 6 7 
1 2 5 7 6 

283 5461483025548331360 1 5
3 4 1 0 8 

307 337796543568243308 1 5
5 4 1 0 8 

301 294071232651448535 1 5
0 8 5 2 3 

339 14371636690469025053 2 5
4 1 0 6 8 
4 1 0 8 6 

