bhabha2npb[0,0,0,0,0,0,0,0,0]*(-a6-a3-2*a0-a7+d-a5)
bhabha2npb[1,0,0,0,0,0,0,0,0]*(-2*a0)
bhabha2npb[-1,0,0,1,0,0,0,0,0]*(-a3)
bhabha2npb[-1,0,0,0,0,0,0,1,0]*(-a7)
bhabha2npb[0,0,0,1,-1,0,0,0,0]*(a3)
bhabha2npb[0,0,0,1,0,0,0,0,0]*(-a3)
bhabha2npb[-1,0,0,0,0,1,0,0,0]*(-a5)
bhabha2npb[-1,0,0,0,0,0,1,0,0]*(-a6)

bhabha2npb[0,0,0,0,0,0,0,0,0]*(-a3-2*a4+d-a1-a8-a2)
bhabha2npb[0,1,0,0,-1,0,0,0,0]*(-a1)
bhabha2npb[0,1,0,0,0,0,0,0,0]*(-eta*a1-4*a1)
bhabha2npb[0,0,0,0,0,0,0,0,1]*(a8)
bhabha2npb[0,0,1,0,-1,0,0,0,0]*(-a2)
bhabha2npb[0,0,1,0,0,0,0,0,0]*(a2)
bhabha2npb[-1,0,0,1,0,0,0,0,0]*(a3)
bhabha2npb[0,0,0,0,-1,0,0,0,1]*(-a8)
bhabha2npb[0,0,0,1,-1,0,0,0,0]*(-a3)
bhabha2npb[0,0,0,1,0,0,0,0,0]*(a3)

bhabha2npb[0,0,0,0,0,0,0,0,0]*(a0-a5)
bhabha2npb[1,0,0,0,0,-1,0,0,0]*(-a0)
bhabha2npb[1,0,0,0,0,0,0,0,0]*(2*a0)
bhabha2npb[-1,0,0,1,0,0,0,0,0]*(a3)
bhabha2npb[0,0,0,1,-1,0,0,0,0]*(a3)
bhabha2npb[0,0,0,1,0,-1,0,0,0]*(-a3)
bhabha2npb[0,0,0,1,0,0,0,0,-1]*(-a3)
bhabha2npb[0,0,0,1,0,0,0,0,0]*(3*a3)
bhabha2npb[-1,0,0,0,0,1,0,0,0]*(a5)
bhabha2npb[0,0,0,0,0,0,0,1,0]*(5*a7)
bhabha2npb[-1,0,0,0,0,0,1,0,0]*(a6)
bhabha2npb[0,0,0,0,0,-1,1,0,0]*(-a6)
bhabha2npb[0,0,0,0,0,0,1,0,0]*(7*a6)
bhabha2npb[-1,0,0,0,0,0,0,1,0]*(a7)
bhabha2npb[0,0,0,0,0,-1,0,1,0]*(-a7)

bhabha2npb[0,0,0,0,0,0,0,0,0]*(-a6+a0)
bhabha2npb[1,0,0,0,0,0,-1,0,0]*(-a0)
bhabha2npb[1,0,0,0,0,0,0,0,0]*(2*a0)
bhabha2npb[-1,0,0,1,0,0,0,0,0]*(a3)
bhabha2npb[0,-1,0,1,0,0,0,0,0]*(-a3)
bhabha2npb[0,0,0,1,0,0,-1,0,0]*(-a3)
bhabha2npb[0,0,0,1,0,0,0,0,-1]*(a3)
bhabha2npb[0,0,0,1,0,0,0,0,0]*(-3*a3-a3*eta)
bhabha2npb[-1,0,0,0,0,1,0,0,0]*(a5)
bhabha2npb[0,0,0,0,0,1,-1,0,0]*(-a5)
bhabha2npb[0,0,0,0,0,1,0,0,0]*(7*a5)
bhabha2npb[-1,0,0,0,0,0,1,0,0]*(a6)
bhabha2npb[0,0,0,0,0,0,0,1,0]*(-4*a7)
bhabha2npb[-1,0,0,0,0,0,0,1,0]*(a7)
bhabha2npb[0,0,0,0,0,0,-1,1,0]*(-a7)

bhabha2npb[0,0,0,0,0,0,0,0,0]*(a0-a7)
bhabha2npb[1,0,0,0,0,0,0,-1,0]*(-a0)
bhabha2npb[1,0,0,0,0,0,0,0,0]*(2*a0)
bhabha2npb[-1,0,0,1,0,0,0,0,0]*(a3)
bhabha2npb[0,0,-1,1,0,0,0,0,0]*(-a3)
bhabha2npb[0,0,0,1,-1,0,0,0,0]*(a3)
bhabha2npb[0,0,0,1,0,0,0,-1,0]*(-a3)
bhabha2npb[0,0,0,1,0,0,0,0,0]*(3*a3)
bhabha2npb[-1,0,0,0,0,1,0,0,0]*(a5)
bhabha2npb[0,0,0,0,0,1,0,-1,0]*(-a5)
bhabha2npb[0,0,0,0,0,1,0,0,0]*(5*a5)
bhabha2npb[-1,0,0,0,0,0,1,0,0]*(a6)
bhabha2npb[0,0,0,0,0,0,1,-1,0]*(-a6)
bhabha2npb[0,0,0,0,0,0,1,0,0]*(-4*a6)
bhabha2npb[-1,0,0,0,0,0,0,1,0]*(a7)

bhabha2npb[0,1,0,0,-1,0,0,0,0]*(a1)
bhabha2npb[0,1,0,0,0,0,0,0,-1]*(-a1)
bhabha2npb[0,1,0,0,0,0,0,0,0]*(4*a1)
bhabha2npb[0,0,1,0,-1,0,0,0,0]*(a2)
bhabha2npb[0,0,1,0,0,0,0,0,-1]*(-a2)
bhabha2npb[0,0,1,0,0,0,0,0,0]*(4*a2)
bhabha2npb[-1,0,0,1,0,0,0,0,0]*(a3)
bhabha2npb[0,0,0,1,-1,0,0,0,0]*(a3)
bhabha2npb[0,0,0,1,0,-1,0,0,0]*(-a3)
bhabha2npb[0,0,0,1,0,0,0,0,-1]*(-a3)
bhabha2npb[0,0,0,1,0,0,0,0,0]*(3*a3)
bhabha2npb[0,0,0,0,0,0,0,0,0]*(a4-a8)
bhabha2npb[0,0,0,0,1,0,0,0,-1]*(-a4)
bhabha2npb[0,0,0,0,1,0,0,0,0]*(a4)
bhabha2npb[0,0,0,0,-1,0,0,0,1]*(a8)
bhabha2npb[0,0,0,0,0,0,0,0,1]*(-a8)

bhabha2npb[0,0,0,0,0,0,0,0,0]*(-a1+a8)
bhabha2npb[0,1,0,0,0,0,0,0,-1]*(a1)
bhabha2npb[0,1,0,0,0,0,0,0,0]*(-eta*a1-2*a1)
bhabha2npb[0,-1,1,0,0,0,0,0,0]*(-a2)
bhabha2npb[0,0,1,0,0,0,0,0,-1]*(a2)
bhabha2npb[0,0,1,0,0,0,0,0,0]*(-eta*a2-11*a2)
bhabha2npb[-1,0,0,1,0,0,0,0,0]*(a3)
bhabha2npb[0,-1,0,1,0,0,0,0,0]*(-a3)
bhabha2npb[0,0,0,1,0,0,-1,0,0]*(-a3)
bhabha2npb[0,0,0,1,0,0,0,0,-1]*(a3)
bhabha2npb[0,0,0,1,0,0,0,0,0]*(-3*a3-a3*eta)
bhabha2npb[0,-1,0,0,1,0,0,0,0]*(-a4)
bhabha2npb[0,0,0,0,1,0,0,0,-1]*(a4)
bhabha2npb[0,0,0,0,1,0,0,0,0]*(-eta*a4-5*a4)
bhabha2npb[0,-1,0,0,0,0,0,0,1]*(-a8)
bhabha2npb[0,0,0,0,0,0,0,0,1]*(-eta*a8)

bhabha2npb[0,1,-1,0,0,0,0,0,0]*(-a1)
bhabha2npb[0,1,0,0,-1,0,0,0,0]*(a1)
bhabha2npb[0,1,0,0,0,0,0,0,0]*(-2*a1)
bhabha2npb[0,0,0,0,0,0,0,0,0]*(a4-a2)
bhabha2npb[0,0,1,0,-1,0,0,0,0]*(a2)
bhabha2npb[0,0,1,0,0,0,0,0,0]*(-a2)
bhabha2npb[-1,0,0,1,0,0,0,0,0]*(a3)
bhabha2npb[0,0,-1,1,0,0,0,0,0]*(-a3)
bhabha2npb[0,0,0,1,-1,0,0,0,0]*(a3)
bhabha2npb[0,0,0,1,0,0,0,-1,0]*(-a3)
bhabha2npb[0,0,0,1,0,0,0,0,0]*(3*a3)
bhabha2npb[0,0,-1,0,1,0,0,0,0]*(-a4)
bhabha2npb[0,0,0,0,0,0,0,0,1]*(4*a8)
bhabha2npb[0,0,0,0,1,0,0,0,0]*(a4)
bhabha2npb[0,0,-1,0,0,0,0,0,1]*(-a8)
bhabha2npb[0,0,0,0,-1,0,0,0,1]*(a8)

bhabha2npb[-1,1,0,0,0,0,0,0,0]*(3*a1)
bhabha2npb[0,1,0,-1,0,0,0,0,0]*(-a1)
bhabha2npb[0,1,0,0,-1,0,0,0,0]*(a1)
bhabha2npb[0,1,0,0,0,-1,0,0,0]*(-a1)
bhabha2npb[0,1,0,0,0,0,-1,0,0]*(-a1)
bhabha2npb[0,1,0,0,0,0,0,0,0]*(5*a1)
bhabha2npb[-1,0,1,0,0,0,0,0,0]*(2*a2)
bhabha2npb[0,0,1,-1,0,0,0,0,0]*(-a2)
bhabha2npb[0,0,1,0,-1,0,0,0,0]*(a2)
bhabha2npb[0,0,1,0,0,0,0,-1,0]*(-a2)
bhabha2npb[0,0,1,0,0,0,0,0,0]*(3*a2)
bhabha2npb[-1,0,0,1,0,0,0,0,0]*(-a3)
bhabha2npb[0,0,0,0,0,0,0,0,0]*(-a3+a4)
bhabha2npb[0,0,0,1,-1,0,0,0,0]*(a3)
bhabha2npb[0,0,0,1,0,0,0,0,0]*(-a3)
bhabha2npb[-1,0,0,0,1,0,0,0,0]*(a4)
bhabha2npb[0,0,0,-1,1,0,0,0,0]*(-a4)
bhabha2npb[0,0,0,0,0,0,0,0,1]*(3*a8)
bhabha2npb[0,0,0,0,1,0,0,0,0]*(a4)
bhabha2npb[-1,0,0,0,0,0,0,0,1]*(2*a8)
bhabha2npb[0,0,0,-1,0,0,0,0,1]*(-a8)
bhabha2npb[0,0,0,0,-1,0,0,0,1]*(a8)
bhabha2npb[0,0,0,0,0,-1,0,0,1]*(-a8)

bhabha2npb[0,0,0,0,0,0,0,0,0]*(-a3+a0)
bhabha2npb[1,0,0,-1,0,0,0,0,0]*(-a0)
bhabha2npb[1,0,0,0,-1,0,0,0,0]*(a0)
bhabha2npb[1,0,0,0,0,0,0,0,0]*(a0)
bhabha2npb[-1,0,0,1,0,0,0,0,0]*(a3)
bhabha2npb[0,0,0,0,0,0,0,1,0]*(2*a7)
bhabha2npb[0,0,0,1,-1,0,0,0,0]*(-a3)
bhabha2npb[0,0,0,1,0,0,0,0,0]*(a3)
bhabha2npb[-1,0,0,0,0,1,0,0,0]*(a5)
bhabha2npb[0,0,0,-1,0,1,0,0,0]*(-a5)
bhabha2npb[0,0,0,0,-1,1,0,0,0]*(2*a5)
bhabha2npb[0,0,0,0,0,1,0,0,-1]*(-a5)
bhabha2npb[0,0,0,0,0,1,0,0,0]*(2*a5)
bhabha2npb[-1,0,0,0,0,0,1,0,0]*(a6)
bhabha2npb[0,-1,0,0,0,0,1,0,0]*(-a6)
bhabha2npb[0,0,0,-1,0,0,1,0,0]*(-a6)
bhabha2npb[0,0,0,0,-1,0,1,0,0]*(a6)
bhabha2npb[0,0,0,0,0,0,1,0,-1]*(a6)
bhabha2npb[0,0,0,0,0,0,1,0,0]*(-4*a6-a6*eta)
bhabha2npb[-1,0,0,0,0,0,0,1,0]*(a7)
bhabha2npb[0,0,-1,0,0,0,0,1,0]*(-a7)
bhabha2npb[0,0,0,-1,0,0,0,1,0]*(-a7)
bhabha2npb[0,0,0,0,-1,0,0,1,0]*(2*a7)

