322 1780203312458342186 6 3
1 6 8 
1 8 6 
6 1 8 
6 8 1 
8 6 1 
8 1 6 

304 2728381371886174304 6 3
4 5 8 
4 8 5 
5 4 8 
5 8 4 
8 5 4 
8 4 5 

290 12260785478939447192 6 3
1 5 8 
1 8 5 
5 1 8 
5 8 1 
8 5 1 
8 1 5 

49 10873268665756500964 2 3
0 4 5 
0 5 4 

69 11354764347485018321 2 3
0 2 6 
0 6 2 

11 14526323804684375619 2 3
0 1 3 
0 3 1 

25 14526323804684375619 2 3
0 3 4 
0 4 3 

336 13119232308241019096 6 3
4 6 8 
4 8 6 
6 4 8 
6 8 4 
8 6 4 
8 4 6 

41 14006079138629813544 2 3
0 3 5 
0 5 3 

19 13516167545971959779 2 3
0 1 4 
0 4 1 

35 14398596317398097091 2 3
0 1 5 
0 5 1 

138 6906529405458791006 6 3
1 3 7 
1 7 3 
3 1 7 
3 7 1 
7 3 1 
7 1 3 

50 11283220846380389061 2 3
5 4 1 
5 1 4 

21 3320577017736803057 2 3
0 2 4 
0 4 2 

37 2809019070204764013 2 3
0 2 5 
0 5 2 

7 8584551871215360226 2 3
0 1 2 
0 2 1 

152 6906529405458791006 6 3
3 4 7 
3 7 4 
4 3 7 
4 7 3 
7 4 3 
7 3 4 

13 14006079138629813544 2 3
0 2 3 
0 3 2 

73 14006079138629813544 2 3
0 3 6 
0 6 3 

276 754205998099296360 6 3
2 4 8 
2 8 4 
4 2 8 
4 8 2 
8 4 2 
8 2 4 

67 14172122096420452514 2 3
0 1 6 
0 6 1 

82 11283220846380389061 2 3
6 4 1 
6 1 4 

22 11283220846380389061 2 3
2 1 4 
2 4 1 

81 16737847873360705940 2 3
0 4 6 
0 6 4 

274 11283220846380389061 2 3
8 4 1 
8 1 4 

97 10455824739562363377 2 3
0 5 6 
0 6 5 

146 11283220846380389061 2 3
7 4 1 
7 1 4 

134 1780203312458342186 6 3
1 2 7 
1 7 2 
2 1 7 
2 7 1 
7 2 1 
7 1 2 

280 6906529405458791006 6 3
3 4 8 
3 8 4 
4 3 8 
4 8 3 
8 4 3 
8 3 4 

162 14590248500468714027 6 3
1 5 7 
1 7 5 
5 1 7 
5 7 1 
7 5 1 
7 1 5 

176 14860785610888650053 6 3
4 5 7 
4 7 5 
5 4 7 
5 7 4 
7 5 4 
7 4 5 

208 754205998099296360 6 3
4 6 7 
4 7 6 
6 4 7 
6 7 4 
7 6 4 
7 4 6 

148 13119232308241019096 6 3
2 4 7 
2 7 4 
4 2 7 
4 7 2 
7 4 2 
7 2 4 

266 6906529405458791006 6 3
1 3 8 
1 8 3 
3 1 8 
3 8 1 
8 3 1 
8 1 3 

