456 15236505058129304159 1 4
3 7 6 8 

432 394700380938346138 4 4
4 5 7 8 
4 5 8 7 
5 4 7 8 
5 4 8 7 

424 17987661974871372155 2 4
3 5 7 8 
3 5 8 7 

450 14945055570636662579 1 4
1 7 6 8 

418 17016707653901543590 2 4
1 5 7 8 
1 5 8 7 

105 2855637779878790064 1 4
3 5 0 6 

232 7530046116490347901 2 4
3 5 6 7 
3 5 7 6 

90 13344640142148932644 2 4
4 6 3 1 
6 4 3 1 

344 18125736765879375276 1 4
3 4 6 8 

101 15896268698264125057 2 4
0 6 5 2 
0 6 2 5 

228 3092465935444304488 4 4
6 7 2 5 
6 7 5 2 
7 6 5 2 
7 6 2 5 

210 3745287490631491908 1 4
1 4 6 7 

77 15406660600063173003 2 4
0 6 3 2 
3 2 0 6 

204 5212208834225348329 2 4
3 2 6 7 
3 2 7 6 

85 4415345656511538872 2 4
2 4 0 6 
4 2 0 6 

212 7978115995136584964 2 4
2 4 6 7 
4 2 6 7 

198 7248205252220699673 2 4
6 7 1 2 
7 6 1 2 

202 3259932737004720292 2 4
3 1 6 7 
3 1 7 6 

329 15669754230730330559 2 4
3 0 6 8 
3 0 8 6 

178 5521195070791822013 2 4
4 7 1 5 
7 4 1 5 

305 7280204158998552156 2 4
4 5 0 8 
5 4 0 8 

116 16795696787755097424 2 4
4 6 2 5 
6 4 2 5 

57 6194407473833528270 1 4
0 4 3 5 

184 3722587889073512399 2 4
4 7 3 5 
7 4 3 5 

43 3500187690264555551 1 4
0 3 1 5 

297 2855637779878790064 1 4
3 5 0 8 

45 344999315723411042 1 4
0 3 5 2 

39 13844343533406055112 1 4
0 1 2 5 

293 15896268698264125057 2 4
0 8 5 2 
0 8 2 5 

15 4806434294017687403 1 4
0 3 1 2 

269 15406660600063173003 2 4
0 8 3 2 
3 2 0 8 

386 3913951965140003391 2 3
1 7 8 
1 8 7 

259 7494945109137904594 1 3
1 0 8 

92 3656293589500805796 2 4
4 6 3 2 
6 4 3 2 

71 4789961238845882860 1 4
0 6 1 2 

328 12585292063867719537 2 3
3 6 8 
3 8 6 

201 5215022540671273095 2 4
3 0 6 7 
3 0 7 6 

86 7737435104612563219 2 4
4 6 1 2 
6 4 1 2 

83 16487890870665194988 1 4
1 4 0 6 

340 17015737541233389546 2 4
2 4 8 6 
4 2 8 6 

154 7137006004990496432 2 4
4 7 3 1 
7 4 3 1 

281 10678243750605623333 1 4
3 4 0 8 

408 6715984003799477414 1 4
3 4 7 8 

322 13218339679911114246 2 3
1 6 8 
1 8 6 

195 9766031105921788476 2 4
1 0 6 7 
1 0 7 6 

153 11066489244232509742 1 4
3 4 0 7 

11 17392008325155999878 1 3
0 3 1 

265 11149028268085365730 1 3
3 0 8 

274 3295586608109356768 2 3
1 4 8 
1 8 4 

176 6906529405458791006 6 3
4 5 7 
4 7 5 
5 4 7 
5 7 4 
7 5 4 
7 4 5 

194 8739728686154231547 2 3
1 6 7 
1 7 6 

67 7494945109137904594 1 3
1 0 6 

304 6906529405458791006 6 3
4 5 8 
4 8 5 
5 4 8 
5 8 4 
8 5 4 
8 4 5 

177 7280204158998552156 2 4
4 5 0 7 
5 4 0 7 

9 17087753756477223945 2 2
0 3 
3 0 

263 4789961238845882860 1 4
0 8 1 2 

390 8343649637456831774 2 4
1 2 7 8 
1 2 8 7 

53 16759578986255104721 1 4
0 4 5 2 

180 10601132076907988804 2 4
4 7 2 5 
7 4 2 5 

112 6906529405458791006 6 3
4 5 6 
4 6 5 
5 4 6 
5 6 4 
6 5 4 
6 4 5 

200 3870621583062396010 2 3
3 6 7 
3 7 6 

13 11149028268085365730 1 3
0 3 2 

267 17055237391501919978 1 4
3 1 0 8 

131 7494945109137904594 1 3
1 0 7 

226 6609270049967169164 2 4
6 7 1 5 
7 6 1 5 

149 17551861176896189898 2 4
2 4 0 7 
4 2 0 7 

148 754205998099296360 6 3
2 4 7 
2 7 4 
4 2 7 
4 7 2 
7 4 2 
7 2 4 

275 17740065251892228703 1 4
1 4 0 8 

402 12571904907969674500 1 4
1 4 8 7 

276 13119232308241019096 6 3
2 4 8 
2 8 4 
4 2 8 
4 8 2 
8 4 2 
8 2 4 

19 10596927269057759021 1 3
0 1 4 

146 11135687528701661246 2 3
1 4 7 
1 7 4 

394 12213449959721874287 2 4
3 1 7 8 
3 1 8 7 

137 11149028268085365730 1 3
3 0 7 

37 7698985776645440831 2 3
0 2 5 
0 5 2 

291 10655668688769278383 1 4
0 8 1 5 

7 6101670372933717154 1 3
0 1 2 

152 8666925077151757690 2 3
3 4 7 
3 7 4 

3 7761248114875356858 1 2
0 1 

89 5790440775842555603 1 4
3 4 0 6 

216 14966590157583354970 1 4
3 4 6 7 

35 10992244341852364864 1 3
0 1 5 

41 14377375570814866155 1 3
0 3 5 

84 14860785610888650053 6 3
2 4 6 
2 6 4 
4 2 6 
4 6 2 
6 4 2 
6 2 4 

338 4768686324075588977 1 4
1 4 8 6 

29 10678243750605623333 1 4
0 4 3 2 

156 6436561202648490140 2 4
4 7 3 2 
7 4 3 2 

88 12769602731266802952 2 3
3 4 6 
3 6 4 

280 10706753935364593016 2 3
3 4 8 
3 8 4 

23 9746226341416480086 1 4
0 4 1 2 

150 4751778581317579915 2 4
4 7 1 2 
7 4 1 2 

277 6534630873780932037 2 4
2 4 0 8 
4 2 0 8 

147 5819774632558710410 1 4
1 4 0 7 

404 2974813683649203891 2 4
2 4 8 7 
4 2 8 7 

82 16878537973128809433 2 3
1 4 6 
1 6 4 

114 5183459295132143488 2 4
4 6 1 5 
6 4 1 5 

368 3364750820705448782 4 4
4 5 6 8 
4 5 8 6 
5 4 6 8 
5 4 8 6 

113 7280204158998552156 2 4
4 5 0 6 
5 4 0 6 

240 11591101788391728525 4 4
4 5 6 7 
4 5 7 6 
5 4 6 7 
5 4 7 6 

120 14867996663445378981 2 4
4 6 3 5 
6 4 3 5 

392 17258787824257198352 2 3
3 7 8 
3 8 7 

135 4789961238845882860 1 4
0 7 1 2 

141 15406660600063173003 2 4
0 7 3 2 
3 2 0 7 

396 10083773938285380914 2 4
3 2 7 8 
3 2 8 7 

139 17055237391501919978 1 4
3 1 0 7 

393 5625766177066252915 2 4
3 0 7 8 
3 0 8 7 

420 9889576315341648160 4 4
7 8 2 5 
7 8 5 2 
8 7 5 2 
8 7 2 5 

163 10655668688769278383 1 4
0 7 1 5 

165 15896268698264125057 2 4
0 7 5 2 
0 7 2 5 

169 2855637779878790064 1 4
3 5 0 7 

21 10706753935364593016 2 3
0 2 4 
0 4 2 

278 11998843451257519801 2 4
4 8 2 1 
8 4 2 1 

27 5760306938524082630 1 4
0 4 3 1 

284 6534630873780932037 2 4
4 8 3 2 
8 4 3 2 

25 17034127061060784930 2 3
0 3 4 
3 0 4 

282 10964046015388793395 2 4
4 8 3 1 
8 4 3 1 

49 12254329342543767602 2 3
0 4 5 
0 5 4 

306 9493139331117621713 2 4
4 8 1 5 
8 4 1 5 

323 17577975056828351903 2 4
1 0 6 8 
1 0 8 6 

51 10791565385052090182 1 4
0 4 5 1 

308 14772881018774504782 2 4
4 8 2 5 
8 4 2 5 

312 10644233982560184184 2 4
4 8 3 5 
8 4 3 5 

326 13778298769395644670 2 4
1 2 6 8 
1 2 8 6 

75 17055237391501919978 1 4
3 1 0 6 

332 7150496180077738619 2 4
3 2 6 8 
3 2 8 6 

73 11149028268085365730 1 3
3 0 6 

330 16974192809926347781 2 4
3 1 6 8 
3 1 8 6 

99 10655668688769278383 1 4
0 6 1 5 

356 7556829846088060811 4 4
6 8 2 5 
6 8 5 2 
8 6 5 2 
8 6 2 5 

354 13311920259048395986 2 4
1 5 6 8 
1 5 8 6 

360 6992669832748779266 2 4
3 5 6 8 
3 5 8 6 

387 5792736135876701352 2 4
1 0 7 8 
1 0 8 7 

