450 16465922195211923444 1 4
1 7 6 8 

432 394700380938346138 4 4
4 5 7 8 
4 5 8 7 
5 4 7 8 
5 4 8 7 

456 15236505058129304159 1 4
3 7 6 8 

418 15018833765475714765 1 4
1 5 7 8 

402 4748851232717843979 1 4
1 4 7 8 

424 10083773938285380914 2 4
3 5 7 8 
3 5 8 7 

408 4198184603307738081 1 4
3 4 8 7 

390 10143274595213056669 2 4
1 2 7 8 
1 2 8 7 

387 2295842123997460025 2 4
1 0 7 8 
1 0 8 7 

393 5625766177066252915 2 4
3 0 7 8 
3 0 8 7 

368 3364750820705448782 4 4
4 5 6 8 
4 5 8 6 
5 4 6 8 
5 4 8 6 

354 5764958082652854144 1 4
1 5 6 8 

360 7150496180077738619 2 4
3 5 6 8 
3 5 8 6 

338 8537481366800353305 1 4
1 4 6 8 

344 3418372805148521270 1 4
3 4 8 6 

326 17145432280789938800 2 4
1 2 6 8 
1 2 8 6 

323 16041867036882993579 2 4
1 0 6 8 
1 0 8 6 

329 15669754230730330559 2 4
3 0 6 8 
3 0 8 6 

312 311993389089937251 2 4
4 8 3 5 
8 4 3 5 

305 7280204158998552156 2 4
4 5 0 8 
5 4 0 8 

291 17190533096622829056 1 4
1 5 0 8 

293 17551861176896189898 2 4
2 5 0 8 
5 2 0 8 

297 15406660600063173003 2 4
0 8 3 5 
3 5 0 8 

275 7734770596339430852 1 4
1 4 0 8 

277 5741225646592503447 2 4
2 4 0 8 
4 2 0 8 

284 7861852983353935222 1 4
3 8 4 2 

27 14652306061282957930 1 4
0 3 4 1 

154 16050989478004751736 1 4
3 7 1 4 

281 12152577045520422986 1 4
3 4 0 8 

322 8914630562125872912 2 3
1 6 8 
1 8 6 

195 2223746843565053820 2 4
1 0 6 7 
1 0 7 6 

74 10956284414405135333 1 3
3 1 6 

201 5215022540671273095 2 4
3 0 6 7 
3 0 7 6 

165 6534630873780932037 2 4
2 5 0 7 
5 2 0 7 

290 9928030222584297835 2 3
1 5 8 
1 8 5 

420 2974813683649203891 2 4
2 5 7 8 
5 2 7 8 

163 14836898081230148597 1 4
1 5 0 7 

138 916290641070784014 1 3
3 1 7 

265 11149028268085365730 1 3
3 0 8 

274 5156508211268355171 1 3
8 1 4 

404 5871367967883528839 2 4
2 4 7 8 
4 2 7 8 

147 15852322086083942115 1 4
1 4 0 7 

149 18306648581980893316 2 4
2 4 0 7 
4 2 0 7 

386 16493081890938892730 2 3
1 7 8 
1 8 7 

259 13504931378059360753 1 3
1 0 8 

11 790110836614516807 2 3
0 3 1 
3 0 1 

268 14718008852537657457 2 3
3 2 8 
3 8 2 

14 9197304048270846207 1 3
3 1 2 

141 2707213394142242189 1 4
3 2 0 7 

176 6906529405458791006 6 3
4 5 7 
4 7 5 
5 4 7 
5 7 4 
7 5 4 
7 4 5 

306 5384067789963341845 1 4
5 8 1 4 

49 12254329342543767602 2 3
0 4 5 
0 5 4 

26 6762384202711740191 1 3
3 1 4 

153 6333077869789004859 1 4
3 4 0 7 

162 2318000201601611205 2 3
1 5 7 
1 7 5 

292 754205998099296360 6 3
2 5 8 
2 8 5 
5 2 8 
5 8 2 
8 5 2 
8 2 5 

35 10956284414405135333 1 3
0 1 5 

164 13119232308241019096 6 3
2 5 7 
2 7 5 
5 2 7 
5 7 2 
7 5 2 
7 2 5 

294 7023453869947087111 2 4
5 8 1 2 
8 5 1 2 

37 10706753935364593016 2 3
0 2 5 
0 5 2 

152 3854895435528399829 2 3
3 4 7 
3 7 4 

282 3840721140617698953 1 4
3 8 4 1 

25 17662388742419376403 2 3
0 3 4 
3 0 4 

30 12926515168666560693 1 4
3 4 1 2 

396 7997573950467556605 1 4
3 2 7 8 

139 12785656222083472374 1 4
3 1 0 7 

148 13610365356657072042 2 3
7 4 2 
7 2 4 

278 18071961833671977885 1 4
8 4 1 2 

21 2646679150000234221 2 3
0 2 4 
0 4 2 

140 2512533711646785065 2 3
3 2 7 
3 7 2 

112 6906529405458791006 6 3
4 5 6 
4 6 5 
5 4 6 
5 6 4 
6 5 4 
6 4 5 

146 4209986105894030847 1 3
7 1 4 

276 12200856999056393219 2 3
8 4 2 
8 2 4 

19 12367993277586817864 1 3
0 1 4 

28 6769977200444175653 2 3
3 2 4 
3 4 2 

50 17242460622469244406 1 3
5 1 4 

304 6906529405458791006 6 3
4 5 8 
4 8 5 
5 4 8 
5 8 4 
8 5 4 
8 4 5 

177 7280204158998552156 2 4
4 5 0 7 
5 4 0 7 

394 719501873671294664 1 4
3 1 7 8 

137 11149028268085365730 1 3
3 0 7 

267 7960014966722117063 1 4
3 1 0 8 

10 14736729569611883447 1 2
3 1 

98 2318000201601611205 2 3
1 5 6 
1 6 5 

7 9197304048270846207 1 3
0 1 2 

84 187015039591281257 2 3
6 4 2 
6 2 4 

131 13504931378059360753 1 3
1 0 7 

42 13504931378059360753 1 3
1 3 5 

169 15406660600063173003 2 4
0 7 3 5 
3 5 0 7 

298 17021748467432351043 1 4
1 8 3 5 

41 11149028268085365730 1 3
0 3 5 

100 2728381371886174304 6 3
2 5 6 
2 6 5 
5 2 6 
5 6 2 
6 5 2 
6 2 5 

3 14736729569611883447 1 2
0 1 

266 7773344957081846161 1 3
3 1 8 

9 17087753756477223945 2 2
0 3 
3 0 

263 1586130334441784745 1 4
0 8 1 2 

67 13504931378059360753 1 3
1 0 6 

194 12316545748820654407 2 3
1 6 7 
1 7 6 

52 14954509281544001411 2 3
5 4 2 
5 2 4 

330 2498103522116628675 1 4
3 1 6 8 

73 11149028268085365730 1 3
3 0 6 

200 3870621583062396010 2 3
3 6 7 
3 7 6 

76 10706753935364593016 2 3
3 2 6 
3 6 2 

29 15410467675298359368 1 4
0 3 4 2 

156 5099980282165547332 1 4
3 7 2 4 

88 18207486321558840374 2 3
3 4 6 
3 6 4 

280 16258839135554755291 2 3
3 4 8 
3 8 4 

23 18174592305884336570 1 4
0 4 2 1 

150 13487639160484590645 1 4
7 4 2 1 

82 4209986105894030847 1 3
6 1 4 

15 9340977996243676193 2 4
0 3 1 2 
3 0 1 2 

142 18329394038331504710 1 4
3 7 2 1 

269 1470142328109767921 1 4
3 2 0 8 

45 15024369831046084700 1 4
0 2 3 5 

172 10983409412583460812 2 4
2 7 3 5 
7 2 3 5 

39 9923647095687333422 1 4
0 5 1 2 

166 2038857781438602521 2 4
5 7 2 1 
7 5 2 1 

300 3907734590851251535 2 4
2 8 3 5 
8 2 3 5 

43 17819801984082623783 1 4
0 1 3 5 

170 1358767057162761170 1 4
1 7 3 5 

46 1586130334441784745 1 4
3 5 1 2 

57 5069303078012082896 1 4
0 4 3 5 

184 11699471195932271526 2 4
4 7 3 5 
7 4 3 5 

53 220082171923980171 1 4
0 5 4 2 

180 6979791882828436353 1 4
7 5 2 4 

60 8375577399533316940 2 4
2 4 3 5 
4 2 3 5 

58 14036040308405920196 1 4
1 4 3 5 

54 17230587469268208107 1 4
5 4 1 2 

308 18081868211820616976 1 4
8 5 2 4 

51 3967182888375399092 1 4
0 5 4 1 

178 12253981943951742201 1 4
7 5 1 4 

77 15024369831046084700 1 4
3 2 0 6 

204 11647855889567165862 1 4
3 2 7 6 

328 12585292063867719537 2 3
3 6 8 
3 8 6 

71 1586130334441784745 1 4
0 6 1 2 

198 5668936964477686691 2 4
6 7 1 2 
7 6 1 2 

332 3594530558944545459 1 4
3 2 8 6 

75 17819801984082623783 1 4
3 1 0 6 

202 15341262987810693007 1 4
3 1 6 7 

78 9923647095687333422 1 4
3 6 1 2 

89 11829580122578318875 1 4
3 4 0 6 

216 16578887558284223123 1 4
3 4 7 6 

85 12219527490892606314 2 4
2 4 0 6 
4 2 0 6 

212 1626246282169189437 2 4
2 4 6 7 
4 2 6 7 

92 2505770065154038676 1 4
3 6 4 2 

340 8598181255574835227 2 4
2 4 6 8 
4 2 6 8 

83 15852322086083942115 1 4
1 4 0 6 

210 10774028093950910741 2 4
1 4 6 7 
1 4 7 6 

86 8292064970652292601 1 4
6 4 2 1 

90 7036930348870309203 1 4
3 6 1 4 

105 15406660600063173003 2 4
0 6 3 5 
3 5 0 6 

232 5212208834225348329 2 4
3 5 6 7 
3 5 7 6 

101 15804328657059468321 2 4
2 5 0 6 
5 2 0 6 

228 78324714845983665 2 4
2 5 6 7 
5 2 6 7 

108 15804328657059468321 2 4
2 6 3 5 
6 2 3 5 

356 1677071180347565230 2 4
2 5 6 8 
5 2 6 8 

99 14836898081230148597 1 4
1 5 0 6 

226 3537325076728417345 2 4
1 5 6 7 
1 5 7 6 

113 7280204158998552156 2 4
4 5 0 6 
5 4 0 6 

240 11591101788391728525 4 4
4 5 6 7 
4 5 7 6 
5 4 6 7 
5 4 7 6 

106 14836898081230148597 1 4
1 6 3 5 

102 12405453617168352525 2 4
5 6 2 1 
6 5 2 1 

116 2866459512373670592 1 4
6 5 2 4 

120 18182591502297370157 2 4
4 6 3 5 
6 4 3 5 

114 12253981943951742201 1 4
6 5 1 4 

392 17258787824257198352 2 3
3 7 8 
3 8 7 

135 1586130334441784745 1 4
0 7 1 2 

13 1330854201845664887 2 3
0 3 2 
3 0 2 

270 15058386418314222317 1 4
3 8 1 2 

