bhabha2vbox[1,1,0,0,0,0,0,0,0] #   3
bhabha2vbox[0,1,0,1,0,1,0,0,0] #  42
bhabha2vbox[1,1,0,0,1,0,0,0,0] #  19
bhabha2vbox[0,1,0,0,1,1,0,0,0] #  50
bhabha2vbox[0,1,2,1,0,0,0,0,0] #  14
bhabha2vbox[0,1,2,0,1,0,0,0,0] #  22
bhabha2vbox[0,1,1,0,2,0,0,0,0] #  22
bhabha2vbox[1,1,0,0,0,0,2,0,0] #  67
bhabha2vbox[0,1,0,0,0,1,2,0,0] #  98
bhabha2vbox[0,1,0,0,0,2,1,0,0] #  98
bhabha2vbox[1,1,0,1,0,1,0,0,0] #  43
bhabha2vbox[1,1,0,0,1,1,0,0,0] #  51
bhabha2vbox[0,1,0,1,1,1,0,0,0] #  58
bhabha2vbox[0,1,2,1,0,1,0,0,0] #  46
bhabha2vbox[0,1,1,1,0,2,0,0,0] #  46
bhabha2vbox[0,1,3,1,0,1,0,0,0] #  46
bhabha2vbox[0,1,2,1,1,0,0,0,0] #  30
bhabha2vbox[0,1,2,0,1,1,0,0,0] #  54
bhabha2vbox[0,1,1,0,2,1,0,0,0] #  54
bhabha2vbox[0,1,1,0,1,2,0,0,0] #  54
bhabha2vbox[1,1,0,0,0,1,2,0,0] #  99
bhabha2vbox[1,1,0,0,0,2,1,0,0] #  99
bhabha2vbox[1,1,0,0,1,0,2,0,0] #  83
bhabha2vbox[1,1,0,0,2,0,1,0,0] #  83
bhabha2vbox[0,1,0,0,1,1,2,0,0] # 114
bhabha2vbox[0,1,0,0,2,1,1,0,0] # 114
bhabha2vbox[0,1,0,0,1,2,1,0,0] # 114
bhabha2vbox[0,1,1,0,0,1,2,0,0] # 102
bhabha2vbox[0,1,1,0,1,0,2,0,0] #  86
bhabha2vbox[0,1,2,0,1,0,1,0,0] #  86
bhabha2vbox[1,1,0,1,1,1,0,0,0] #  59
bhabha2vbox[0,1,2,1,1,1,0,0,0] #  62
bhabha2vbox[0,1,1,1,2,1,0,0,0] #  62
bhabha2vbox[0,1,1,1,1,2,0,0,0] #  62
bhabha2vbox[1,1,0,0,1,1,2,0,0] # 115
bhabha2vbox[1,1,0,0,2,1,1,0,0] # 115
bhabha2vbox[1,1,0,0,1,2,1,0,0] # 115
bhabha2vbox[0,1,1,1,0,1,1,0,0] # 110
bhabha2vbox[0,1,1,1,0,1,2,0,0] # 110
bhabha2vbox[0,1,1,0,1,1,2,0,0] # 118
bhabha2vbox[0,1,2,0,1,1,1,0,0] # 118
bhabha2vbox[0,1,1,0,2,1,1,0,0] # 118
bhabha2vbox[0,1,1,0,1,2,1,0,0] # 118
bhabha2vbox[0,2,1,0,1,1,1,0,0] # 118
bhabha2vbox[0,1,1,0,1,1,3,0,0] # 118
bhabha2vbox[0,1,2,0,1,1,2,0,0] # 118
bhabha2vbox[0,1,1,1,1,1,1,0,0] # 126
bhabha2vbox[0,1,1,1,1,1,2,0,0] # 126
bhabha2vbox[0,1,0,0,1,0,0,0,0] #  18
bhabha2vbox[1,1,0,1,0,0,0,0,0] #  11
bhabha2vbox[1,1,1,0,0,0,0,0,0] #   7
bhabha2vbox[2,1,0,0,0,0,1,0,0] #  67
bhabha2vbox[0,1,0,0,1,0,2,0,0] #  82
bhabha2vbox[1,1,0,1,1,0,0,0,0] #  27
bhabha2vbox[1,1,1,1,0,0,0,0,0] #  15
bhabha2vbox[1,1,1,0,1,0,0,0,0] #  23
bhabha2vbox[2,1,0,0,0,1,1,0,0] #  99
bhabha2vbox[2,1,0,0,1,0,1,0,0] #  83
bhabha2vbox[1,1,1,1,0,1,0,0,0] #  47
bhabha2vbox[1,1,1,1,1,0,0,0,0] #  31
bhabha2vbox[1,1,1,0,1,1,0,0,0] #  55
bhabha2vbox[1,1,1,1,0,0,1,0,0] #  79
bhabha2vbox[1,1,1,0,0,1,1,0,0] # 103
bhabha2vbox[1,1,1,0,0,1,2,0,0] # 103
bhabha2vbox[1,1,2,0,0,1,1,0,0] # 103
bhabha2vbox[1,1,1,0,1,0,1,0,0] #  87
bhabha2vbox[1,1,1,0,1,0,2,0,0] #  87
bhabha2vbox[1,1,2,0,1,0,1,0,0] #  87
bhabha2vbox[1,1,1,1,1,1,0,0,0] #  63
bhabha2vbox[1,1,1,1,0,1,1,0,0] # 111
bhabha2vbox[1,1,1,1,1,0,1,0,0] #  95
bhabha2vbox[1,1,1,0,1,1,1,0,0] # 119
bhabha2vbox[1,1,1,0,1,1,2,0,0] # 119
bhabha2vbox[1,1,2,0,1,1,1,0,0] # 119
bhabha2vbox[1,1,1,1,1,1,1,0,0] # 127
