450 3152645674961543315 1 4
1 7 6 8 

432 394700380938346138 4 4
4 5 7 8 
4 5 8 7 
5 4 7 8 
5 4 8 7 

456 15236505058129304159 1 4
3 7 6 8 

402 6869175329485303768 1 4
1 4 7 8 

418 13215525491631487193 1 4
1 5 7 8 

424 10083773938285380914 2 4
3 5 7 8 
3 5 8 7 

390 14049187947042568485 2 4
1 2 7 8 
1 2 8 7 

408 4198184603307738081 1 4
3 4 8 7 

368 3364750820705448782 4 4
4 5 6 8 
4 5 8 6 
5 4 6 8 
5 4 8 6 

387 9716415605067591248 2 4
1 0 7 8 
1 0 8 7 

393 5625766177066252915 2 4
3 0 7 8 
3 0 8 7 

354 10998640576409276902 1 4
1 5 6 8 

360 7150496180077738619 2 4
3 5 6 8 
3 5 8 6 

338 10247312788989416261 1 4
1 4 6 8 

344 3418372805148521270 1 4
3 4 8 6 

326 7662887740769209707 2 4
1 2 6 8 
1 2 8 6 

323 361751201784939093 2 4
1 0 6 8 
1 0 8 6 

329 15669754230730330559 2 4
3 0 6 8 
3 0 8 6 

312 311993389089937251 2 4
4 8 3 5 
8 4 3 5 

305 7280204158998552156 2 4
4 5 0 8 
5 4 0 8 

291 10365016667404096679 1 4
1 5 0 8 

293 17551861176896189898 2 4
2 5 0 8 
5 2 0 8 

297 15406660600063173003 2 4
0 8 3 5 
3 5 0 8 

275 12450831432186517504 1 4
1 4 0 8 

277 5741225646592503447 2 4
2 4 0 8 
4 2 0 8 

284 7861852983353935222 1 4
3 8 4 2 

27 8575690450628456564 1 4
0 3 4 1 

154 15289098288628322818 1 4
3 7 1 4 

281 12152577045520422986 1 4
3 4 0 8 

322 14845211744745982600 2 3
1 6 8 
1 8 6 

195 17940241017578566294 2 4
1 0 6 7 
1 0 7 6 

74 7852484998429467961 1 3
3 1 6 

201 5215022540671273095 2 4
3 0 6 7 
3 0 7 6 

165 6534630873780932037 2 4
2 5 0 7 
5 2 0 7 

290 14065530319751171320 2 3
1 5 8 
1 8 5 

420 2974813683649203891 2 4
2 5 7 8 
5 2 7 8 

163 11035038111205457471 1 4
1 5 0 7 

138 14190781661241119946 1 3
3 1 7 

265 11149028268085365730 1 3
3 0 8 

274 13897036790027688241 1 3
8 1 4 

404 5871367967883528839 2 4
2 4 7 8 
4 2 7 8 

147 4565060035841636700 1 4
1 4 0 7 

149 18306648581980893316 2 4
2 4 0 7 
4 2 0 7 

386 926576928809163929 2 3
1 7 8 
1 8 7 

259 15462241420311287967 1 3
1 0 8 

11 11092709349338566608 2 3
0 3 1 
3 0 1 

268 14718008852537657457 2 3
3 2 8 
3 8 2 

14 6686341260464862017 1 3
3 1 2 

141 2707213394142242189 1 4
3 2 0 7 

176 6906529405458791006 6 3
4 5 7 
4 7 5 
5 4 7 
5 7 4 
7 5 4 
7 4 5 

306 13213234878352820480 1 4
5 8 1 4 

49 12254329342543767602 2 3
0 4 5 
0 5 4 

26 8099676296964805177 1 3
3 1 4 

153 6333077869789004859 1 4
3 4 0 7 

162 11460178010444303522 2 3
1 5 7 
1 7 5 

292 754205998099296360 6 3
2 5 8 
2 8 5 
5 2 8 
5 8 2 
8 5 2 
8 2 5 

35 7852484998429467961 1 3
0 1 5 

164 13119232308241019096 6 3
2 5 7 
2 7 5 
5 2 7 
5 7 2 
7 5 2 
7 2 5 

294 16015953192218112298 2 4
5 8 1 2 
8 5 1 2 

37 10706753935364593016 2 3
0 2 5 
0 5 2 

396 7997573950467556605 1 4
3 2 7 8 

139 7332727264364223685 1 4
3 1 0 7 

148 13610365356657072042 2 3
7 4 2 
7 2 4 

278 954712464943757751 1 4
8 4 1 2 

21 2646679150000234221 2 3
0 2 4 
0 4 2 

152 3854895435528399829 2 3
3 4 7 
3 7 4 

282 1739667927206659847 1 4
3 8 4 1 

25 17662388742419376403 2 3
0 3 4 
3 0 4 

140 2512533711646785065 2 3
3 2 7 
3 7 2 

394 4936898507609450165 1 4
3 1 7 8 

137 11149028268085365730 1 3
3 0 7 

267 1495779170573107803 1 4
3 1 0 8 

10 5413095913782878028 1 2
3 1 

276 12200856999056393219 2 3
8 4 2 
8 2 4 

19 4331679650747124300 1 3
0 1 4 

146 7260339389481864608 1 3
7 1 4 

112 6906529405458791006 6 3
4 5 6 
4 6 5 
5 4 6 
5 6 4 
6 5 4 
6 4 5 

28 6769977200444175653 2 3
3 2 4 
3 4 2 

50 7887499883064124503 1 3
5 1 4 

304 6906529405458791006 6 3
4 5 8 
4 8 5 
5 4 8 
5 8 4 
8 5 4 
8 4 5 

177 7280204158998552156 2 4
4 5 0 7 
5 4 0 7 

98 11460178010444303522 2 3
1 5 6 
1 6 5 

84 187015039591281257 2 3
6 4 2 
6 2 4 

131 15462241420311287967 1 3
1 0 7 

42 15462241420311287967 1 3
1 3 5 

169 15406660600063173003 2 4
0 7 3 5 
3 5 0 7 

298 9297158312812667404 1 4
1 8 3 5 

41 11149028268085365730 1 3
0 3 5 

100 2728381371886174304 6 3
2 5 6 
2 6 5 
5 2 6 
5 6 2 
6 5 2 
6 2 5 

7 6686341260464862017 1 3
0 1 2 

3 5413095913782878028 1 2
0 1 

266 1762681363669438979 1 3
3 1 8 

9 17087753756477223945 2 2
0 3 
3 0 

263 14443548056550056988 1 4
0 8 1 2 

67 15462241420311287967 1 3
1 0 6 

194 1648772242061484535 2 3
1 6 7 
1 7 6 

52 14954509281544001411 2 3
5 4 2 
5 2 4 

330 11050891286010420649 1 4
3 1 6 8 

73 11149028268085365730 1 3
3 0 6 

200 3870621583062396010 2 3
3 6 7 
3 7 6 

76 10706753935364593016 2 3
3 2 6 
3 6 2 

29 15410467675298359368 1 4
0 3 4 2 

156 5099980282165547332 1 4
3 7 2 4 

88 18207486321558840374 2 3
3 4 6 
3 6 4 

15 8226793317611618218 2 4
0 3 1 2 
3 0 1 2 

142 3836207463582793790 1 4
3 7 2 1 

269 1470142328109767921 1 4
3 2 0 8 

280 16258839135554755291 2 3
3 4 8 
3 8 4 

23 9545447356370090903 1 4
0 4 2 1 

150 15560087671996293340 1 4
7 4 2 1 

82 7260339389481864608 1 3
6 1 4 

45 15024369831046084700 1 4
0 2 3 5 

172 10983409412583460812 2 4
2 7 3 5 
7 2 3 5 

300 3907734590851251535 2 4
2 8 3 5 
8 2 3 5 

43 13381821241016236337 1 4
0 1 3 5 

170 5588069764247796679 1 4
1 7 3 5 

39 15518021624746034484 1 4
0 5 1 2 

166 4291333239809846230 2 4
5 7 2 1 
7 5 2 1 

30 13695213983345867455 1 4
3 4 1 2 

46 14443548056550056988 1 4
3 5 1 2 

57 5069303078012082896 1 4
0 4 3 5 

184 11699471195932271526 2 4
4 7 3 5 
7 4 3 5 

53 220082171923980171 1 4
0 5 4 2 

180 6979791882828436353 1 4
7 5 2 4 

60 8375577399533316940 2 4
2 4 3 5 
4 2 3 5 

58 4657648138729127102 1 4
1 4 3 5 

308 18081868211820616976 1 4
8 5 2 4 

51 3043549122005787692 1 4
0 5 4 1 

178 3733896029514550808 1 4
7 5 1 4 

54 12697571282462550056 1 4
5 4 1 2 

77 15024369831046084700 1 4
3 2 0 6 

204 11647855889567165862 1 4
3 2 7 6 

328 12585292063867719537 2 3
3 6 8 
3 8 6 

71 14443548056550056988 1 4
0 6 1 2 

198 690562955881883883 2 4
6 7 1 2 
7 6 1 2 

332 3594530558944545459 1 4
3 2 8 6 

75 13381821241016236337 1 4
3 1 0 6 

202 7875305460096707117 1 4
3 1 6 7 

78 15518021624746034484 1 4
3 6 1 2 

89 11829580122578318875 1 4
3 4 0 6 

216 16578887558284223123 1 4
3 4 7 6 

85 12219527490892606314 2 4
2 4 0 6 
4 2 0 6 

212 1626246282169189437 2 4
2 4 6 7 
4 2 6 7 

92 2505770065154038676 1 4
3 6 4 2 

340 8598181255574835227 2 4
2 4 6 8 
4 2 6 8 

83 4565060035841636700 1 4
1 4 0 6 

210 7073820333385382960 2 4
1 4 6 7 
1 4 7 6 

105 15406660600063173003 2 4
0 6 3 5 
3 5 0 6 

232 5212208834225348329 2 4
3 5 6 7 
3 5 7 6 

86 1790748235187479356 1 4
6 4 2 1 

90 3454950487308386230 1 4
3 6 1 4 

101 15804328657059468321 2 4
2 5 0 6 
5 2 0 6 

228 78324714845983665 2 4
2 5 6 7 
5 2 6 7 

108 15804328657059468321 2 4
2 6 3 5 
6 2 3 5 

356 1677071180347565230 2 4
2 5 6 8 
5 2 6 8 

99 11035038111205457471 1 4
1 5 0 6 

226 9431855598834612662 2 4
1 5 6 7 
1 5 7 6 

106 11035038111205457471 1 4
1 6 3 5 

102 11595884465849092127 2 4
5 6 2 1 
6 5 2 1 

113 7280204158998552156 2 4
4 5 0 6 
5 4 0 6 

240 11591101788391728525 4 4
4 5 6 7 
4 5 7 6 
5 4 6 7 
5 4 7 6 

116 2866459512373670592 1 4
6 5 2 4 

120 18182591502297370157 2 4
4 6 3 5 
6 4 3 5 

114 3733896029514550808 1 4
6 5 1 4 

392 17258787824257198352 2 3
3 7 8 
3 8 7 

135 14443548056550056988 1 4
0 7 1 2 

13 1330854201845664887 2 3
0 3 2 
3 0 2 

270 11238686236872151187 1 4
3 8 1 2 

