164 14590248500468714027 6 3
2 5 7 
2 7 5 
5 2 7 
5 7 2 
7 5 2 
7 2 5 

268 12260785478939447192 6 3
2 3 8 
2 8 3 
3 2 8 
3 8 2 
8 3 2 
8 2 3 

140 1780203312458342186 6 3
2 3 7 
2 7 3 
3 2 7 
3 7 2 
7 3 2 
7 2 3 

276 14590248500468714027 6 3
2 4 8 
2 8 4 
4 2 8 
4 8 2 
8 4 2 
8 2 4 

133 6906529405458791006 6 3
0 2 7 
0 7 2 
2 0 7 
2 7 0 
7 2 0 
7 0 2 

69 6906529405458791006 6 3
0 2 6 
0 6 2 
2 0 6 
2 6 0 
6 2 0 
6 0 2 

38 6906529405458791006 6 3
1 2 5 
1 5 2 
2 1 5 
2 5 1 
5 2 1 
5 1 2 

84 1780203312458342186 6 3
2 4 6 
2 6 4 
4 2 6 
4 6 2 
6 4 2 
6 2 4 

100 12260785478939447192 6 3
2 5 6 
2 6 5 
5 2 6 
5 6 2 
6 5 2 
6 2 5 

22 6906529405458791006 6 3
1 2 4 
1 4 2 
2 1 4 
2 4 1 
4 2 1 
4 1 2 

261 6906529405458791006 6 3
0 2 8 
0 8 2 
2 0 8 
2 8 0 
8 2 0 
8 0 2 

14 6906529405458791006 6 3
1 2 3 
1 3 2 
2 1 3 
2 3 1 
3 2 1 
3 1 2 

