322 13119232308241019096 6 3
1 6 8 
1 8 6 
6 1 8 
6 8 1 
8 6 1 
8 1 6 

266 6906529405458791006 6 3
1 3 8 
1 8 3 
3 1 8 
3 8 1 
8 3 1 
8 1 3 

290 2728381371886174304 6 3
1 5 8 
1 8 5 
5 1 8 
5 8 1 
8 5 1 
8 1 5 

262 754205998099296360 6 3
1 2 8 
1 8 2 
2 1 8 
2 8 1 
8 2 1 
8 1 2 

194 754205998099296360 6 3
1 6 7 
1 7 6 
6 1 7 
6 7 1 
7 6 1 
7 1 6 

162 14860785610888650053 6 3
1 5 7 
1 7 5 
5 1 7 
5 7 1 
7 5 1 
7 1 5 

134 13119232308241019096 6 3
1 2 7 
1 7 2 
2 1 7 
2 7 1 
7 2 1 
7 1 2 

7 3676720382324590333 2 3
0 1 2 
0 2 1 

37 16305754084713733498 2 3
0 2 5 
0 5 2 

50 6906529405458791006 6 3
1 4 5 
1 5 4 
4 1 5 
4 5 1 
5 4 1 
5 1 4 

138 6906529405458791006 6 3
1 3 7 
1 7 3 
3 1 7 
3 7 1 
7 3 1 
7 1 3 

22 6906529405458791006 6 3
1 2 4 
1 4 2 
2 1 4 
2 4 1 
4 2 1 
4 1 2 

35 12532083962761780349 2 3
0 1 5 
0 5 1 

13 4240220439574470712 2 3
0 2 3 
0 3 2 

41 4240220439574470712 2 3
0 3 5 
0 5 3 

67 15935673004862439016 2 3
0 1 6 
0 6 1 

11 7161841802869262925 2 3
0 1 3 
0 3 1 

69 943295659808772012 2 3
0 2 6 
0 6 2 

82 6906529405458791006 6 3
1 4 6 
1 6 4 
4 1 6 
4 6 1 
6 4 1 
6 1 4 

73 4240220439574470712 2 3
0 3 6 
0 6 3 

97 6013164468367743728 2 3
0 5 6 
0 6 5 

