273 7698985776645440831 2 3
0 4 8 
0 8 4 

265 10706753935364593016 2 3
0 3 8 
0 8 3 

261 9856009855437824259 2 3
0 2 8 
0 8 2 

194 17258787824257198352 2 3
1 6 7 
1 7 6 

162 12585292063867719537 2 3
1 5 7 
1 7 5 

138 12769602731266802952 2 3
1 3 7 
1 7 3 

88 6906529405458791006 6 3
3 4 6 
3 6 4 
4 3 6 
4 6 3 
6 4 3 
6 3 4 

76 1780203312458342186 6 3
2 3 6 
2 6 3 
3 2 6 
3 6 2 
6 3 2 
6 2 3 

3 17087753756477223945 2 2
0 1 
1 0 

152 6906529405458791006 6 3
3 4 7 
3 7 4 
4 3 7 
4 7 3 
7 4 3 
7 3 4 

7 1100806113672523033 1 3
0 1 2 

21 7698985776645440831 2 3
0 2 4 
0 4 2 

42 10706753935364593016 2 3
1 3 5 
1 5 3 

13 10706753935364593016 2 3
0 2 3 
0 3 2 

98 3870621583062396010 2 3
1 5 6 
1 6 5 

11 16574095905003600574 2 3
0 1 3 
1 0 3 

19 18318763533345863842 1 3
0 1 4 

25 12254329342543767602 2 3
0 3 4 
0 4 3 

296 754205998099296360 6 3
3 5 8 
3 8 5 
5 3 8 
5 8 3 
8 5 3 
8 3 5 

35 11149028268085365730 1 3
1 0 5 

74 10706753935364593016 2 3
1 3 6 
1 6 3 

328 14860785610888650053 6 3
3 6 8 
3 8 6 
6 3 8 
6 8 3 
8 6 3 
8 3 6 

67 11149028268085365730 1 3
1 0 6 

392 2728381371886174304 6 3
3 7 8 
3 8 7 
7 3 8 
7 8 3 
8 7 3 
8 3 7 

131 11149028268085365730 1 3
1 0 7 

44 12260785478939447192 6 3
2 3 5 
2 5 3 
3 2 5 
3 5 2 
5 3 2 
5 2 3 

259 1100806113672523033 1 3
0 1 8 

56 6906529405458791006 6 3
3 4 5 
3 5 4 
4 3 5 
4 5 3 
5 4 3 
5 3 4 

