bhabha2vbox[0,0,0,0,0,-1,0,1,0]*(-2*a7)
bhabha2vbox[0,1,0,0,0,0,0,0,-1]*(-8*a1)
bhabha2vbox[0,0,1,0,0,0,0,0,0]*(a2)
bhabha2vbox[0,1,-1,0,0,0,0,0,0]*(8*a1)
bhabha2vbox[0,0,0,0,0,0,0,0,0]*(-3*a2-3*a7+3*a8+3*a5)
bhabha2vbox[0,0,1,0,0,0,0,0,-1]*(2*a2)
bhabha2vbox[-1,0,0,0,0,1,0,0,0]*(-5*a5)
bhabha2vbox[0,0,0,0,0,0,1,0,0]*(-22*a6)
bhabha2vbox[0,0,0,0,0,-1,1,0,0]*(5*a6)
bhabha2vbox[0,0,0,0,0,1,0,-1,0]*(2*a5)
bhabha2vbox[0,0,0,0,0,1,0,0,0]*(-10*a5)
bhabha2vbox[0,0,0,0,-1,0,0,0,1]*(-a8)
bhabha2vbox[0,0,0,0,0,0,1,-1,0]*(6*a6)
bhabha2vbox[0,0,0,0,0,0,0,0,1]*(-a8)
bhabha2vbox[0,0,-1,0,0,0,0,0,1]*(-2*a8)
bhabha2vbox[-1,0,0,0,0,0,1,0,0]*(-11*a6)
bhabha2vbox[0,0,0,0,0,0,0,1,0]*(10*a7)
bhabha2vbox[-1,0,0,0,0,0,0,1,0]*(5*a7)
bhabha2vbox[0,0,1,0,-1,0,0,0,0]*(a2)

bhabha2vbox[0,1,0,0,-1,0,0,0,0]*(-24*a1)
bhabha2vbox[0,1,0,0,0,0,0,0,-1]*(16*a1)
bhabha2vbox[0,1,0,0,0,0,0,0,0]*(-72*a1)
bhabha2vbox[0,0,0,0,0,0,0,0,0]*(6*a6+8*a1-8*a8-6*a5)
bhabha2vbox[0,0,0,0,0,0,0,1,0]*(-4*a7)
bhabha2vbox[0,0,1,0,-1,0,0,0,0]*(11*a2)
bhabha2vbox[-1,0,0,0,0,1,0,0,0]*(4*a5)
bhabha2vbox[0,0,1,0,0,0,0,0,-1]*(-8*a2)
bhabha2vbox[-1,0,0,0,0,0,1,0,0]*(-4*a6)
bhabha2vbox[0,0,0,0,0,1,-1,0,0]*(2*a5)
bhabha2vbox[0,0,0,0,0,1,0,0,0]*(8*a5)
bhabha2vbox[0,0,0,0,-1,0,0,0,1]*(10*a8)
bhabha2vbox[0,0,0,0,0,0,1,0,0]*(-8*a6)
bhabha2vbox[0,0,0,0,0,0,0,0,1]*(22*a8)
bhabha2vbox[0,-1,0,0,0,0,0,0,1]*(-2*a8)
bhabha2vbox[0,0,0,0,0,-1,1,0,0]*(-2*a6)
bhabha2vbox[0,-1,1,0,0,0,0,0,0]*(-3*a2)
bhabha2vbox[-1,0,0,0,0,0,0,1,0]*(-2*a7)
bhabha2vbox[0,0,0,0,0,0,-1,1,0]*(-3*a7)
bhabha2vbox[0,0,0,0,0,-1,0,1,0]*(5*a7)
bhabha2vbox[0,0,1,0,0,0,0,0,0]*(29*a2)

bhabha2vbox[0,0,0,0,0,0,0,0,0]*(-5*a2+5*a6-5*a7+8*a1-3*a8)
bhabha2vbox[0,1,0,0,-1,0,0,0,0]*(-24*a1)
bhabha2vbox[0,1,0,0,0,0,0,0,-1]*(8*a1)
bhabha2vbox[0,1,-1,0,0,0,0,0,0]*(8*a1)
bhabha2vbox[0,0,1,0,0,0,0,0,0]*(21*a2)
bhabha2vbox[0,1,0,0,0,0,0,0,0]*(-72*a1)
bhabha2vbox[-1,0,0,0,0,1,0,0,0]*(-9*a5)
bhabha2vbox[0,0,0,0,0,1,-1,0,0]*(3*a5)
bhabha2vbox[0,0,0,0,0,1,0,0,0]*(-18*a5)
bhabha2vbox[0,0,0,0,0,0,1,0,0]*(-14*a6)
bhabha2vbox[0,0,0,0,0,1,0,-1,0]*(6*a5)
bhabha2vbox[0,0,0,0,0,0,1,-1,0]*(2*a6)
bhabha2vbox[0,-1,0,0,0,0,0,0,1]*(-3*a8)
bhabha2vbox[0,0,0,0,-1,0,0,0,1]*(12*a8)
bhabha2vbox[-1,0,0,0,0,0,0,1,0]*(7*a7)
bhabha2vbox[0,0,0,0,0,0,0,0,1]*(30*a8)
bhabha2vbox[0,0,-1,0,0,0,0,0,1]*(-6*a8)
bhabha2vbox[-1,0,0,0,0,0,1,0,0]*(-7*a6)
bhabha2vbox[0,-1,1,0,0,0,0,0,0]*(-2*a2)
bhabha2vbox[0,0,0,0,0,0,0,1,0]*(14*a7)
bhabha2vbox[0,0,1,0,-1,0,0,0,0]*(9*a2)
bhabha2vbox[0,0,0,0,0,0,-1,1,0]*(-2*a7)
bhabha2vbox[0,0,1,0,0,0,0,0,-1]*(-2*a2)

