bhabha2pb[1,1,0,0,0,0,0,0,0] #  3
bhabha2pb[1,1,0,0,1,0,0,0,0] # 19
bhabha2pb[0,0,1,2,1,0,0,0,0] # 28
bhabha2pb[1,0,0,2,1,0,0,0,0] # 25
bhabha2pb[2,0,0,1,1,0,0,0,0] # 25
bhabha2pb[0,1,1,2,0,0,0,0,0] # 14
bhabha2pb[1,0,1,2,1,0,0,0,0] # 29
bhabha2pb[0,1,1,2,1,0,0,0,0] # 30
bhabha2pb[0,2,1,1,1,0,0,0,0] # 30
bhabha2pb[1,1,1,1,1,0,0,0,0] # 31
bhabha2pb[1,1,1,2,1,0,0,0,0] # 31
bhabha2pb[1,2,1,1,1,0,0,0,0] # 31
bhabha2pb[1,1,1,0,0,0,0,0,0] #  7
bhabha2pb[1,1,0,1,0,0,0,0,0] # 11
bhabha2pb[1,1,1,0,1,0,0,0,0] # 23
bhabha2pb[2,0,1,1,1,0,0,0,0] # 29
bhabha2pb[1,1,1,1,0,0,0,0,0] # 15
bhabha2pb[1,1,0,1,1,0,0,0,0] # 27
bhabha2pb[2,1,1,1,1,0,0,0,0] # 31
bhabha2pb[1,1,1,3,1,0,0,0,0] # 31
