506 1683195196748954735 2 7
5 3 6 7 1 8 4 
5 1 8 4 3 6 7 

491 16593132950203585349 1 7
5 1 8 0 3 7 6 

494 4941481803885017918 1 7
5 1 8 2 3 7 6 

443 6234924434558909825 1 7
5 3 7 1 8 4 0 

446 17263734949310902861 1 7
5 1 8 4 2 3 7 

431 2488292667056895793 1 7
5 1 8 0 2 3 7 

505 6608391663579105014 1 7
5 3 6 7 8 4 0 

508 10334385285234416800 1 7
5 4 8 3 2 7 6 

493 3206527570058789018 1 7
5 8 0 3 2 7 6 

445 3833867861927447932 1 7
5 3 2 7 8 4 0 

499 1158965747734303136 1 7
5 7 6 1 4 8 0 

502 11455769519492335026 1 7
5 1 8 4 2 6 7 

501 12731932478363233473 2 7
5 2 6 7 8 4 0 
5 2 7 6 4 8 0 

487 7645060580338417368 1 7
5 1 8 0 2 7 6 

439 1633201654835378813 1 7
5 2 7 1 8 0 4 

475 15317756010709842089 1 7
3 6 7 1 8 0 4 

478 8419987124258895410 1 7
1 8 4 3 2 6 7 

415 6662049172677897787 2 7
2 3 7 1 8 0 4 
3 2 7 1 8 0 4 

477 15594482396246184143 2 7
0 4 8 3 2 6 7 
0 8 4 3 2 6 7 

463 2940480673419198810 1 7
1 8 0 3 2 6 7 

471 11281509472612212090 2 7
2 6 7 1 8 0 4 
2 7 6 1 8 0 4 

379 14287415787911715383 1 7
5 3 6 1 4 8 0 

367 16691815847150511998 1 7
5 1 8 0 2 3 6 

382 5199952021790879848 1 7
5 1 4 8 2 3 6 

319 11602766833947623928 1 7
5 2 3 1 8 4 0 

381 14208500089923694365 1 7
5 3 2 6 4 0 8 

351 16365256655519603769 1 7
3 2 6 1 8 0 4 

375 884210997079163763 1 7
5 2 6 1 4 8 0 

251 3437899538253010614 1 7
5 3 6 7 1 4 0 

239 3397230183332069894 1 7
5 1 0 2 3 6 7 

191 13222024849116258936 1 7
5 1 4 0 2 3 7 

254 11519733663517264083 1 7
5 1 4 2 3 6 7 

127 4409227033011985497 1 7
5 1 4 0 2 3 6 

247 16744658690995168537 1 7
5 1 4 0 2 6 7 

253 16360080806104799496 1 7
5 4 0 3 2 6 7 

223 7278042905597998814 1 7
1 0 4 3 2 6 7 

490 11623374169999770171 1 6
5 1 8 3 7 6 

442 3868409743698401530 1 6
5 3 7 1 8 4 

427 1908281073112318087 1 6
5 3 7 1 8 0 

430 13154413871229571261 1 6
5 1 8 2 3 7 

504 14448074085796043849 1 6
5 4 8 3 7 6 

489 527651670411383641 1 6
5 8 0 3 7 6 

492 12286947765398346090 2 6
5 8 3 2 7 6 
8 5 3 2 7 6 

441 3755651059605770935 1 6
5 3 7 8 4 0 

429 18222325822785739538 1 6
5 8 0 2 3 7 

444 13191496579315138835 1 6
5 8 4 3 2 7 

483 13628442842744343579 1 6
5 7 6 1 8 0 

498 14448074085796043849 1 6
5 7 6 1 4 8 

486 17083978702241074226 1 6
5 1 8 2 7 6 

435 9121907323575984334 2 6
5 7 1 8 0 4 
7 5 1 8 0 4 

497 16616034616051594843 2 6
5 6 7 8 4 0 
5 7 6 4 8 0 

423 1270561439199832695 1 6
5 2 7 1 8 0 

438 6966110243544847662 1 6
5 2 7 1 8 4 

500 8949792681129148197 2 6
5 4 8 2 7 6 
5 8 4 2 6 7 

485 5207714750793240185 1 6
5 8 0 2 7 6 

474 8340812443974365221 2 6
1 8 4 3 6 7 
3 6 7 1 8 4 

437 10630192194785039800 1 6
5 2 7 8 0 4 

459 15340895702935177283 1 6
3 6 7 1 8 0 

462 5580202380098859470 1 6
1 8 3 2 6 7 

414 17713998264762948699 2 6
1 8 4 3 2 7 
1 8 4 2 3 7 

411 14963545860712119880 1 6
3 7 1 8 0 4 

399 7130756614088448545 2 6
1 8 0 3 2 7 
1 8 0 2 3 7 

473 4245802602377627912 2 6
3 6 7 0 4 8 
3 6 7 0 8 4 

413 17586120079387446057 4 6
2 3 7 0 4 8 
2 3 7 0 8 4 
3 2 7 0 4 8 
3 2 7 0 8 4 

476 4632054525150775512 2 6
4 8 3 2 6 7 
8 4 3 2 6 7 

461 13501803059754213861 1 6
0 8 3 2 6 7 

467 3273928138987700536 2 6
6 7 1 8 0 4 
7 6 1 8 0 4 

455 4002269505170768426 2 6
1 8 0 2 7 6 
1 8 0 2 6 7 

470 7569603486698736013 2 6
1 8 4 2 7 6 
1 8 4 2 6 7 

407 14963545860712119880 1 6
2 7 1 8 0 4 

469 15536635168972279468 4 6
2 6 7 0 4 8 
2 6 7 0 8 4 
2 7 6 0 4 8 
2 7 6 0 8 4 

363 1573287853092109743 1 6
5 3 6 1 8 0 

378 11623374169999770171 1 6
5 3 6 1 4 8 

366 7740046663449112635 1 6
5 1 8 2 3 6 

318 8482752671278528871 1 6
5 2 3 1 8 4 

303 10345838469282044032 1 6
5 2 3 1 8 0 

315 14468878961108048735 1 6
3 5 1 8 4 0 

377 11650029389809674703 1 6
5 3 6 4 0 8 

365 12809165920991462916 1 6
5 0 8 3 2 6 

380 8910335904662032692 1 6
5 4 8 3 2 6 

317 10415482794819521982 1 6
5 3 2 4 0 8 

371 15361825277318592140 2 6
5 6 1 4 8 0 
6 5 1 4 8 0 

359 3468268893265080483 1 6
5 2 6 1 8 0 

374 4242751464547066114 1 6
5 2 6 1 4 8 

311 18288480878231514326 1 6
2 5 1 8 0 4 

373 10630192194785039800 1 6
5 2 6 4 0 8 

347 9763524683221798 1 6
3 6 1 8 0 4 

287 14107110594149010152 2 6
2 3 1 8 0 4 
3 2 1 8 0 4 

335 3614923732581592215 1 6
1 8 0 3 2 6 

350 6062202394033593025 1 6
1 8 4 3 2 6 

349 15966220518385716476 2 6
3 2 6 0 4 8 
3 2 6 0 8 4 

343 14963545860712119880 1 6
2 6 1 8 0 4 

250 3868409743698401530 1 6
5 1 4 3 6 7 

235 16518813779751141231 1 6
5 1 0 3 6 7 

238 9795215027160096381 1 6
1 5 2 3 6 7 

187 10441045090790505232 1 6
5 3 7 1 4 0 

175 8164888045274668418 1 6
5 1 0 2 3 7 

190 16561322142891769946 1 6
5 1 4 2 3 7 

249 12020045626041533578 1 6
5 4 0 3 6 7 

252 2189668202451589671 2 6
4 5 3 2 6 7 
5 4 3 2 6 7 

237 4073990690252769770 1 6
0 5 3 2 6 7 

189 1046009414041355420 1 6
5 4 0 3 2 7 

243 14772308914737623716 1 6
5 6 7 1 4 0 

246 9982663454313580858 1 6
5 1 4 2 6 7 

231 342873535798664517 1 6
5 1 0 2 7 6 

183 9022079355556703114 1 6
5 2 7 1 0 4 

245 5207714750793240185 1 6
5 4 0 2 6 7 

219 2790876246002959341 1 6
3 6 7 1 0 4 

159 7822527894525510418 2 6
1 0 4 3 2 7 
1 0 4 2 3 7 

222 7990104328247157411 1 6
1 4 3 2 6 7 

207 15304485499854132835 1 6
1 0 3 2 6 7 

221 13501803059754213861 1 6
0 4 3 2 6 7 

215 8290040740735926583 2 6
2 6 7 1 0 4 
2 7 6 1 0 4 

123 16877059120480939049 1 6
5 3 6 1 4 0 

111 1922376082990846184 1 6
5 1 0 2 3 6 

126 13004857715875102434 1 6
5 1 4 2 3 6 

63 1746197539117205595 1 6
5 2 3 1 4 0 

125 15482634322404247268 1 6
5 4 0 3 2 6 

95 6655261395122111957 1 6
1 0 4 3 2 6 

119 11185756094929944348 1 6
5 2 6 1 4 0 

426 13364603189197731809 1 5
5 1 8 3 7 

488 17583430961032749130 2 5
5 8 3 7 6 
8 5 3 7 6 

440 6399919801106672932 1 5
5 3 7 8 4 

428 15866534202768381129 4 5
5 8 2 3 7 
5 8 3 2 7 
8 5 3 2 7 
8 5 2 3 7 

425 7481066288110438520 1 5
5 3 7 8 0 

482 14686111556629978587 1 5
5 1 8 7 6 

434 14463169972624562395 2 5
5 7 1 8 4 
7 5 1 8 4 

354 13312223719028599295 2 4
5 6 1 8 
6 5 1 8 

97 14065530319751171320 2 3
0 5 6 
0 6 5 

294 8397334625162587836 1 4
2 5 1 8 

37 10430602839189677886 1 3
2 0 5 

330 13461187978258175434 2 4
1 8 3 6 
3 6 1 8 

73 3634950936738160199 1 3
0 3 6 

282 529838076471764616 1 4
3 1 8 4 

25 1559445769025765450 1 3
3 0 4 

270 1953978602712153383 2 4
1 8 3 2 
1 8 2 3 

13 14846269633381201964 2 3
0 2 3 
0 3 2 

326 13796289709583244209 1 4
1 8 2 6 

69 15462241420311287967 1 3
0 2 6 

278 529838076471764616 1 4
2 1 8 4 

21 1559445769025765450 1 3
2 0 4 

163 218827754896921742 2 4
5 7 1 0 
7 5 1 0 

420 15804328657059468321 2 4
5 8 2 7 
8 5 2 7 

178 6454475818174722824 2 4
5 7 1 4 
7 5 1 4 

177 11723878300006445896 2 4
5 7 0 4 
7 5 0 4 

195 16261513370478036540 2 4
1 0 6 7 
1 0 7 6 

210 7150496180077738619 2 4
1 4 6 7 
1 4 7 6 

209 12988209368820141765 2 4
0 4 6 7 
0 4 7 6 

466 17443941716167504307 2 5
6 7 1 8 4 
7 6 1 8 4 

106 14360904535643422207 1 4
1 5 3 6 

297 16710934658768029463 1 4
3 5 0 8 

170 4584585979680141891 1 4
1 5 3 7 

43 10467983245084685320 1 4
3 5 1 0 

300 5717025906857630614 4 4
5 8 2 3 
5 8 3 2 
8 5 3 2 
8 5 2 3 

312 11025324576651510866 1 4
3 5 4 8 

55 5204726540412567315 1 5
2 5 1 0 4 

58 4584585979680141891 1 4
3 5 1 4 

46 402140872545667288 1 4
1 5 2 3 

120 11761636407375004198 2 4
4 5 3 6 
5 4 3 6 

105 17871779215104279782 1 4
0 5 3 6 

362 12690033318652965665 2 5
5 3 6 1 8 
5 1 8 3 6 

60 17912309331370950559 2 4
4 5 3 2 
5 4 3 2 

184 6454475818174722824 2 4
4 5 3 7 
5 4 3 7 

57 96457931059969313 1 4
3 5 4 0 

314 11781286084244796545 1 5
3 5 1 8 4 

45 7547875035425564382 1 4
0 5 2 3 

302 3778359460740048577 1 5
5 1 8 2 3 

368 1677071180347565230 2 4
5 6 4 8 
6 5 4 8 

114 15804328657059468321 2 4
5 6 1 4 
6 5 1 4 

353 11723878300006445896 2 4
5 6 0 8 
6 5 0 8 

226 11025324576651510866 1 4
1 5 7 6 

99 17980322666569303468 2 4
5 6 1 0 
6 5 1 0 

356 17551861176896189898 2 4
5 8 2 6 
8 5 2 6 

102 15368499501652111834 1 4
1 5 2 6 

293 10471396836598960778 1 4
2 5 0 8 

166 14315483891285730756 1 4
1 5 2 7 

39 18080239132658704520 1 4
2 5 1 0 

296 10706753935364593016 2 3
3 5 8 
3 8 5 

308 698476773254776664 2 4
2 5 4 8 
2 5 8 4 

54 15368499501652111834 1 4
2 5 1 4 

240 1677071180347565230 2 4
4 5 6 7 
5 4 6 7 

113 2334665758944902347 2 4
5 6 4 0 
6 5 4 0 

370 17583430961032749130 2 5
5 6 1 4 8 
6 5 1 4 8 

116 15804328657059468321 2 4
4 5 2 6 
5 4 2 6 

193 14845211744745982600 2 3
0 6 7 
0 7 6 

450 8950438065344213768 2 4
1 8 7 6 
1 8 6 7 

329 10853751682580610684 1 4
3 6 0 8 

202 529838076471764616 1 4
1 3 6 7 

75 2379706492802104252 1 4
3 6 1 0 

201 14324805630251815963 1 4
0 3 6 7 

458 2544471438310254489 1 5
1 8 3 6 7 

74 6486448604913209494 1 3
1 3 6 

331 11648483404232514054 1 5
3 6 1 8 0 

269 18426291403760595698 2 4
2 3 0 8 
3 2 0 8 

142 9829021077594943929 2 4
1 2 3 7 
1 3 2 7 

15 15126398087721507050 2 4
1 0 2 3 
1 0 3 2 

56 2512533711646785065 2 3
3 4 5 
3 5 4 

313 15230390012562544319 1 5
3 5 4 0 8 

52 10706753935364593016 2 3
2 4 5 
2 5 4 

309 13112446768982655418 2 5
2 5 0 4 8 
2 5 0 8 4 

135 1639694106335253715 1 4
2 7 1 0 

262 6486448604913209494 1 3
2 1 8 

5 5413095913782878028 1 2
2 0 

85 1450415438560291649 1 4
2 6 0 4 

342 6610907291125018627 1 5
2 6 1 8 4 

133 15462241420311287967 1 3
0 2 7 

390 13796289709583244209 1 4
1 8 2 7 

6 17087753756477223945 2 2
1 2 
2 1 

263 2059819625453329882 1 4
2 1 8 0 

165 11889934315968536525 1 4
0 5 2 7 

422 3176545930294350004 1 5
5 1 8 2 7 

292 10706753935364593016 2 3
2 5 8 
2 8 5 

38 2361156492905547982 2 3
1 2 5 
2 1 5 

295 14313415628164602917 1 5
2 5 1 8 0 

9 5413095913782878028 1 2
3 0 

266 6486448604913209494 1 3
3 1 8 

41 1762681363669438979 1 3
3 0 5 

298 14360904535643422207 1 4
3 5 1 8 

197 361751201784939093 2 4
0 2 6 7 
0 2 7 6 

454 6866216736986476997 2 5
1 8 2 7 6 
1 8 2 6 7 

70 11149028268085365730 1 3
1 2 6 

327 4571370863481439147 1 5
2 6 1 8 0 

10 17087753756477223945 2 2
1 3 
3 1 

267 2059819625453329882 1 4
3 1 8 0 

137 15462241420311287967 1 3
0 3 7 

394 13796289709583244209 1 4
1 8 3 7 

78 18190191940117714365 1 4
1 3 2 6 

141 15547038586545325934 2 4
0 2 3 7 
0 3 2 7 

398 12179503011420176981 2 5
1 8 3 2 7 
1 8 2 3 7 

14 17383987363454026160 2 3
1 2 3 
1 3 2 

271 1394174089741098525 2 5
2 3 1 8 0 
3 2 1 8 0 

101 11889934315968536525 1 4
0 5 2 6 

358 9948523620521210810 1 5
5 1 8 2 6 

112 2728381371886174304 6 3
4 5 6 
4 6 5 
5 4 6 
5 6 4 
6 5 4 
6 4 5 

369 11740778672606608121 2 5
5 6 4 0 8 
6 5 4 0 8 

180 17551861176896189898 2 4
4 5 2 7 
5 4 2 7 

53 10471396836598960778 1 4
2 5 0 4 

310 8232652801974800287 1 5
2 5 1 8 4 

134 11149028268085365730 1 3
1 2 7 

391 4571370863481439147 1 5
2 7 1 8 0 

7 2914615577087478256 1 3
2 1 0 

261 1559445769025765450 1 3
2 0 8 

194 12585292063867719537 2 3
1 6 7 
1 7 6 

451 13179818302034662640 2 5
6 7 1 8 0 
7 6 1 8 0 

161 14065530319751171320 2 3
0 5 7 
0 7 5 

418 11761636407375004198 2 4
5 7 1 8 
7 5 1 8 

153 1450415438560291649 1 4
3 7 0 4 

410 6610907291125018627 1 5
3 7 1 8 4 

26 11149028268085365730 1 3
3 1 4 

283 11183742880159136153 1 5
3 1 8 0 4 

280 12585292063867719537 2 3
3 4 8 
3 8 4 

23 11101777680115663921 1 4
2 1 0 4 

176 754205998099296360 6 3
4 5 7 
4 7 5 
5 4 7 
5 7 4 
7 5 4 
7 4 5 

433 11740778672606608121 2 5
5 7 8 0 4 
7 5 8 0 4 

149 1450415438560291649 1 4
2 7 0 4 

406 6610907291125018627 1 5
2 7 1 8 4 

22 11149028268085365730 1 3
2 1 4 

279 11183742880159136153 1 5
2 1 8 0 4 

276 12585292063867719537 2 3
2 4 8 
2 8 4 

11 2914615577087478256 1 3
3 1 0 

138 11149028268085365730 1 3
1 3 7 

395 4571370863481439147 1 5
3 7 1 8 0 

265 1559445769025765450 1 3
3 0 8 

29 18426291403760595698 2 4
2 3 0 4 
3 2 0 4 

286 4143356442949502389 2 5
2 3 1 8 4 
3 2 1 8 4 

139 1639694106335253715 1 4
3 7 1 0 

89 10853751682580610684 1 4
3 6 0 4 

346 2544471438310254489 1 5
3 6 1 8 4 

284 4230604656947954310 4 4
2 3 4 8 
2 3 8 4 
3 2 4 8 
3 2 8 4 

27 11101777680115663921 1 4
3 1 0 4 

30 17663828750069960505 2 4
1 4 3 2 
1 4 2 3 

169 9297158312812667404 1 4
0 5 3 7 

42 980584032734512894 2 3
1 3 5 
3 1 5 

299 5797126487868743227 1 5
3 5 1 8 0 

225 4592315953047755359 2 4
0 5 6 7 
0 5 7 6 

98 10706753935364593016 2 3
1 5 6 
1 6 5 

355 13139837392834252625 2 5
5 6 1 8 0 
6 5 1 8 0 

352 754205998099296360 6 3
5 6 8 
5 8 6 
6 5 8 
6 8 5 
8 6 5 
8 5 6 

162 2512533711646785065 2 3
1 5 7 
1 7 5 

419 13132323643819919544 2 5
5 7 1 8 0 
7 5 1 8 0 

416 2728381371886174304 6 3
5 7 8 
5 8 7 
7 5 8 
7 8 5 
8 7 5 
8 5 7 

277 10360144567801677877 2 4
2 0 4 8 
2 0 8 4 

150 15406660600063173003 2 4
1 4 2 7 
2 7 1 4 

325 1450415438560291649 1 4
2 6 0 8 

198 15669754230730330559 2 4
1 2 6 7 
1 2 7 6 

71 1639694106335253715 1 4
2 6 1 0 

340 7150496180077738619 2 4
2 6 4 8 
2 6 8 4 

86 15406660600063173003 2 4
1 4 2 6 
2 6 1 4 

281 10360144567801677877 2 4
3 0 4 8 
3 0 8 4 

154 15406660600063173003 2 4
1 4 3 7 
3 7 1 4 

77 6991101595378865533 1 4
0 3 2 6 

334 15253064470191739447 1 5
1 8 3 2 6 

344 8950438065344213768 2 4
3 6 4 8 
3 6 8 4 

87 5332074443561620101 1 5
2 6 1 0 4 

90 13796289709583244209 1 4
3 6 1 4 

360 13312223719028599295 2 4
5 8 3 6 
8 5 3 6 

103 17083878967555531773 1 5
5 2 6 1 0 

404 7150496180077738619 2 4
2 7 4 8 
2 7 8 4 

389 1450415438560291649 1 4
2 7 0 8 

449 12988209368820141765 2 4
0 8 7 6 
0 8 6 7 

393 1450415438560291649 1 4
3 7 0 8 

408 7150496180077738619 2 4
3 7 4 8 
3 7 8 4 

151 5332074443561620101 1 5
2 7 1 0 4 

464 13150025586414177241 8 4
4 8 7 6 
4 8 6 7 
6 7 4 8 
6 7 8 4 
7 6 4 8 
7 6 8 4 
8 4 7 6 
8 4 6 7 

432 1677071180347565230 2 4
5 7 8 4 
7 5 8 4 

417 2334665758944902347 2 4
5 7 8 0 
7 5 8 0 

480 1677071180347565230 2 4
5 8 7 6 
8 5 7 6 

424 15804328657059468321 2 4
5 8 3 7 
8 5 3 7 

167 4658132841706894408 1 5
5 1 0 2 7 

93 12121118858617612340 1 5
0 4 3 2 6 

79 13597506112491900138 1 5
1 0 3 2 6 

94 12496460193956787050 1 5
1 4 3 2 6 

31 5611378647421624806 2 5
2 3 1 0 4 
3 2 1 0 4 

91 8940514015173509093 1 5
3 6 1 0 4 

348 1216723659735808329 2 5
4 8 3 2 6 
8 4 3 2 6 

117 4854047867367508291 1 5
5 2 6 4 0 

118 6946320677797669053 2 5
5 2 6 1 4 
5 1 4 2 6 

115 138634290758175326 2 5
5 6 1 4 0 
6 5 1 4 0 

372 379923436499829735 1 5
5 2 6 4 8 

61 17835501684118192183 1 5
5 3 2 4 0 

109 11123280549301792262 1 5
0 5 3 2 6 

124 3174109689546602775 2 5
4 5 3 2 6 
5 4 3 2 6 

121 3560371903255095088 1 5
5 3 6 4 0 

62 7407703904361790780 1 5
5 1 4 2 3 

59 13161678179091591571 1 5
3 5 1 4 0 

316 4700516104397759652 1 5
5 3 2 4 8 

47 3009761775287508121 1 5
5 1 0 2 3 

110 8334615972913551555 1 5
1 5 2 3 6 

122 13364603189197731809 1 5
5 3 6 1 4 

213 6770672326367388280 2 5
0 4 2 6 7 
0 4 2 7 6 

107 7137020232988956294 1 5
5 3 6 1 0 

364 12158658946065122309 2 5
5 8 3 2 6 
8 5 3 2 6 

214 1170858302316114891 2 5
1 4 2 6 7 
1 4 2 7 6 

199 18286699859685368733 2 5
1 0 2 6 7 
1 0 2 7 6 

211 10828560648830046792 2 5
6 7 1 0 4 
7 6 1 0 4 

468 5985004378282824371 4 5
4 8 2 7 6 
4 8 2 6 7 
8 4 2 7 6 
8 4 2 6 7 

205 13213743014374771754 1 5
0 3 2 6 7 

157 1673615147579801234 2 5
0 4 3 2 7 
0 4 2 3 7 

217 14625939548246261083 1 5
0 4 3 6 7 

158 772038652885336484 2 5
1 4 3 2 7 
1 4 2 3 7 

155 5332074443561620101 1 5
3 7 1 0 4 

412 16325884511259221329 4 5
4 8 2 3 7 
4 8 3 2 7 
8 4 3 2 7 
8 4 2 3 7 

206 13024210261977407576 1 5
1 3 2 6 7 

143 14530470980704106368 2 5
1 0 2 3 7 
1 0 3 2 7 

218 6610907291125018627 1 5
1 4 3 6 7 

203 5463982749469447850 1 5
1 0 3 6 7 

181 1260603533169641468 1 5
5 2 7 0 4 

229 4975217989579350861 2 5
0 5 2 6 7 
0 5 2 7 6 

244 9397628363481839042 2 5
4 5 2 6 7 
5 4 2 6 7 

241 9445282085540244740 1 5
5 4 0 6 7 

182 5385446492328396295 1 5
5 1 4 2 7 

230 9014220187794274253 1 5
1 5 2 7 6 

179 7149325425957517693 2 5
5 7 1 0 4 
7 5 1 0 4 

436 379923436499829735 1 5
5 2 7 8 4 

227 11087579188604861418 1 5
5 1 0 7 6 

484 9397628363481839042 2 5
5 8 2 7 6 
8 5 2 7 6 

242 6399919801106672932 1 5
5 1 4 6 7 

173 5019941830263116387 1 5
0 5 2 3 7 

188 11633027554725639988 2 5
4 5 3 2 7 
5 4 3 2 7 

233 6824161119190021777 1 5
0 5 3 6 7 

185 7329247669565363831 1 5
5 3 7 4 0 

248 14463169972624562395 2 5
4 5 3 6 7 
5 4 3 6 7 

174 6130245321062150349 1 5
1 5 2 3 7 

171 6943120888882350342 1 5
5 1 0 3 7 

186 7101634434729969935 2 5
5 3 7 1 4 
5 1 4 3 7 

234 11781286084244796545 1 5
1 5 3 6 7 

341 1243667008157817226 2 5
2 6 0 4 8 
2 6 0 8 4 

333 12121118858617612340 1 5
0 8 3 2 6 

345 16830069587914866252 2 5
3 6 0 4 8 
3 6 0 8 4 

285 8826022771775523599 4 5
2 3 0 4 8 
2 3 0 8 4 
3 2 0 4 8 
3 2 0 8 4 

357 1260603533169641468 1 5
5 2 6 0 8 

301 8767298592233449364 1 5
5 2 3 0 8 

376 14686111556629978587 1 5
5 3 6 4 8 

361 10269586835810475119 1 5
5 3 6 0 8 

453 6770672326367388280 2 5
0 8 2 7 6 
0 8 2 6 7 

405 1243667008157817226 2 5
2 7 0 4 8 
2 7 0 8 4 

465 15110948254569119325 4 5
6 7 0 4 8 
6 7 0 8 4 
7 6 0 4 8 
7 6 0 8 4 

397 1673615147579801234 2 5
0 8 3 2 7 
0 8 2 3 7 

409 1243667008157817226 2 5
3 7 0 4 8 
3 7 0 8 4 

457 14625939548246261083 1 5
0 8 3 6 7 

472 17443941716167504307 2 5
4 8 3 6 7 
8 4 3 6 7 

421 4854047867367508291 1 5
5 2 7 8 0 

481 9445282085540244740 1 5
5 8 0 7 6 

496 2116756502251157976 4 5
5 4 8 7 6 
5 6 7 8 4 
5 7 6 4 8 
5 8 4 6 7 

