500 12170829104585938721 1 6
4 7 6 2 5 8 

469 16149088656285044820 1 6
4 2 8 0 7 6 

470 4931735568339994312 1 6
4 7 6 2 1 8 

476 15724894839884593195 1 6
4 2 8 7 6 3 

497 3306152041074705082 1 6
4 5 8 0 7 6 

504 14226637031556772505 2 6
4 5 8 7 3 6 
4 8 5 3 7 6 

473 17152716585060388801 2 6
4 8 0 7 6 3 
8 4 0 7 6 3 

498 12718773313658204363 1 6
4 7 6 1 8 5 

467 4128889814327884373 1 6
4 1 8 0 7 6 

474 9183688714590652323 1 6
4 1 8 7 3 6 

485 1844279611615614675 1 6
0 7 6 2 5 8 

461 9094640880678308586 1 6
2 8 0 7 6 3 

492 9753267481226121183 2 6
2 5 8 7 3 6 
2 5 8 3 7 6 

455 14785835591882817414 1 6
2 1 8 0 7 6 

486 4044809787724247456 2 6
6 7 2 1 5 8 
7 6 2 1 5 8 

490 1459120097054455012 4 6
1 5 8 7 3 6 
1 5 8 3 7 6 
1 8 5 7 3 6 
1 8 5 3 7 6 

462 5700926889459062724 2 6
2 1 8 7 3 6 
2 1 8 3 7 6 

483 663085412946804103 2 6
0 7 6 1 5 8 
0 7 6 1 8 5 

489 18416757750143476689 2 6
5 8 0 7 6 3 
8 5 0 7 6 3 

459 7825352533093055172 1 6
1 8 0 7 6 3 

437 7846417920070748818 1 6
4 0 7 2 5 8 

407 12292613290368371212 1 6
4 0 7 2 1 8 

413 13307630695096188772 1 6
4 2 8 0 7 3 

438 15137945670113265728 2 6
4 7 2 1 5 8 
7 4 2 1 5 8 

444 5036957493177087395 1 6
4 7 3 2 5 8 

414 4358766150934052291 1 6
4 7 3 2 1 8 

441 5036957493177087395 1 6
4 5 8 0 7 3 

435 14189624407441220937 1 6
4 0 7 1 5 8 

442 11952606522704992433 2 6
4 3 7 1 8 5 
4 7 3 1 5 8 

411 10470903731975289372 1 6
4 1 8 0 7 3 

429 9664659580043954769 2 6
0 7 3 2 5 8 
2 5 8 0 7 3 

423 477531810195711251 1 6
0 7 2 1 5 8 

430 7748284745600226227 2 6
3 7 2 1 5 8 
7 3 2 1 5 8 

399 3204357781243342593 1 6
2 1 8 0 7 3 

427 11927963396533585437 2 6
0 7 3 1 5 8 
0 7 3 1 8 5 

373 11037245233636908395 1 6
4 0 6 2 5 8 

349 3853260960869383197 1 6
4 2 8 0 6 3 

343 9191631333624563922 1 6
4 0 6 2 1 8 

374 1378898807486131428 2 6
4 6 2 1 5 8 
6 4 2 1 5 8 

380 13519986210406517989 1 6
4 6 3 2 5 8 

350 1698873764157653710 1 6
4 3 6 2 1 8 

377 9008813506183197487 1 6
4 5 8 0 6 3 

371 15317928945347864761 1 6
4 0 6 1 5 8 

347 12291201277449139592 1 6
4 1 8 0 3 6 

378 12718773313658204363 1 6
4 3 6 1 5 8 

365 11452889645826571396 1 6
2 5 8 0 6 3 

366 4044809787724247456 2 6
3 6 2 1 5 8 
6 3 2 1 5 8 

335 5717061240311649392 1 6
2 1 8 0 6 3 

359 143706085761400656 1 6
0 6 2 1 5 8 

363 3459797072738497019 2 6
0 6 3 1 5 8 
0 6 3 1 8 5 

317 13307630695096188772 1 6
4 0 3 2 5 8 

311 5597013970048709750 1 6
0 4 2 1 5 8 

318 4762755431063244363 2 6
3 4 2 1 5 8 
4 3 2 1 5 8 

287 848008693474654125 1 6
4 0 3 2 1 8 

315 5012042828072298893 1 6
4 0 3 1 5 8 

303 1171466688967601615 1 6
0 3 2 1 5 8 

245 10460191416158750932 1 6
4 2 5 0 7 6 

215 12356909872744281985 1 6
4 2 1 0 7 6 

221 8319460573645739203 1 6
2 4 0 7 6 3 

252 8767696551962297259 1 6
4 2 5 7 6 3 

246 16208527330523850778 1 6
4 7 6 2 1 5 

222 6537665216183229946 1 6
4 2 1 7 3 6 

249 9300701271724180280 2 6
4 5 0 7 6 3 
5 4 0 7 6 3 

243 216400900507364703 1 6
4 1 5 0 7 6 

219 3719521731485755224 1 6
1 4 0 7 3 6 

250 9183688714590652323 1 6
4 1 5 3 7 6 

231 14903384325851288135 1 6
2 1 5 0 7 6 

237 2023605352219904434 1 6
2 5 0 7 6 3 

238 4806998672039913213 2 6
2 1 5 3 7 6 
2 1 5 7 3 6 

207 5062335154909657744 1 6
2 1 0 7 6 3 

189 7846417920070748818 1 6
4 2 5 0 7 3 

235 7825352533093055172 1 6
1 5 0 7 6 3 

159 9586796010846050907 1 6
4 2 1 0 7 3 

183 282342037369517305 1 6
4 0 7 2 1 5 

187 2811869025740915383 1 6
4 1 5 0 7 3 

190 1432509435794137121 1 6
4 7 3 2 1 5 

263 8133093328911872250 1 4
0 2 1 8 

197 8778297980605328996 1 4
2 0 7 6 

454 8940565645873283424 2 5
6 7 2 1 8 
7 6 2 1 8 

195 3150846310311447003 1 4
1 0 7 6 

452 15896268698264125057 2 4
2 8 7 6 
2 8 6 7 

149 11042797408386191705 1 4
2 4 0 7 

406 10030363946770376319 2 5
4 7 2 1 8 
7 4 2 1 8 

177 10955052312094187409 2 4
4 5 0 7 
5 4 0 7 

434 17273271633486115109 2 5
4 7 1 8 5 
7 4 1 8 5 

401 8185086226658989788 2 4
4 8 0 7 
8 4 0 7 

147 13288304797317549223 1 4
1 4 0 7 

404 4270695351041866627 2 4
4 7 2 8 
7 4 2 8 

165 12030119370035199782 2 4
0 7 2 5 
2 5 0 7 

141 8389516611493844045 1 4
2 0 7 3 

398 16530809014814353626 2 5
3 7 2 1 8 
7 3 2 1 8 

389 1361567497545663179 1 4
0 7 2 8 

135 15568537872682856068 1 4
2 1 0 7 

417 3982813991072387447 2 4
0 7 5 8 
0 7 8 5 

163 18202493923077767787 1 4
0 7 1 5 

139 13656065201013423029 1 4
1 0 7 3 

396 7150496180077738619 2 4
2 8 7 3 
2 8 3 7 

212 7044477751449671096 1 4
2 4 7 6 

85 10361489447717774680 1 4
2 4 0 6 

342 16008038622112340556 2 5
4 6 2 1 8 
6 4 2 1 8 

116 852638576401355306 2 4
4 6 2 5 
6 4 2 5 

340 11699471195932271526 2 4
4 6 2 8 
6 4 2 8 

83 6053712338712277727 1 4
1 4 0 6 

86 12843830190224622126 2 4
4 6 2 1 
6 4 2 1 

92 10732681782495955028 1 4
2 4 6 3 

240 179286298576043391 2 4
4 5 6 7 
5 4 6 7 

113 242440319660852541 2 4
4 5 0 6 
5 4 0 6 

370 2536047746362399378 4 5
4 6 1 5 8 
4 6 1 8 5 
6 4 1 5 8 
6 4 1 8 5 

338 16152771068379260175 2 4
4 6 1 8 
6 4 1 8 

84 3854895435528399829 2 3
2 4 6 
2 6 4 

341 8234278822367851402 1 5
4 0 6 2 8 

282 1173487554912462815 2 4
3 4 1 8 
4 3 1 8 

28 10706753935364593016 2 3
2 3 4 
2 4 3 

285 4729197768228215044 2 5
4 2 8 0 3 
4 0 3 2 8 

387 18202493923077767787 1 4
0 7 1 8 

133 1100806113672523033 1 3
2 0 7 

74 13169041084928452734 2 3
1 3 6 
1 6 3 

331 14887632116971399944 1 5
1 8 0 6 3 

269 15406660600063173003 2 4
0 3 2 8 
2 8 0 3 

142 2409636918962164441 2 4
2 1 3 7 
2 1 7 3 

15 869262418681713733 1 4
2 1 0 3 

131 4938338768761343026 1 3
1 0 7 

332 15896268698264125057 2 4
2 8 6 3 
2 8 3 6 

75 9450259850696009762 1 4
1 0 6 3 

78 15196796947764543140 2 4
2 1 3 6 
2 1 6 3 

112 6906529405458791006 6 3
4 5 6 
4 6 5 
5 4 6 
5 6 4 
6 5 4 
6 4 5 

369 9009127556261700401 1 5
4 0 6 5 8 

180 10955052312094187409 2 4
4 7 2 5 
7 4 2 5 

53 11042797408386191705 1 4
0 4 2 5 

394 13924634466812872454 2 4
1 8 7 3 
1 8 3 7 

267 10863787366753049873 1 4
0 3 1 8 

13 11149028268085365730 1 3
2 0 3 

140 12585292063867719537 2 3
2 3 7 
2 7 3 

397 16476275988343549283 1 5
2 8 0 7 3 

277 12159194040976764615 1 4
0 4 2 8 

150 14795579138920920335 2 4
4 7 2 1 
7 4 2 1 

23 18137896843849094918 1 4
0 4 2 1 

330 11744746903407636456 2 4
1 8 6 3 
1 8 3 6 

76 7698985776645440831 2 3
2 3 6 
2 6 3 

333 1253856313114366150 1 5
2 8 0 6 3 

194 13169041084928452734 2 3
1 6 7 
1 7 6 

451 7267080587978993508 1 5
1 8 0 7 6 

67 16291248371497170129 1 3
1 0 6 

284 6925972535638963533 2 4
3 4 2 8 
4 3 2 8 

27 11245768051194812997 1 4
1 4 0 3 

30 17236959171153610173 2 4
3 4 2 1 
4 3 2 1 

3 12893131977844289213 1 2
0 1 

259 2211433503843636553 1 3
0 1 8 

5 17087753756477223945 2 2
0 2 
2 0 

450 11744746903407636456 2 4
1 8 7 6 
1 8 6 7 

323 13873726473978755159 1 4
0 6 1 8 

196 7698985776645440831 2 3
2 6 7 
2 7 6 

453 7445691566095667742 1 5
2 8 0 7 6 

69 18318763533345863842 1 3
2 0 6 

138 10683451536256038907 2 3
1 3 7 
1 7 3 

395 794298109699750386 1 5
1 8 0 7 3 

11 8088271910182889539 1 3
1 0 3 

291 7301084694032815074 2 4
0 1 5 8 
0 1 8 5 

37 1100806113672523033 1 3
0 2 5 

26 7079035452611023820 2 3
1 3 4 
1 4 3 

283 4916562509780964855 1 5
4 0 3 1 8 

261 11149028268085365730 1 3
0 2 8 

7 16610716270248487032 1 3
0 2 1 

289 12585292063867719537 2 3
0 5 8 
0 8 5 

35 2211433503843636553 1 3
0 1 5 

56 12260785478939447192 6 3
3 4 5 
3 5 4 
4 3 5 
4 5 3 
5 4 3 
5 3 4 

313 9612578381137890767 1 5
4 0 3 5 8 

49 12769602731266802952 2 3
0 4 5 
0 5 4 

108 7014131733599754745 2 4
2 5 3 6 
2 5 6 3 

402 3033500872990995782 2 4
4 7 1 8 
7 4 1 8 

275 236617040528279070 1 4
0 4 1 8 

148 12769602731266802952 2 3
2 4 7 
2 7 4 

405 8588430803318870469 1 5
4 0 7 2 8 

21 3519693191574693728 2 3
0 2 4 
2 0 4 

82 17308706493561181969 2 3
1 4 6 
1 6 4 

339 16059413760635117299 1 5
4 0 6 1 8 

336 6906529405458791006 6 3
4 6 8 
4 8 6 
6 4 8 
6 8 4 
8 6 4 
8 4 6 

79 17790683423056587259 1 5
2 1 0 6 3 

146 7079035452611023820 2 3
1 4 7 
1 7 4 

403 6369619965486288121 1 5
4 0 7 1 8 

19 2446769751716966773 1 3
0 1 4 

273 10706753935364593016 2 3
0 4 8 
0 8 4 

400 12260785478939447192 6 3
4 7 8 
4 8 7 
7 4 8 
7 8 4 
8 7 4 
8 4 7 

143 387533691398999251 1 5
2 1 0 7 3 

424 13150025586414177241 8 4
3 7 5 8 
3 7 8 5 
5 8 7 3 
5 8 3 7 
7 3 5 8 
7 3 8 5 
8 5 7 3 
8 5 3 7 

167 1528170790753509686 1 5
0 7 2 1 5 

297 7150496180077738619 2 4
0 3 5 8 
0 3 8 5 

170 13924634466812872454 2 4
1 5 3 7 
1 5 7 3 

43 10863787366753049873 1 4
0 3 1 5 

293 8389516611493844045 1 4
0 2 5 8 

39 1411563104001839086 1 4
0 2 1 5 

172 3982813991072387447 2 4
2 5 3 7 
2 5 7 3 

45 1361567497545663179 1 4
2 5 0 3 

408 15704017212081516077 2 4
4 8 7 3 
8 4 7 3 

151 5270067894580838752 1 5
4 2 1 0 7 

281 6925972535638963533 2 4
4 8 0 3 
8 4 0 3 

154 1365600156344132271 2 4
1 4 3 7 
1 4 7 3 

432 15704017212081516077 2 4
4 7 8 5 
7 4 8 5 

175 4851354828244723237 1 6
2 1 5 0 7 3 

305 18125736765879375276 1 4
0 4 5 8 

178 1173487554912462815 2 4
4 7 1 5 
7 4 1 5 

51 9516556703667333708 1 4
0 4 1 5 

184 15704017212081516077 2 4
4 5 3 7 
5 4 3 7 

57 4270695351041866627 2 4
4 5 0 3 
5 4 0 3 

314 17273271633486115109 2 5
3 4 1 5 8 
4 3 1 5 8 

312 15704017212081516077 2 4
3 4 5 8 
4 3 5 8 

55 7168231100288526883 1 5
0 4 2 1 5 

58 3033500872990995782 2 4
3 4 1 5 
4 3 1 5 

156 18125736765879375276 1 4
2 4 7 3 

29 12159194040976764615 1 4
2 4 0 3 

286 5638432871834957493 2 5
3 4 2 1 8 
4 3 2 1 8 

60 8185086226658989788 2 4
3 4 2 5 
4 3 2 5 

360 7556829846088060811 4 4
5 8 6 3 
5 8 3 6 
8 5 6 3 
8 5 3 6 

103 5861382049713257416 1 5
0 6 2 1 5 

106 11744746903407636456 2 4
1 5 3 6 
1 5 6 3 

202 4423814767766154257 2 4
1 3 7 6 
1 7 3 6 

353 10667362792025660262 2 4
0 6 5 8 
0 6 8 5 

226 11744746903407636456 2 4
1 5 6 7 
1 5 7 6 

99 13873726473978755159 1 4
0 6 1 5 

204 2506011958774662217 2 4
2 3 7 6 
2 7 3 6 

77 10895110813981667549 1 4
2 0 6 3 

334 8940565645873283424 2 5
3 6 2 1 8 
6 3 2 1 8 

325 17177136069890610113 1 4
0 6 2 8 

198 15196796947764543140 2 4
2 1 6 7 
2 1 7 6 

71 709554034736287364 1 4
2 1 0 6 

228 7014131733599754745 2 4
2 5 6 7 
2 5 7 6 

101 8272974117028570047 1 4
2 5 0 6 

344 179286298576043391 2 4
4 8 6 3 
8 4 6 3 

87 17922824563797516264 1 5
4 2 1 0 6 

90 14895754513157996583 1 4
1 4 3 6 

368 3364750820705448782 4 4
4 6 5 8 
4 6 8 5 
6 4 5 8 
6 4 8 5 

111 8682610474645602341 1 6
2 1 5 0 6 3 

114 16152771068379260175 2 4
4 6 1 5 
6 4 1 5 

120 12190912153274299044 2 4
4 5 3 6 
5 4 3 6 

337 10596920958349277763 2 4
4 8 0 6 
8 4 0 6 

210 14895754513157996583 1 4
1 4 7 6 

480 7556829846088060811 4 4
5 8 7 6 
5 8 6 7 
8 5 7 6 
8 5 6 7 

464 12190912153274299044 2 4
4 8 7 6 
8 4 7 6 

47 15131895291429295223 1 5
0 3 2 1 5 

59 15456432659812070703 1 5
4 0 3 1 5 

316 2370878691122667212 2 5
3 4 2 5 8 
4 3 2 5 8 

31 4174691288990169138 1 5
4 2 1 0 3 

62 5048236228861511938 2 5
3 4 2 1 5 
4 3 2 1 5 

61 8588430803318870469 1 5
4 2 5 0 3 

107 14887632116971399944 1 5
1 5 0 6 3 

364 7845252661427977046 2 5
3 6 2 5 8 
6 3 2 5 8 

110 18414343152573376099 2 5
3 6 2 1 5 
6 3 2 1 5 

109 8573717337418152007 1 5
2 5 0 6 3 

91 13478593215814653320 1 5
1 4 0 3 6 

348 9895371878725026128 1 5
4 2 8 6 3 

122 17762675326737228157 1 5
4 1 5 3 6 

115 8724530180973683923 1 5
4 0 6 1 5 

372 4705014155367496481 2 5
4 6 2 5 8 
6 4 2 5 8 

121 12573499696274658947 2 5
4 5 0 6 3 
5 4 0 6 3 

94 10379804014985804642 1 5
4 2 1 3 6 

124 11709386935695587718 1 5
4 2 5 6 3 

118 14263248355253412689 2 5
4 6 2 1 5 
6 4 2 1 5 

93 7779939170498292045 1 5
2 4 0 6 3 

117 493338359042205984 1 5
4 2 5 0 6 

171 794298109699750386 1 5
1 5 0 7 3 

428 4622508568593048949 2 5
3 7 2 5 8 
7 3 2 5 8 

173 12586974753393532778 1 5
2 5 0 7 3 

174 11127113056135873216 2 5
3 7 2 1 5 
7 3 2 1 5 

186 13930296752042286231 1 5
4 1 5 3 7 

155 11588443951007391114 1 5
1 4 0 7 3 

412 9612578381137890767 1 5
4 2 8 7 3 

179 17473538428981059426 1 5
4 0 7 1 5 

436 15516703111208343944 2 5
4 7 2 5 8 
7 4 2 5 8 

185 15516703111208343944 2 5
4 5 0 7 3 
5 4 0 7 3 

158 499048978066214225 1 5
4 2 1 7 3 

188 65620483041778020 1 5
4 2 5 7 3 

182 6644710936771191876 2 5
4 7 2 1 5 
7 4 2 1 5 

157 5384603957822953242 1 5
2 4 0 7 3 

203 6501500617319798411 1 5
1 0 7 6 3 

460 7198735148424648000 2 5
2 8 7 3 6 
2 8 3 7 6 

234 4135260533862365032 2 5
1 5 3 7 6 
1 5 7 3 6 

227 7267080587978993508 1 5
1 5 0 7 6 

484 7845252661427977046 2 5
6 7 2 5 8 
7 6 2 5 8 

181 6277357237078501203 2 5
4 2 5 0 7 
4 0 7 2 5 

206 13020173995164325392 2 5
2 1 3 7 6 
2 1 7 3 6 

230 18414343152573376099 2 5
6 7 2 1 5 
7 6 2 1 5 

236 757016727125658107 2 5
2 5 3 7 6 
2 5 7 3 6 

199 8347319280502852526 1 5
2 1 0 7 6 

205 3273106011170765271 1 5
2 0 7 6 3 

229 18021890924705301076 1 5
2 5 0 7 6 

242 5542056612205447502 1 5
4 1 5 7 6 

218 10263712366981405147 2 5
1 4 3 7 6 
1 4 7 3 6 

248 7262635795690302862 2 5
4 5 3 7 6 
5 4 3 7 6 

211 16444153408993008404 1 5
1 4 0 7 6 

468 6446652158694015929 1 5
4 2 8 7 6 

241 10794320996309993022 2 5
4 5 0 7 6 
5 4 0 7 6 

214 3383519155709801792 1 5
4 2 1 7 6 

220 8454230288327463145 1 5
2 4 7 6 3 

244 3361935724419732594 1 5
4 2 5 7 6 

299 9756445356796842602 2 5
0 3 1 5 8 
0 3 1 8 5 

213 6805102856146787070 1 5
2 4 0 7 6 

271 16364815032920333376 1 5
0 3 2 1 8 

295 10136623286945176207 1 5
0 2 1 5 8 

301 16476275988343549283 1 5
0 3 2 5 8 

307 308032239188499911 1 5
0 4 1 5 8 

279 16681882862925822520 1 5
0 4 2 1 8 

309 5384603957822953242 1 5
0 4 2 5 8 

355 618853051761902315 2 5
0 6 1 5 8 
0 6 1 8 5 

362 2340688039307162580 4 5
3 6 1 5 8 
3 6 1 8 5 
6 3 1 5 8 
6 3 1 8 5 

361 8850520360857520085 2 5
5 8 0 6 3 
8 5 0 6 3 

327 7894870284202336770 1 5
0 6 2 1 8 

357 1870422358782097123 1 5
0 6 2 5 8 

346 5542056612205447502 1 5
4 1 8 3 6 

376 4169205296502076595 1 5
4 5 8 3 6 

119 5584418319384915282 1 6
4 0 6 2 1 5 

345 2411772165362872566 2 5
4 8 0 6 3 
8 4 0 6 3 

419 10047709863382722480 2 5
0 7 1 5 8 
0 7 1 8 5 

426 1531213298497591875 4 5
3 7 1 5 8 
3 7 1 8 5 
7 3 1 5 8 
7 3 1 8 5 

425 4622508568593048949 2 5
5 8 0 7 3 
8 5 0 7 3 

391 12530880037869751904 1 5
0 7 2 1 8 

421 12586974753393532778 1 5
0 7 2 5 8 

410 13930296752042286231 1 5
4 1 8 7 3 

440 15397974748116556752 4 5
4 3 7 8 5 
4 5 8 7 3 
4 7 3 5 8 
4 8 5 3 7 

409 2370878691122667212 2 5
4 8 0 7 3 
8 4 0 7 3 

433 65620483041778020 1 5
4 0 7 5 8 

458 4135260533862365032 2 5
1 8 7 3 6 
1 8 3 7 6 

482 2340688039307162580 4 5
6 7 1 5 8 
6 7 1 8 5 
7 6 1 5 8 
7 6 1 8 5 

488 143871076794329895 4 5
5 8 7 3 6 
5 8 3 7 6 
8 5 7 3 6 
8 5 3 7 6 

481 3772855870296834902 2 5
5 8 0 7 6 
8 5 0 7 6 

466 17762675326737228157 1 5
4 1 8 7 6 

472 7262635795690302862 2 5
4 8 7 3 6 
8 4 7 3 6 

496 4169205296502076595 1 5
4 8 5 7 6 

465 10512825698810245610 2 5
4 8 0 7 6 
8 4 0 7 6 

63 14236053473763220350 1 6
4 0 3 2 1 5 

123 3986296102576684275 1 6
4 1 5 0 3 6 

126 13281413592522776744 1 6
4 3 6 2 1 5 

95 4861790725520807153 1 6
4 2 1 0 3 6 

125 8416766052785034958 1 6
4 2 5 0 6 3 

