bhabha2pb[1,0,0,-1,0,0,0,0,0]*(-16*a0)
bhabha2pb[1,0,0,0,0,0,-1,0,0]*(8*a0)
bhabha2pb[1,0,0,0,0,0,0,0,0]*(-40*a0)
bhabha2pb[0,0,0,0,0,0,0,0,0]*(-8*a3+8*a0-8*a8+8*a2)
bhabha2pb[0,0,0,0,0,0,0,1,0]*(13*a7)
bhabha2pb[0,0,0,0,0,0,-1,1,0]*(-5*a7)
bhabha2pb[0,-1,1,0,0,0,0,0,0]*(8*a2)
bhabha2pb[0,0,1,0,0,0,0,0,-1]*(-16*a2)
bhabha2pb[0,0,1,0,0,0,0,0,0]*(-32*a2+8*eta*a2)
bhabha2pb[0,0,0,0,0,1,0,0,-1]*(8*a5)
bhabha2pb[-1,0,0,0,0,0,0,1,0]*(-3*a7)
bhabha2pb[0,0,0,-1,0,0,0,1,0]*(8*a7)
bhabha2pb[0,0,-1,0,0,1,0,0,0]*(-3*a5)
bhabha2pb[0,0,0,1,0,0,-1,0,0]*(6*a3)
bhabha2pb[0,0,0,1,0,0,0,0,0]*(-6*a3)
bhabha2pb[-1,0,0,1,0,0,0,0,0]*(2*a3)
bhabha2pb[0,0,0,0,0,1,0,0,0]*(-5*eta*a5+8*a5)
bhabha2pb[0,-1,0,0,0,0,0,0,1]*(6*a8)
bhabha2pb[0,-1,0,0,0,1,0,0,0]*(-5*a5)
bhabha2pb[0,0,0,0,0,0,0,0,1]*(6*eta*a8)
bhabha2pb[0,0,-1,0,0,0,0,0,1]*(2*a8)

bhabha2pb[1,0,0,-1,0,0,0,0,0]*(8*a0)
bhabha2pb[1,0,0,0,0,0,-1,0,0]*(-16*a0)
bhabha2pb[1,0,0,0,0,0,0,0,0]*(-16*a0)
bhabha2pb[0,0,0,0,0,0,0,0,0]*(3*a3-3*a7+3*a8-3*a5)
bhabha2pb[1,0,0,0,0,0,0,-1,0]*(8*a0)
bhabha2pb[0,0,0,0,0,0,-1,1,0]*(5*a7)
bhabha2pb[0,-1,1,0,0,0,0,0,0]*(-16*a2)
bhabha2pb[0,0,1,0,0,0,0,0,-1]*(8*a2)
bhabha2pb[0,0,1,0,0,0,0,0,0]*(-32*a2-16*eta*a2)
bhabha2pb[0,0,1,0,0,-1,0,0,0]*(8*a2)
bhabha2pb[0,0,0,0,0,1,0,0,-1]*(-2*a5)
bhabha2pb[0,0,0,0,0,1,0,0,0]*(5*eta*a5+10*a5)
bhabha2pb[0,-1,0,0,0,1,0,0,0]*(5*a5)
bhabha2pb[0,0,0,1,0,0,-1,0,0]*(-5*a3)
bhabha2pb[0,0,0,1,0,0,0,0,0]*(-5*a3)
bhabha2pb[0,0,0,-1,0,0,0,1,0]*(-2*a7)
bhabha2pb[0,0,0,1,0,0,0,-1,0]*(2*a3)
bhabha2pb[0,0,0,0,0,0,0,1,0]*(5*a7)
bhabha2pb[0,-1,0,0,0,0,0,0,1]*(-5*a8)
bhabha2pb[0,0,0,0,0,0,0,0,1]*(-5*eta*a8-10*a8)
bhabha2pb[0,0,0,0,0,-1,0,0,1]*(2*a8)

bhabha2pb[0,0,0,0,0,0,0,0,0]*(-3*a3+8*a0-5*a7-3*a8-5*a5+8*a2)
bhabha2pb[1,0,0,-1,0,0,0,0,0]*(-8*a0)
bhabha2pb[1,0,0,0,0,0,0,0,0]*(-56*a0)
bhabha2pb[1,0,0,0,0,0,-1,0,0]*(-8*a0)
bhabha2pb[1,0,0,0,0,0,0,-1,0]*(8*a0)
bhabha2pb[0,-1,0,0,0,1,0,0,0]*(5*a5)
bhabha2pb[0,0,0,0,0,0,0,1,0]*(17*a7)
bhabha2pb[0,0,1,0,0,0,0,0,-1]*(-8*a2)
bhabha2pb[0,0,1,0,0,0,0,0,0]*(-64*a2-8*eta*a2)
bhabha2pb[0,-1,1,0,0,0,0,0,0]*(-8*a2)
bhabha2pb[0,0,1,0,0,-1,0,0,0]*(8*a2)
bhabha2pb[0,0,0,0,0,1,0,0,-1]*(2*a5)
bhabha2pb[-1,0,0,1,0,0,0,0,0]*(3*a3)
bhabha2pb[0,0,0,0,0,0,-1,1,0]*(5*a7)
bhabha2pb[0,0,0,1,0,0,-1,0,0]*(-6*a3)
bhabha2pb[0,0,0,1,0,0,0,-1,0]*(6*a3)
bhabha2pb[0,0,0,1,0,0,0,0,0]*(-24*a3)
bhabha2pb[0,0,-1,0,0,0,0,0,1]*(3*a8)
bhabha2pb[-1,0,0,0,0,0,0,1,0]*(-2*a7)
bhabha2pb[0,-1,0,0,0,0,0,0,1]*(-6*a8)
bhabha2pb[0,0,0,0,0,-1,0,0,1]*(6*a8)
bhabha2pb[0,0,0,0,0,0,0,0,1]*(-6*eta*a8-30*a8)
bhabha2pb[0,0,0,-1,0,0,0,1,0]*(2*a7)
bhabha2pb[0,0,0,0,0,1,0,0,0]*(5*eta*a5+22*a5)
bhabha2pb[0,0,-1,0,0,1,0,0,0]*(-2*a5)

