3 2
5 2
11 3
35 3
7 3
13 3
37 3
26 3
56 3
19 3
49 3
28 3
21 3
74 3
67 3
76 3
69 3
82 3
112 3
84 3
138 3
131 3
140 3
133 3
146 3
148 3
194 3
196 3
259 3
289 3
261 3
273 3
336 3
400 3
43 4
15 4
39 4
45 4
58 4
27 4
51 4
57 4
30 4
60 4
23 4
29 4
53 4
106 4
75 4
99 4
78 4
108 4
71 4
77 4
101 4
90 4
114 4
120 4
83 4
113 4
86 4
92 4
116 4
85 4
170 4
139 4
163 4
142 4
172 4
135 4
141 4
165 4
154 4
178 4
184 4
147 4
177 4
150 4
156 4
180 4
149 4
202 4
226 4
195 4
198 4
204 4
228 4
197 4
210 4
240 4
212 4
267 4
291 4
297 4
263 4
269 4
293 4
282 4
312 4
275 4
281 4
305 4
284 4
277 4
330 4
360 4
323 4
353 4
332 4
325 4
338 4
344 4
368 4
337 4
340 4
394 4
424 4
387 4
417 4
396 4
389 4
402 4
408 4
432 4
401 4
404 4
450 4
480 4
452 4
464 4
47 5
59 5
62 5
31 5
55 5
61 5
107 5
110 5
79 5
103 5
109 5
122 5
91 5
115 5
121 5
94 5
118 5
124 5
87 5
93 5
117 5
171 5
174 5
143 5
167 5
173 5
186 5
155 5
179 5
185 5
158 5
182 5
188 5
151 5
157 5
181 5
234 5
203 5
227 5
206 5
230 5
236 5
199 5
205 5
229 5
218 5
242 5
248 5
211 5
241 5
214 5
220 5
244 5
213 5
299 5
271 5
295 5
301 5
314 5
283 5
307 5
313 5
286 5
316 5
279 5
285 5
309 5
362 5
331 5
355 5
361 5
334 5
364 5
327 5
333 5
357 5
346 5
370 5
376 5
339 5
345 5
369 5
342 5
348 5
372 5
341 5
426 5
395 5
419 5
425 5
398 5
428 5
391 5
397 5
421 5
410 5
434 5
440 5
403 5
409 5
433 5
406 5
412 5
436 5
405 5
458 5
482 5
488 5
451 5
481 5
454 5
460 5
484 5
453 5
466 5
472 5
496 5
465 5
468 5
63 6
111 6
123 6
126 6
95 6
119 6
125 6
175 6
187 6
190 6
159 6
183 6
189 6
235 6
238 6
207 6
231 6
237 6
250 6
219 6
243 6
249 6
222 6
246 6
252 6
215 6
221 6
245 6
303 6
315 6
318 6
287 6
311 6
317 6
363 6
366 6
335 6
359 6
365 6
378 6
347 6
371 6
377 6
350 6
374 6
380 6
343 6
349 6
373 6
427 6
430 6
399 6
423 6
429 6
442 6
411 6
435 6
441 6
414 6
438 6
444 6
407 6
413 6
437 6
490 6
459 6
483 6
489 6
462 6
486 6
492 6
455 6
461 6
485 6
474 6
498 6
504 6
467 6
473 6
497 6
470 6
476 6
500 6
469 6
127 7
191 7
239 7
251 7
254 7
223 7
247 7
253 7
319 7
367 7
379 7
382 7
351 7
375 7
381 7
431 7
443 7
446 7
415 7
439 7
445 7
491 7
494 7
463 7
487 7
493 7
506 7
475 7
499 7
505 7
478 7
502 7
508 7
471 7
477 7
501 7
255 8
383 8
447 8
495 8
507 8
510 8
479 8
503 8
509 8
511 9
