mercedes[1,0,0,0,1,2,1,0,0,0,0,0] # 113
mercedes[1,0,0,0,1,3,1,0,0,0,0,0] # 113
mercedes[1,1,0,0,1,0,1,2,0,0,0,0] # 211
mercedes[1,1,0,0,2,0,1,1,0,0,0,0] # 211
mercedes[1,0,1,0,1,0,2,1,0,0,0,0] # 213
mercedes[1,0,1,0,1,0,1,3,0,0,0,0] # 213
mercedes[1,0,1,0,1,1,1,2,0,0,0,0] # 245
mercedes[1,1,0,0,1,0,0,1,0,0,0,0] # 147
mercedes[1,1,0,0,1,0,0,2,0,0,0,0] # 147
mercedes[1,1,0,0,0,0,1,1,0,0,0,0] # 195
mercedes[0,1,0,0,1,1,0,2,0,0,0,0] # 178
mercedes[0,2,0,0,1,1,0,1,0,0,0,0] # 178
mercedes[0,1,0,0,1,1,0,3,0,0,0,0] # 178
mercedes[0,2,0,0,1,1,0,2,0,0,0,0] # 178
mercedes[1,1,0,0,1,1,1,0,0,0,0,0] # 115
mercedes[1,1,0,0,1,1,2,0,0,0,0,0] # 115
mercedes[1,2,0,0,1,1,1,0,0,0,0,0] # 115
mercedes[1,1,1,0,1,0,0,1,0,0,0,0] # 151
mercedes[1,1,0,0,1,0,2,1,0,0,0,0] # 211
mercedes[1,1,0,0,1,1,0,1,0,0,0,0] # 179
mercedes[1,1,1,0,1,0,1,2,0,0,0,0] # 215
mercedes[1,1,1,0,1,0,2,1,0,0,0,0] # 215
mercedes[1,1,2,0,1,0,1,1,0,0,0,0] # 215
mercedes[1,1,1,0,1,1,0,1,0,0,0,0] # 183
mercedes[1,1,1,0,1,1,0,2,0,0,0,0] # 183
mercedes[1,1,1,0,1,2,0,1,0,0,0,0] # 183
mercedes[1,1,1,0,1,1,1,1,0,0,0,0] # 247
mercedes[1,1,1,0,1,1,1,2,0,0,0,0] # 247
