290 12260785478939447192 6 3
1 5 8 
1 8 5 
5 1 8 
5 8 1 
8 5 1 
8 1 5 

304 2728381371886174304 6 3
4 5 8 
4 8 5 
5 4 8 
5 8 4 
8 5 4 
8 4 5 

322 14590248500468714027 6 3
1 6 8 
1 8 6 
6 1 8 
6 8 1 
8 6 1 
8 1 6 

49 8116465361113029365 2 3
0 4 5 
0 5 4 

336 14860785610888650053 6 3
4 6 8 
4 8 6 
6 4 8 
6 8 4 
8 6 4 
8 4 6 

41 12181634387023615912 2 3
0 3 5 
0 5 3 

25 16551132752359636965 2 3
0 3 4 
0 4 3 

19 2978131671386783366 2 3
0 1 4 
0 4 1 

73 12181634387023615912 2 3
0 3 6 
0 6 3 

276 754205998099296360 6 3
2 4 8 
2 8 4 
4 2 8 
4 8 2 
8 4 2 
8 2 4 

21 9221420326734530397 2 3
0 2 4 
0 4 2 

50 11283220846380389061 2 3
5 4 1 
5 1 4 

35 12015026199554904927 2 3
0 1 5 
0 5 1 

138 6906529405458791006 6 3
1 3 7 
1 7 3 
3 1 7 
3 7 1 
7 3 1 
7 1 3 

37 10631209178388470391 2 3
0 2 5 
0 5 2 

11 16551132752359636965 2 3
0 1 3 
0 3 1 

69 9796564399928171380 2 3
0 2 6 
0 6 2 

13 12181634387023615912 2 3
0 2 3 
0 3 2 

7 6480823807665883548 2 3
0 1 2 
0 2 1 

152 6906529405458791006 6 3
3 4 7 
3 7 4 
4 3 7 
4 7 3 
7 4 3 
7 3 4 

67 2335239036514854884 2 3
0 1 6 
0 6 1 

22 11283220846380389061 2 3
2 1 4 
2 4 1 

81 8957717541549607914 2 3
0 4 6 
0 6 4 

82 11283220846380389061 2 3
6 4 1 
6 1 4 

274 11283220846380389061 2 3
8 4 1 
8 1 4 

97 10631059303007246720 2 3
0 5 6 
0 6 5 

134 14590248500468714027 6 3
1 2 7 
1 7 2 
2 1 7 
2 7 1 
7 2 1 
7 1 2 

146 11283220846380389061 2 3
7 4 1 
7 1 4 

176 13119232308241019096 6 3
4 5 7 
4 7 5 
5 4 7 
5 7 4 
7 5 4 
7 4 5 

280 6906529405458791006 6 3
3 4 8 
3 8 4 
4 3 8 
4 8 3 
8 4 3 
8 3 4 

162 1780203312458342186 6 3
1 5 7 
1 7 5 
5 1 7 
5 7 1 
7 5 1 
7 1 5 

208 754205998099296360 6 3
4 6 7 
4 7 6 
6 4 7 
6 7 4 
7 6 4 
7 4 6 

148 14860785610888650053 6 3
2 4 7 
2 7 4 
4 2 7 
4 7 2 
7 4 2 
7 2 4 

266 6906529405458791006 6 3
1 3 8 
1 8 3 
3 1 8 
3 8 1 
8 3 1 
8 1 3 

