bhabha2pb[0,0,0,0,0,0,0,0,0]*(-a5-a2-a6-2*a3-1/2*a4+d-1/2*a1)
bhabha2pb[0,1,0,-1,0,0,0,0,0]*(-2*a1)
bhabha2pb[0,1,0,0,-1,0,0,0,0]*(1/2*a1)
bhabha2pb[0,0,0,0,0,0,1,0,0]*(a6)
bhabha2pb[0,0,1,-1,0,0,0,0,0]*(-a2)
bhabha2pb[0,0,1,0,0,0,0,0,0]*(a2)
bhabha2pb[0,0,0,-1,0,0,1,0,0]*(-a6)
bhabha2pb[0,-1,0,0,1,0,0,0,0]*(1/2*a4)
bhabha2pb[0,0,0,-1,1,0,0,0,0]*(-2*a4)
bhabha2pb[0,0,0,0,0,1,0,0,0]*(a5)
bhabha2pb[0,0,0,-1,0,1,0,0,0]*(-a5)

bhabha2pb[0,0,0,0,0,0,0,0,0]*(-a0-a7-3/2*a4+d-3/2*a1-a8)
bhabha2pb[1,-1,0,0,0,0,0,0,0]*(-1/2*a0)
bhabha2pb[1,0,0,-1,0,0,0,0,0]*(a0)
bhabha2pb[1,0,0,0,-1,0,0,0,0]*(-1/2*a0)
bhabha2pb[1,0,0,0,0,0,0,0,0]*(a0-eta*a0)
bhabha2pb[0,0,0,0,0,0,0,0,1]*(a8)
bhabha2pb[0,1,0,-1,0,0,0,0,0]*(2*a1)
bhabha2pb[0,1,0,0,-1,0,0,0,0]*(-1/2*a1)
bhabha2pb[0,-1,0,0,1,0,0,0,0]*(-1/2*a4)
bhabha2pb[0,0,0,-1,1,0,0,0,0]*(2*a4)
bhabha2pb[0,0,0,0,-1,0,0,0,1]*(-1/2*a8)
bhabha2pb[0,-1,0,0,0,0,0,1,0]*(-1/2*a7)
bhabha2pb[0,0,0,-1,0,0,0,1,0]*(a7)
bhabha2pb[0,0,0,0,-1,0,0,1,0]*(-1/2*a7)
bhabha2pb[0,0,0,-1,0,0,0,0,1]*(a8)
bhabha2pb[0,0,0,0,0,0,0,1,0]*(a7)
bhabha2pb[0,-1,0,0,0,0,0,0,1]*(-1/2*a8)

bhabha2pb[0,0,0,0,0,0,0,0,0]*(-3/2*a4+3/2*a1)
bhabha2pb[0,1,0,-1,0,0,0,0,0]*(-2*a1)
bhabha2pb[0,1,0,0,-1,0,0,0,0]*(1/2*a1)
bhabha2pb[0,-1,1,0,0,0,0,0,0]*(a2)
bhabha2pb[0,0,1,-1,0,0,0,0,0]*(-a2)
bhabha2pb[0,0,1,0,0,0,0,0,-1]*(-a2)
bhabha2pb[0,0,1,0,0,0,0,0,0]*(a2)
bhabha2pb[0,-1,0,1,0,0,0,0,0]*(1/2*a3)
bhabha2pb[0,0,0,1,-1,0,0,0,0]*(-1/2*a3)
bhabha2pb[0,-1,0,0,1,0,0,0,0]*(-1/2*a4)
bhabha2pb[0,0,0,-1,1,0,0,0,0]*(2*a4)
bhabha2pb[0,0,0,0,0,0,1,0,0]*(a6)
bhabha2pb[-1,0,0,0,0,1,0,0,0]*(-a5)
bhabha2pb[0,-1,0,0,0,1,0,0,0]*(a5)
bhabha2pb[0,0,0,-1,0,1,0,0,0]*(-a5)
bhabha2pb[0,0,0,0,0,1,0,0,0]*(a5-a5*eta)
bhabha2pb[0,-1,0,0,0,0,1,0,0]*(a6)
bhabha2pb[0,0,0,-1,0,0,1,0,0]*(-a6)
bhabha2pb[0,0,0,0,0,0,1,-1,0]*(-a6)

bhabha2pb[0,0,0,0,0,0,0,0,0]*(-a6+a3+1/2*a4-1/2*a1)
bhabha2pb[0,1,0,-1,0,0,0,0,0]*(2*a1)
bhabha2pb[0,1,0,0,-1,0,0,0,0]*(-1/2*a1)
bhabha2pb[0,1,0,0,0,0,-1,0,0]*(-a1)
bhabha2pb[0,1,0,0,0,0,0,-1,0]*(a1)
bhabha2pb[0,0,1,-1,0,0,0,0,0]*(a2)
bhabha2pb[0,0,1,0,0,0,-1,0,0]*(-a2)
bhabha2pb[0,0,1,0,0,0,0,0,0]*(-5*a2)
bhabha2pb[0,0,0,0,0,0,1,0,0]*(-a6)
bhabha2pb[0,0,0,1,0,0,-1,0,0]*(-a3)
bhabha2pb[0,0,0,1,0,0,0,0,0]*(a3)
bhabha2pb[0,-1,0,0,1,0,0,0,0]*(1/2*a4)
bhabha2pb[0,0,0,-1,0,0,1,0,0]*(a6)
bhabha2pb[0,0,0,0,1,0,-1,0,0]*(-a4)
bhabha2pb[0,0,0,0,1,0,0,-1,0]*(-a4)
bhabha2pb[0,0,0,0,1,0,0,0,0]*(2*a4)
bhabha2pb[0,0,0,-1,0,1,0,0,0]*(a5)
bhabha2pb[0,0,0,0,0,1,-1,0,0]*(-a5)
bhabha2pb[0,0,0,0,0,1,0,0,0]*(6*a5)

bhabha2pb[0,0,0,0,0,0,0,0,0]*(-a2+a3+1/2*a4-1/2*a1)
bhabha2pb[0,1,-1,0,0,0,0,0,0]*(-a1)
bhabha2pb[0,1,0,-1,0,0,0,0,0]*(2*a1)
bhabha2pb[0,1,0,0,-1,0,0,0,0]*(-1/2*a1)
bhabha2pb[0,1,0,0,0,0,0,0,-1]*(a1)
bhabha2pb[0,0,0,0,0,0,1,0,0]*(-5*a6)
bhabha2pb[0,0,1,-1,0,0,0,0,0]*(a2)
bhabha2pb[0,0,1,0,0,0,0,0,0]*(-a2)
bhabha2pb[0,0,-1,1,0,0,0,0,0]*(-a3)
bhabha2pb[0,0,0,-1,0,0,1,0,0]*(a6)
bhabha2pb[0,0,0,1,0,0,0,0,0]*(a3)
bhabha2pb[0,-1,0,0,1,0,0,0,0]*(1/2*a4)
bhabha2pb[0,0,-1,0,1,0,0,0,0]*(-a4)
bhabha2pb[0,0,-1,0,0,0,1,0,0]*(-a6)
bhabha2pb[0,0,0,0,1,0,0,0,-1]*(-a4)
bhabha2pb[0,0,0,0,1,0,0,0,0]*(2*a4)
bhabha2pb[0,0,-1,0,0,1,0,0,0]*(-a5)
bhabha2pb[0,0,0,-1,0,1,0,0,0]*(a5)
bhabha2pb[0,0,0,0,0,1,0,0,0]*(4*a5)

bhabha2pb[1,-1,0,0,0,0,0,0,0]*(1/2*a0)
bhabha2pb[1,0,0,-1,0,0,0,0,0]*(a0)
bhabha2pb[1,0,0,0,-1,0,0,0,0]*(-1/2*a0)
bhabha2pb[1,0,0,0,0,-1,0,0,0]*(-a0)
bhabha2pb[1,0,0,0,0,0,0,0,0]*(a0)
bhabha2pb[0,0,0,0,0,0,0,0,0]*(-1/2*a4+1/2*a1)
bhabha2pb[0,1,0,-1,0,0,0,0,0]*(2*a1)
bhabha2pb[0,1,0,0,-1,0,0,0,0]*(-1/2*a1)
bhabha2pb[0,-1,0,0,1,0,0,0,0]*(1/2*a4)
bhabha2pb[0,0,0,-1,1,0,0,0,0]*(-2*a4)
bhabha2pb[0,0,0,0,0,0,0,0,1]*(a8)
bhabha2pb[0,-1,0,0,0,0,0,1,0]*(1/2*a7)
bhabha2pb[0,0,0,-1,0,0,0,1,0]*(a7)
bhabha2pb[0,0,0,0,-1,0,0,1,0]*(-1/2*a7)
bhabha2pb[0,0,0,0,0,0,-1,1,0]*(-a7)
bhabha2pb[0,0,0,0,0,0,0,1,0]*(a7)
bhabha2pb[0,-1,0,0,0,0,0,0,1]*(1/2*a8)
bhabha2pb[0,0,-1,0,0,0,0,0,1]*(-a8)
bhabha2pb[0,0,0,-1,0,0,0,0,1]*(a8)
bhabha2pb[0,0,0,0,-1,0,0,0,1]*(-1/2*a8)

bhabha2pb[-1,1,0,0,0,0,0,0,0]*(a1)
bhabha2pb[0,0,0,0,0,0,0,0,0]*(-a5+a3+1/2*a4-1/2*a1)
bhabha2pb[0,1,0,-1,0,0,0,0,0]*(2*a1)
bhabha2pb[0,1,0,0,-1,0,0,0,0]*(-1/2*a1)
bhabha2pb[0,1,0,0,0,-1,0,0,0]*(-a1)
bhabha2pb[0,1,0,0,0,0,0,0,0]*(eta*a1)
bhabha2pb[0,0,1,-1,0,0,0,0,0]*(a2)
bhabha2pb[0,0,1,0,0,-1,0,0,0]*(-a2)
bhabha2pb[0,0,1,0,0,0,0,0,0]*(4*a2)
bhabha2pb[0,0,0,0,0,0,1,0,0]*(6*a6)
bhabha2pb[0,0,0,1,0,-1,0,0,0]*(-a3)
bhabha2pb[0,0,0,1,0,0,0,0,0]*(a3)
bhabha2pb[-1,0,0,0,1,0,0,0,0]*(-a4)
bhabha2pb[0,-1,0,0,1,0,0,0,0]*(1/2*a4)
bhabha2pb[0,0,0,0,0,-1,1,0,0]*(-a6)
bhabha2pb[0,0,0,0,1,-1,0,0,0]*(-a4)
bhabha2pb[0,0,0,0,1,0,0,0,0]*(-eta*a4+2*a4)
bhabha2pb[0,0,0,-1,0,1,0,0,0]*(a5)
bhabha2pb[0,0,0,-1,0,0,1,0,0]*(a6)
bhabha2pb[0,0,0,0,0,1,0,0,0]*(-a5)

bhabha2pb[1,-1,0,0,0,0,0,0,0]*(1/2*a0)
bhabha2pb[1,0,0,-1,0,0,0,0,0]*(-a0)
bhabha2pb[1,0,0,0,-1,0,0,0,0]*(1/2*a0)
bhabha2pb[1,0,0,0,0,0,0,-1,0]*(-a0)
bhabha2pb[1,0,0,0,0,0,0,0,0]*(6*a0)
bhabha2pb[0,0,0,0,0,0,0,0,0]*(-a7+1/2*a4+1/2*a1)
bhabha2pb[0,1,0,-1,0,0,0,0,0]*(-2*a1)
bhabha2pb[0,1,0,0,-1,0,0,0,0]*(1/2*a1)
bhabha2pb[0,1,0,0,0,0,-1,0,0]*(a1)
bhabha2pb[0,1,0,0,0,0,0,-1,0]*(-a1)
bhabha2pb[0,-1,0,0,1,0,0,0,0]*(1/2*a4)
bhabha2pb[0,0,0,0,0,0,0,0,1]*(-5*a8)
bhabha2pb[0,0,0,0,1,0,-1,0,0]*(-a4)
bhabha2pb[0,0,0,0,1,0,0,-1,0]*(-a4)
bhabha2pb[0,0,0,0,1,0,0,0,0]*(2*a4)
bhabha2pb[0,-1,0,0,0,0,0,1,0]*(1/2*a7)
bhabha2pb[0,0,0,-1,0,0,0,1,0]*(-a7)
bhabha2pb[0,0,0,0,-1,0,0,1,0]*(1/2*a7)
bhabha2pb[0,0,0,0,0,0,0,-1,1]*(-a8)
bhabha2pb[0,0,0,0,0,0,0,1,0]*(-a7)
bhabha2pb[0,-1,0,0,0,0,0,0,1]*(1/2*a8)
bhabha2pb[0,0,0,-1,0,0,0,0,1]*(-a8)
bhabha2pb[0,0,0,0,-1,0,0,0,1]*(1/2*a8)

bhabha2pb[1,-1,0,0,0,0,0,0,0]*(1/2*a0)
bhabha2pb[1,0,0,-1,0,0,0,0,0]*(-a0)
bhabha2pb[1,0,0,0,-1,0,0,0,0]*(1/2*a0)
bhabha2pb[1,0,0,0,0,0,0,0,-1]*(-a0)
bhabha2pb[1,0,0,0,0,0,0,0,0]*(4*a0)
bhabha2pb[0,0,0,0,0,0,0,0,0]*(1/2*a4+1/2*a1-a8)
bhabha2pb[0,1,-1,0,0,0,0,0,0]*(a1)
bhabha2pb[0,1,0,-1,0,0,0,0,0]*(-2*a1)
bhabha2pb[0,1,0,0,-1,0,0,0,0]*(1/2*a1)
bhabha2pb[0,1,0,0,0,0,0,0,-1]*(-a1)
bhabha2pb[0,-1,0,0,1,0,0,0,0]*(1/2*a4)
bhabha2pb[0,0,-1,0,1,0,0,0,0]*(-a4)
bhabha2pb[0,0,0,0,0,0,0,0,1]*(-a8)
bhabha2pb[0,0,0,0,1,0,0,0,-1]*(-a4)
bhabha2pb[0,0,0,0,1,0,0,0,0]*(2*a4)
bhabha2pb[0,-1,0,0,0,0,0,1,0]*(1/2*a7)
bhabha2pb[0,0,0,-1,0,0,0,1,0]*(-a7)
bhabha2pb[0,0,0,0,-1,0,0,1,0]*(1/2*a7)
bhabha2pb[0,0,0,0,0,0,0,1,-1]*(-a7)
bhabha2pb[0,0,0,0,0,0,0,1,0]*(-5*a7)
bhabha2pb[0,-1,0,0,0,0,0,0,1]*(1/2*a8)
bhabha2pb[0,0,0,-1,0,0,0,0,1]*(-a8)
bhabha2pb[0,0,0,0,-1,0,0,0,1]*(1/2*a8)

bhabha2pb[0,0,0,0,0,0,0,0,0]*(-a0+1/2*a4+1/2*a1)
bhabha2pb[1,-1,0,0,0,0,0,0,0]*(1/2*a0)
bhabha2pb[1,0,0,-1,0,0,0,0,0]*(-a0)
bhabha2pb[1,0,0,0,-1,0,0,0,0]*(1/2*a0)
bhabha2pb[1,0,0,0,0,0,0,0,0]*(-a0-eta*a0)
bhabha2pb[-1,1,0,0,0,0,0,0,0]*(-a1)
bhabha2pb[0,0,0,0,0,0,0,0,1]*(4*a8-eta*a8)
bhabha2pb[0,1,0,-1,0,0,0,0,0]*(-2*a1)
bhabha2pb[0,1,0,0,-1,0,0,0,0]*(1/2*a1)
bhabha2pb[0,1,0,0,0,-1,0,0,0]*(a1)
bhabha2pb[0,1,0,0,0,0,0,0,0]*(-eta*a1)
bhabha2pb[-1,0,0,0,1,0,0,0,0]*(-a4)
bhabha2pb[0,-1,0,0,1,0,0,0,0]*(1/2*a4)
bhabha2pb[0,0,0,0,-1,0,0,0,1]*(1/2*a8)
bhabha2pb[0,0,0,0,1,-1,0,0,0]*(-a4)
bhabha2pb[0,0,0,0,1,0,0,0,0]*(-eta*a4+2*a4)
bhabha2pb[-1,0,0,0,0,0,0,1,0]*(-a7)
bhabha2pb[0,-1,0,0,0,0,0,1,0]*(1/2*a7)
bhabha2pb[0,0,0,-1,0,0,0,1,0]*(-a7)
bhabha2pb[0,0,0,0,-1,0,0,1,0]*(1/2*a7)
bhabha2pb[0,0,0,0,0,0,0,1,0]*(-eta*a7+6*a7)
bhabha2pb[-1,0,0,0,0,0,0,0,1]*(-a8)
bhabha2pb[0,-1,0,0,0,0,0,0,1]*(1/2*a8)
bhabha2pb[0,0,0,-1,0,0,0,0,1]*(-a8)

