505 3188528828267946978 1 7
8 3 0 7 5 4 6 

491 6797744030153847994 1 7
8 1 3 0 7 5 6 

493 17046488495702713391 1 7
8 3 0 2 7 5 6 

443 13670987452299257908 1 7
8 7 5 4 1 3 0 

445 55798848424603154 1 7
8 3 2 0 7 5 4 

494 4149628288021635765 4 7
8 3 1 2 5 7 6 
8 5 7 6 3 1 2 
8 7 5 6 1 3 2 
8 1 3 2 7 5 6 

431 1813777951716965355 1 7
8 5 7 3 1 0 2 

506 15466953333289021642 1 7
8 3 1 5 7 4 6 

508 2967583873110630567 1 7
8 3 2 7 5 4 6 

446 3251006265909189345 1 7
8 7 5 4 1 3 2 

379 19411854085990045 1 7
8 5 4 6 1 3 0 

381 4637283312160731901 1 7
8 3 2 0 5 4 6 

367 16269554494475119760 1 7
8 5 6 1 3 0 2 

319 15700458750449842677 1 7
8 5 4 1 3 2 0 

253 3176100494563151351 1 7
3 0 2 7 5 4 6 

382 18127030017520502165 1 7
8 5 4 6 1 3 2 

251 1714421569403313339 1 7
1 3 0 7 5 4 6 

239 14391941554812874224 2 7
5 7 6 1 3 0 2 
7 5 6 1 3 0 2 

254 9172682221036765585 2 7
1 3 2 7 5 4 6 
3 1 2 7 5 4 6 

191 2179753013294673452 1 7
7 5 4 1 3 0 2 

127 4467271541380024063 2 7
5 4 6 1 3 0 2 
5 6 4 1 3 0 2 

501 590770639087877711 1 7
8 2 0 7 5 4 6 

499 17009650584966575926 1 7
8 1 0 5 7 4 6 

487 12187431803439421992 1 7
8 1 0 2 5 7 6 

439 6146965131964897477 1 7
8 1 2 0 5 7 4 

375 1289533781306767547 1 7
8 1 2 0 5 4 6 

502 2970955916022937084 1 7
8 1 2 5 7 4 6 

247 14983489504065890472 1 7
1 0 2 7 5 4 6 

475 3900840954660869816 1 7
8 7 4 6 3 1 0 

477 10056841744041927063 1 7
8 3 2 0 7 4 6 

415 3077861379037460830 1 7
8 7 4 3 1 2 0 

463 11425511102336581401 1 7
8 7 6 3 1 0 2 

471 3141098908935342954 1 7
8 1 2 0 7 4 6 

351 201361466661167788 1 7
8 4 6 3 1 2 0 

478 1020004434921262991 1 7
8 7 4 6 3 1 2 

223 13844309298405975365 1 7
7 4 6 1 3 0 2 

489 8850563803846895508 1 6
8 3 0 7 5 6 

441 13420978260386024200 1 6
8 3 0 7 5 4 

427 8147167952713052683 1 6
8 5 7 3 1 0 

429 7956851037185350989 1 6
8 7 5 3 0 2 

490 5463135842552043650 2 6
8 3 1 5 7 6 
8 1 3 7 5 6 

504 13367584301549009580 1 6
3 8 7 5 4 6 

492 10981284032893263408 1 6
8 3 2 7 5 6 

430 5463135842552043650 2 6
8 5 7 3 1 2 
8 7 5 1 3 2 

442 14117637469262545471 1 6
8 3 1 5 7 4 

444 7556524124660942065 1 6
8 3 2 7 5 4 

377 10028675941540951669 1 6
8 3 0 5 4 6 

363 10617133069629320720 1 6
8 5 6 1 3 0 

365 17577754874830605892 1 6
8 5 6 3 0 2 

315 3098339725805567272 1 6
8 5 4 1 3 0 

317 13326087633792480760 1 6
8 5 4 3 2 0 

303 7688228248067513069 1 6
5 8 1 3 0 2 

378 8953116929568170435 1 6
8 1 3 5 4 6 

380 14140043333891065649 1 6
8 3 2 5 4 6 

366 10981284032893263408 1 6
8 5 6 1 3 2 

318 15628984469286007111 1 6
8 5 4 1 3 2 

235 7461840035880049889 2 6
1 3 0 5 7 6 
1 3 0 7 5 6 

249 8372437290029167919 1 6
3 0 7 5 4 6 

237 18240357053763366377 2 6
3 0 2 5 7 6 
3 0 2 7 5 6 

238 13873251213657616107 8 6
1 3 2 5 7 6 
1 3 2 7 5 6 
3 1 2 5 7 6 
3 1 2 7 5 6 
5 7 6 1 3 2 
5 7 6 3 1 2 
7 5 6 3 1 2 
7 5 6 1 3 2 

189 17380976043310288886 1 6
3 0 2 7 5 4 

187 2483566103411578582 1 6
7 5 4 1 3 0 

175 4214990134038832351 2 6
5 7 1 3 0 2 
7 5 1 3 0 2 

250 15366114782198311000 2 6
1 3 7 5 4 6 
3 1 7 5 4 6 

252 15377213930893413220 1 6
3 2 7 5 4 6 

190 15897027228049360416 2 6
7 5 4 3 1 2 
7 5 4 1 3 2 

123 13388442472690886987 2 6
5 4 6 1 3 0 
5 6 4 1 3 0 

125 5107635607377879987 2 6
3 0 2 5 4 6 
3 0 2 5 6 4 

111 2829633234829038221 1 6
5 6 1 3 0 2 

126 13123408727682790575 4 6
5 4 6 1 3 2 
5 4 6 3 1 2 
5 6 4 3 1 2 
5 6 4 1 3 2 

63 2829633234829038221 1 6
5 4 1 3 0 2 

497 5930698758123488150 1 6
0 8 7 5 4 6 

485 8619298577060488433 1 6
8 0 2 5 7 6 

483 5327048536997558129 1 6
8 1 0 5 7 6 

437 5252138841319584965 1 6
8 2 0 7 5 4 

435 5435274073813811230 1 6
8 1 0 5 7 4 

423 1480441395754933335 1 6
8 5 7 1 0 2 

500 9345220652717770923 2 6
2 8 7 5 4 6 
8 2 7 5 4 6 

498 2957541135712920571 1 6
1 8 5 7 4 6 

438 11906403126014346780 1 6
8 1 2 5 7 4 

486 10981284032893263408 1 6
8 1 2 5 7 6 

371 4445911335597796333 1 6
8 1 0 5 4 6 

373 14827855895249621581 1 6
8 2 0 5 4 6 

311 6798946673245642997 1 6
8 5 4 1 2 0 

359 11762750602022439148 1 6
8 5 6 1 0 2 

374 8277200859855801599 1 6
8 1 2 5 4 6 

231 17309161198964025894 2 6
1 0 2 5 7 6 
1 0 2 7 5 6 

243 9055300734071965743 1 6
1 0 7 5 4 6 

245 15141404133429279689 1 6
0 2 7 5 4 6 

183 2708374323076710950 1 6
1 0 2 7 5 4 

473 17467119719605686480 1 6
8 3 0 7 4 6 

246 15377213930893413220 1 6
1 2 7 5 4 6 

119 570830747159777736 2 6
1 0 2 5 4 6 
1 0 2 5 6 4 

461 12533320432753736516 1 6
8 7 6 3 0 2 

459 1499215940745357041 1 6
8 7 6 3 1 0 

413 3452104361542173809 1 6
8 7 4 3 2 0 

411 6790850528981129951 1 6
8 7 4 3 1 0 

399 18049451526997399486 1 6
7 8 3 1 0 2 

474 8898674857064432243 1 6
8 3 1 7 4 6 

476 16916162718668162450 1 6
8 3 2 7 4 6 

462 10981284032893263408 1 6
8 7 6 3 1 2 

414 1687902914049680690 1 6
8 7 4 3 1 2 

347 10924393343830380661 1 6
8 4 6 3 1 0 

349 1117159858387059547 1 6
8 4 6 3 2 0 

335 5444706060603801924 2 6
6 8 1 3 0 2 
8 6 1 3 0 2 

287 11499318157606695343 2 6
4 8 3 1 2 0 
8 4 3 1 2 0 

221 16568307501747676773 1 6
3 0 2 7 4 6 

350 4829422404602920210 1 6
8 4 6 3 1 2 

219 14834571812734375196 1 6
7 4 6 1 3 0 

207 2829633234829038221 1 6
7 6 1 3 0 2 

222 5457711025663558523 2 6
7 4 6 3 1 2 
7 4 6 1 3 2 

159 7502662905088185126 1 6
7 4 1 3 0 2 

95 11169255158604083036 2 6
4 6 1 3 0 2 
6 4 1 3 0 2 

467 11606681022065209222 1 6
8 1 0 7 4 6 

469 788899174583001892 1 6
8 2 0 7 4 6 

455 15124642425816276323 1 6
8 7 6 1 0 2 

407 1740003219577340064 1 6
8 7 4 1 2 0 

343 8913067843381169331 1 6
8 4 6 1 2 0 

215 3672049132892681079 1 6
1 0 2 7 4 6 

470 8698447382172628952 1 6
8 1 2 7 4 6 

426 6628938596337911844 4 5
8 3 1 5 7 
8 5 7 3 1 
8 7 5 1 3 
8 1 3 7 5 

425 16619039839190997038 1 5
8 3 0 7 5 

488 8864210113736955336 1 5
3 8 7 5 6 

440 14888397784521384839 1 5
3 8 7 5 4 

428 6112701962418042987 1 5
8 3 2 7 5 

361 17517502931434089382 1 5
8 5 6 3 0 

313 17122578871586984912 1 5
8 3 0 5 4 

301 465374961130196699 1 5
5 8 3 0 2 

299 4885081181935089090 1 5
5 8 1 3 0 

376 751547548725014587 1 5
3 8 5 4 6 

364 17385812837556256972 2 5
8 3 2 5 6 
8 5 6 3 2 

362 6112701962418042987 1 5
8 5 6 1 3 

316 3114239447742403246 1 5
8 3 2 5 4 

314 4798534872612045779 1 5
8 5 4 1 3 

302 8864210113736955336 1 5
5 8 1 3 2 

171 7596601827892803667 2 5
5 7 1 3 0 
7 5 1 3 0 

173 4923137599772771181 2 5
5 7 3 0 2 
7 5 3 0 2 

233 14880901480149107100 2 5
3 0 5 7 6 
3 0 7 5 6 

185 9809337842270267750 1 5
3 0 7 5 4 

354 12159194040976764615 1 4
1 8 5 6 

97 7494945109137904594 1 3
0 5 6 

306 12159194040976764615 1 4
1 8 5 4 

49 7494945109137904594 1 3
0 5 4 

113 10156283576868251825 2 4
0 5 4 6 
0 5 6 4 

370 3440356624299248035 2 5
1 8 5 6 4 
1 8 5 4 6 

226 10053138311143861269 2 4
1 5 7 6 
1 7 5 6 

99 1991860458353327362 1 4
1 0 5 6 

356 6925972535638963533 2 4
2 8 5 6 
8 2 5 6 

101 5326219208801447788 1 4
5 6 0 2 

358 4729197768228215044 2 5
8 5 6 1 2 
8 1 2 5 6 

53 5326219208801447788 1 4
5 4 0 2 

310 4986282704383461797 2 5
8 5 4 1 2 
8 1 2 5 4 

178 9277465094035928717 1 4
1 7 5 4 

51 1991860458353327362 1 4
1 0 5 4 

308 6534630873780932037 2 4
2 8 5 4 
8 2 5 4 

166 13820943856998691373 2 4
1 2 5 7 
1 2 7 5 

39 8708253243950810076 1 4
5 1 0 2 

296 12533917308045192969 2 3
3 5 8 
5 3 8 

102 15406660600063173003 2 4
1 2 5 6 
5 6 1 2 

114 18446051609787146811 2 4
1 5 4 6 
1 5 6 4 

54 15406660600063173003 2 4
1 2 5 4 
5 4 1 2 

330 5355830797773317644 4 4
6 8 1 3 
6 8 3 1 
8 6 3 1 
8 6 1 3 

332 6925972535638963533 2 4
6 8 3 2 
8 6 3 2 

282 10934513306054177064 2 4
4 8 3 1 
8 4 3 1 

284 10983409412583460812 2 4
4 8 3 2 
8 4 3 2 

393 6910590244647526366 1 4
7 8 3 0 

136 17087753756477223945 2 2
3 7 
7 3 

139 4455355495040183919 1 4
7 1 3 0 

396 12159194040976764615 1 4
7 8 3 2 

141 11491910491676831434 1 4
7 3 0 2 

398 8864210113736955336 1 5
7 8 3 1 2 

204 15406660600063173003 2 4
3 2 7 6 
7 6 3 2 

456 12159194040976764615 1 4
3 8 7 6 

199 4666776489622703661 1 5
7 6 1 0 2 

329 13310415149031243454 2 4
6 8 3 0 
8 6 3 0 

202 13820943856998691373 2 4
7 6 3 1 
7 6 1 3 

156 13796289709583244209 1 4
7 4 3 2 

408 2938128104864643238 1 4
3 8 7 4 

151 11936667596733289543 1 5
7 4 1 0 2 

281 10780783315795359104 2 4
4 8 3 0 
8 4 3 0 

154 3692474826677755966 2 4
7 4 3 1 
7 4 1 3 

344 5259602734877291098 1 4
3 8 4 6 

87 9833677823810947533 2 5
4 6 1 0 2 
6 4 1 0 2 

90 3467906126263243703 4 4
1 3 4 6 
1 3 6 4 
3 1 4 6 
3 1 6 4 

216 7829362263272743145 1 4
3 7 4 6 

89 8314806872850559120 2 4
3 0 4 6 
3 0 6 4 

346 4955115016300365978 1 5
8 3 1 4 6 

142 10053138311143861269 2 4
7 3 1 2 
7 1 3 2 

92 1226238002688797454 2 4
3 2 4 6 
3 2 6 4 

450 5655568875390600688 1 4
1 8 7 6 

193 7494945109137904594 1 3
0 7 6 

323 12632494641120611231 2 4
6 8 1 0 
8 6 1 0 

402 12350803096133043051 1 4
1 8 7 4 

145 348234960420479306 1 3
0 7 4 

275 13322447601636986092 2 4
4 8 1 0 
8 4 1 0 

326 6925972535638963533 2 4
6 8 1 2 
8 6 1 2 

338 12423888041580094999 2 4
1 8 6 4 
1 8 4 6 

81 16238170326421577624 2 3
0 4 6 
0 6 4 

278 6534630873780932037 2 4
4 8 1 2 
8 4 1 2 

197 5326219208801447788 1 4
7 6 0 2 

454 17385812837556256972 2 5
8 7 6 1 2 
8 1 2 7 6 

200 11149028268085365730 1 3
3 7 6 

457 6581138338541968489 1 5
8 7 6 3 0 

209 1042218917371039826 1 4
0 7 4 6 

466 3991372186182058657 1 5
1 8 7 4 6 

82 2849805779172057352 2 3
1 4 6 
1 6 4 

339 14807138663778081846 1 5
8 1 0 4 6 

152 6486448604913209494 1 3
3 7 4 

409 2624628288021123121 1 5
8 7 4 3 0 

201 642027618741501010 1 4
7 6 3 0 

458 6112701962418042987 1 5
8 7 6 3 1 

328 10706753935364593016 2 3
3 6 8 
3 8 6 

33 7761248114875356858 1 2
5 0 

290 3519693191574693728 2 3
1 5 8 
5 1 8 

386 12533917308045192969 2 3
1 7 8 
7 1 8 

129 7761248114875356858 1 2
7 0 

404 11040515184548072519 2 4
2 8 7 4 
8 2 7 4 

147 13261052513647126410 1 4
7 4 1 0 

277 677175387770948121 2 4
4 8 2 0 
8 4 2 0 

150 13796289709583244209 1 4
7 4 1 2 

85 11663792654072385757 2 4
4 6 0 2 
6 4 0 2 

342 4523456793197455322 1 5
8 1 2 4 6 

37 9211765535382366416 1 3
5 0 2 

294 12159194040976764615 1 4
5 8 1 2 

449 7113798672884883605 1 4
0 8 7 6 

195 1991860458353327362 1 4
1 0 7 6 

452 6925972535638963533 2 4
2 8 7 6 
8 2 7 6 

322 10706753935364593016 2 3
1 6 8 
1 8 6 

340 5511271049085206704 2 4
2 8 4 6 
8 2 4 6 

83 18238762625694272472 2 4
1 0 4 6 
1 0 6 4 

86 1226238002688797454 2 4
1 2 4 6 
1 2 6 4 

388 10706753935364593016 2 3
7 2 8 
7 8 2 

131 14387733495235990617 1 3
7 1 0 

134 11149028268085365730 1 3
7 1 2 

391 9354106724151200573 1 5
7 8 1 0 2 

130 17087753756477223945 2 2
1 7 
7 1 

387 15181161705339074021 1 4
7 8 1 0 

138 13757397901010577912 2 3
7 3 1 
7 1 3 

395 2397703938332228131 1 5
7 8 3 1 0 

392 3519693191574693728 2 3
3 7 8 
7 3 8 

135 8708253243950810076 1 4
7 1 0 2 

321 15755760776956737630 2 3
0 6 8 
0 8 6 

194 11149028268085365730 1 3
1 7 6 

451 4692996450246890273 1 5
8 1 0 7 6 

389 5842714191572498240 1 4
7 8 0 2 

390 5655568875390600688 1 4
7 8 1 2 

133 9211765535382366416 1 3
7 0 2 

40 17087753756477223945 2 2
3 5 
5 3 

297 15596996172812635960 1 4
5 8 3 0 

149 15257715580089509540 1 4
7 4 0 2 

406 7654937521476681339 1 5
8 7 4 1 2 

276 13119232308241019096 6 3
2 4 8 
2 8 4 
4 2 8 
4 8 2 
8 4 2 
8 2 4 

385 5401978137556147473 1 3
7 0 8 

394 3076150627041304599 1 4
7 8 3 1 

137 17037133419462856660 1 3
7 3 0 

140 11149028268085365730 1 3
7 3 2 

397 5911490188886433272 1 5
7 8 3 0 2 

88 2849805779172057352 2 3
3 4 6 
3 6 4 

345 10537662882024715784 1 5
8 3 0 4 6 

401 17397062142323071853 1 4
0 8 7 4 

274 10706753935364593016 2 3
1 4 8 
1 8 4 

273 16878537973128809433 2 3
0 4 8 
0 8 4 

146 6486448604913209494 1 3
1 7 4 

403 8472645624447344993 1 5
8 7 4 1 0 

153 12086732060303519647 1 4
7 4 3 0 

410 422128103963081057 1 5
8 7 4 3 1 

280 2512533711646785065 2 3
3 4 8 
3 8 4 

44 11149028268085365730 1 3
5 3 2 

177 5045265187510630256 1 4
0 7 5 4 

434 14435150392546023607 1 5
1 8 5 7 4 

50 11149028268085365730 1 3
1 5 4 

307 4388674965475816415 1 5
8 1 0 5 4 

225 2675019503760937546 2 4
0 5 7 6 
0 7 5 6 

482 8864210113736955336 1 5
1 8 5 7 6 

98 11149028268085365730 1 3
1 5 6 

355 9647475139136421630 1 5
8 1 0 5 6 

34 17087753756477223945 2 2
1 5 
5 1 

291 16726348032574652929 1 4
5 8 1 0 

161 17584711691015959339 2 3
0 5 7 
0 7 5 

418 3076150627041304599 1 4
1 8 5 7 

165 4419479101832895463 2 4
5 7 0 2 
7 5 0 2 

422 6112701962418042987 1 5
8 1 2 5 7 

38 11149028268085365730 1 3
5 1 2 

295 6205381454997156369 1 5
5 8 1 0 2 

292 10706753935364593016 2 3
5 2 8 
5 8 2 

35 14387733495235990617 1 3
5 1 0 

56 11149028268085365730 1 3
3 5 4 

163 1612291508792466898 2 4
1 0 5 7 
1 0 7 5 

420 5355830797773317644 4 4
2 8 7 5 
2 8 5 7 
8 2 7 5 
8 2 5 7 

162 13757397901010577912 2 3
1 5 7 
1 7 5 

419 7820583665874674670 1 5
8 1 0 5 7 

289 10596927269057759021 1 3
5 0 8 

104 11149028268085365730 1 3
3 5 6 

168 13757397901010577912 2 3
3 5 7 
3 7 5 

41 17037133419462856660 1 3
5 3 0 

298 3076150627041304599 1 4
5 8 1 3 

42 13757397901010577912 2 3
5 3 1 
5 1 3 

337 2454787330355267638 1 4
0 8 4 6 

210 7829362263272743145 1 4
1 7 4 6 

325 4564322407895502658 2 4
6 8 0 2 
8 6 0 2 

198 15406660600063173003 2 4
1 2 7 6 
7 6 1 2 

353 17923151392382436567 1 4
0 8 5 6 

305 16487890870665194988 1 4
0 8 5 4 

293 16081471976826766538 1 4
5 8 0 2 

417 18380590811629405605 1 4
0 8 5 7 

46 10053138311143861269 2 4
5 3 1 2 
5 1 3 2 

58 13820943856998691373 2 4
5 4 3 1 
5 4 1 3 

60 15406660600063173003 2 4
3 2 5 4 
5 4 3 2 

108 15406660600063173003 2 4
3 2 5 6 
5 6 3 2 

106 13820943856998691373 2 4
5 6 1 3 
5 6 3 1 

120 18446051609787146811 2 4
3 5 4 6 
3 5 6 4 

43 4455355495040183919 1 4
5 1 3 0 

300 5655568875390600688 1 4
5 8 3 2 

45 11491910491676831434 1 4
5 3 0 2 

57 642027618741501010 1 4
5 4 3 0 

105 642027618741501010 1 4
5 6 3 0 

184 9277465094035928717 1 4
3 7 5 4 

172 13820943856998691373 2 4
3 2 5 7 
3 2 7 5 

232 10053138311143861269 2 4
3 5 7 6 
3 7 5 6 

169 2626874533958209789 2 4
3 0 5 7 
3 0 7 5 

312 9355734335757152917 1 4
3 8 5 4 

55 4666776489622703661 1 5
5 4 1 0 2 

360 5655568875390600688 1 4
3 8 5 6 

103 4666776489622703661 1 5
5 6 1 0 2 

170 8344907997672176582 8 4
1 3 5 7 
1 3 7 5 
3 1 5 7 
3 1 7 5 
5 7 1 3 
5 7 3 1 
7 5 3 1 
7 5 1 3 

424 3076150627041304599 1 4
3 8 7 5 

167 10605916814092455608 2 5
5 7 1 0 2 
7 5 1 0 2 

214 9185396447271486135 1 5
1 2 7 4 6 

211 14735037896917902542 1 5
1 0 7 4 6 

468 16192161869655134988 2 5
2 8 7 4 6 
8 2 7 4 6 

213 5847706477467784 1 5
0 2 7 4 6 

341 17744600660750900577 1 5
8 4 6 2 0 

327 8526535942821890344 2 5
6 8 1 0 2 
8 6 1 0 2 

279 11205715813597240287 2 5
4 8 1 2 0 
8 4 1 2 0 

405 14522006004683724160 1 5
8 7 4 2 0 

453 13579970787889452748 1 5
8 7 6 0 2 

465 15729942852643193025 1 5
0 8 7 4 6 

94 8313509446800806773 4 5
4 6 3 1 2 
4 6 1 3 2 
6 4 3 1 2 
6 4 1 3 2 

91 13699288843864297735 2 5
4 6 1 3 0 
6 4 1 3 0 

348 5329647126572027809 1 5
8 3 2 4 6 

158 3574761383850916089 2 5
7 4 3 1 2 
7 4 1 3 2 

93 11392882275885920533 2 5
4 6 3 0 2 
6 4 3 0 2 

206 9269427458993142057 2 5
7 6 3 1 2 
7 6 1 3 2 

220 9185396447271486135 1 5
3 2 7 4 6 

143 14312946597617134024 1 5
7 1 3 0 2 

218 14672554999018763087 2 5
1 3 7 4 6 
3 1 7 4 6 

155 14819470268518935339 1 5
7 4 1 3 0 

412 9521916541156677835 1 5
8 7 4 3 2 

157 5148610788061694670 1 5
7 4 3 0 2 

203 16791708211661707684 1 5
7 6 1 3 0 

460 4729197768228215044 2 5
8 3 2 7 6 
8 7 6 3 2 

205 4000662492424156840 1 5
7 6 3 0 2 

217 11115103737340532546 1 5
3 0 7 4 6 

286 13611894930306785151 2 5
4 8 3 1 2 
8 4 3 1 2 

334 14529235964774334673 4 5
6 8 3 1 2 
6 8 1 3 2 
8 6 3 1 2 
8 6 1 3 2 

283 4584998121321997505 2 5
4 8 3 1 0 
8 4 3 1 0 

285 9399798281877492231 2 5
4 8 3 2 0 
8 4 3 2 0 

333 10266091627485979376 2 5
6 8 3 0 2 
8 6 3 0 2 

331 14485112061541203509 2 5
6 8 1 3 0 
8 6 1 3 0 

472 6884841987915886819 1 5
3 8 7 4 6 

118 8199278229739520409 2 5
1 2 5 4 6 
1 2 5 6 4 

117 11562058939750281063 2 5
0 2 5 4 6 
0 2 5 6 4 

115 13653162664908846056 2 5
1 0 5 4 6 
1 0 5 6 4 

372 10145090123794274755 2 5
2 8 5 4 6 
8 2 5 4 6 

182 14642727359438366521 1 5
1 2 7 5 4 

242 3768586181554217947 1 5
1 7 5 4 6 

230 9269427458993142057 2 5
1 2 5 7 6 
1 2 7 5 6 

181 59696320446630803 1 5
0 2 7 5 4 

179 2796545677081137923 1 5
1 0 7 5 4 

436 9915829282233652172 2 5
2 8 7 5 4 
8 2 7 5 4 

227 17822430451621666491 2 5
1 0 5 7 6 
1 0 7 5 6 

484 14529235964774334673 4 5
2 8 7 5 6 
2 8 5 7 6 
8 2 7 5 6 
8 2 5 7 6 

241 6410328345099464902 1 5
0 7 5 4 6 

229 5457182770645725633 2 5
0 2 5 7 6 
0 2 7 5 6 

309 3194217705453640916 1 5
8 5 4 2 0 

357 15300226155891412629 1 5
8 5 6 0 2 

369 8696207642787250681 1 5
0 8 5 4 6 

421 7271778819609034029 1 5
8 5 7 0 2 

433 11594769680792576535 1 5
0 8 7 5 4 

481 3321113953589544659 1 5
0 8 5 7 6 

62 9269427458993142057 2 5
5 4 3 1 2 
5 4 1 3 2 

110 9269427458993142057 2 5
5 6 3 1 2 
5 6 1 3 2 

124 8199278229739520409 2 5
3 2 5 4 6 
3 2 5 6 4 

47 14312946597617134024 1 5
5 1 3 0 2 

122 15537182048570953679 4 5
1 3 5 4 6 
1 3 5 6 4 
3 1 5 4 6 
3 1 5 6 4 

59 16791708211661707684 1 5
5 4 1 3 0 

61 4000662492424156840 1 5
5 4 3 0 2 

109 4000662492424156840 1 5
5 6 3 0 2 

107 16791708211661707684 1 5
5 6 1 3 0 

121 9115916063553349924 2 5
3 0 5 4 6 
3 0 5 6 4 

188 14642727359438366521 1 5
3 2 7 5 4 

174 650495823012325553 4 5
5 7 3 1 2 
5 7 1 3 2 
7 5 3 1 2 
7 5 1 3 2 

186 12996826484762197726 2 5
1 3 7 5 4 
3 1 7 5 4 

236 9269427458993142057 2 5
3 2 5 7 6 
3 2 7 5 6 

234 650495823012325553 4 5
1 3 5 7 6 
1 3 7 5 6 
3 1 5 7 6 
3 1 7 5 6 

248 3768586181554217947 1 5
3 7 5 4 6 

