490 15840137726652341025 1 6
3 6 5 1 7 8 

486 2326738645991341192 1 6
5 1 8 7 2 6 

498 15498836765108407402 1 6
5 1 7 8 4 6 

492 15862365600001462521 1 6
5 8 7 3 6 2 

483 6394218975558947186 1 6
6 5 1 0 7 8 

504 10086930237179832981 1 6
5 7 8 3 6 4 

489 6871254136268059947 1 6
5 3 6 0 7 8 

500 13552573028003430302 1 6
5 7 8 2 4 6 

485 15086945936713808507 1 6
5 6 2 0 7 8 

462 10693988704214677932 1 6
1 7 8 3 6 2 

497 12562182623423201430 1 6
5 6 4 0 7 8 

474 10082993906468909907 1 6
1 7 8 3 6 4 

459 7398059970221257113 1 6
1 3 6 0 7 8 

470 9295895541542958184 1 6
1 8 7 2 4 6 

455 13178522914421874229 1 6
1 6 2 0 8 7 

476 4494792349133591871 2 6
7 8 3 6 4 2 
8 7 3 6 4 2 

467 16309730141289295603 1 6
1 6 4 0 7 8 

461 95615699236027775 2 6
3 6 2 0 7 8 
3 6 2 0 8 7 

469 7365552899044922062 2 6
0 7 8 2 4 6 
0 8 7 2 4 6 

473 4098567771932042062 2 6
3 6 4 0 7 8 
3 6 4 0 8 7 

430 16173381889448327026 1 6
3 2 5 1 7 8 

442 7117387715741032091 1 6
3 4 5 1 7 8 

438 12075859063988847310 1 6
5 1 8 7 2 4 

427 16564490057278918431 1 6
3 5 1 0 7 8 

423 16865809168989481732 1 6
2 5 1 0 8 7 

444 7655114051965149799 1 6
5 7 8 3 4 2 

435 7783266722567115731 1 6
4 5 1 0 7 8 

429 4716490034301562923 1 6
5 3 2 0 8 7 

441 9955232907162459163 1 6
5 3 4 0 7 8 

437 11088100628148893698 1 6
5 2 4 0 7 8 

414 9364537437674992902 1 6
1 7 8 3 4 2 

399 11440161723311279145 1 6
1 3 2 0 7 8 

411 9576912663196894743 1 6
1 3 4 0 7 8 

413 16579569832698508216 2 6
3 4 2 0 7 8 
3 4 2 0 8 7 

407 2769422578141140489 1 6
1 2 4 0 8 7 

366 10530563191629241425 1 6
8 5 1 3 6 2 

363 13170647061429521832 1 6
0 8 5 1 3 6 

378 6219532900205039472 1 6
8 5 1 3 6 4 

374 16093185456653724399 1 6
8 5 1 2 4 6 

359 1639117430706535002 1 6
0 8 5 1 6 2 

371 17120719187871969999 1 6
0 8 5 1 6 4 

380 14656397649323160088 1 6
5 8 3 6 4 2 

365 4329896268322016577 1 6
5 0 8 3 6 2 

377 9330041921410290392 1 6
5 0 8 3 6 4 

373 4466240614729561181 1 6
5 0 8 6 2 4 

350 7131758502865761163 2 6
1 8 3 6 4 2 
8 1 3 6 4 2 

335 4521216420964153931 1 6
1 0 8 3 6 2 

347 6223751018797075914 1 6
1 0 8 3 6 4 

343 1020309923396354698 1 6
1 0 8 6 2 4 

318 829272473259477323 1 6
8 5 1 3 4 2 

303 17852112158233600300 1 6
3 2 0 8 5 1 

349 5246480264326612870 1 6
0 8 3 6 4 2 

315 5429160212199481136 1 6
3 4 0 8 5 1 

317 5695410815141774629 1 6
5 0 8 3 4 2 

311 17858689436356179512 1 6
5 1 0 8 2 4 

287 8554837340583124138 1 6
1 0 8 3 4 2 

238 1909505200358020148 1 6
7 5 1 3 6 2 

250 12129910886026398298 1 6
7 5 1 3 6 4 

235 7331282450640643498 1 6
0 7 5 1 3 6 

246 1400770909932857378 1 6
7 5 1 2 4 6 

231 5819848963183128787 1 6
0 7 5 1 6 2 

243 6641331922988064644 1 6
0 7 5 1 6 4 

237 4974931679242171509 1 6
5 0 7 3 6 2 

252 5242062405976090877 1 6
5 7 3 6 4 2 

249 8711241348739589470 1 6
5 0 7 3 6 4 

245 12440011777835079080 1 6
5 0 7 6 2 4 

222 3990610799604128589 2 6
1 7 3 6 4 2 
7 1 3 6 4 2 

207 8058070042935404133 1 6
1 0 7 3 6 2 

219 11903334837556618430 1 6
1 0 7 3 6 4 

215 1537542930836117088 1 6
1 0 7 6 2 4 

175 9831282374004924568 1 6
3 2 0 7 5 1 

190 2605248628173009923 1 6
7 5 1 3 4 2 

221 5246480264326612870 1 6
0 7 3 6 4 2 

187 10612910424393781293 1 6
3 4 0 7 5 1 

189 9770101654293804901 1 6
5 0 7 3 4 2 

183 16485245861306691443 1 6
5 1 0 7 2 4 

159 13067790087041234528 1 6
1 0 7 3 4 2 

111 15020662447566411108 1 6
0 5 1 3 6 2 

123 2050498911265774921 1 6
0 5 1 3 6 4 

126 5246480264326612870 1 6
5 1 3 6 4 2 

125 913011667196774145 2 6
0 5 3 6 4 2 
5 0 3 6 4 2 

119 18335155631579095812 1 6
0 5 1 6 2 4 

63 343914226801094855 1 6
0 5 1 3 4 2 

95 6110843295044691396 1 6
0 1 3 6 4 2 

488 8294101434060056346 1 5
5 3 6 7 8 

482 13501699626934064079 1 5
6 5 1 7 8 

484 4095397891318148760 1 5
5 7 8 2 6 

496 16062857396387887263 1 5
5 7 8 4 6 

458 17138199349267775887 1 5
1 3 6 7 8 

481 18151651077540100706 1 5
5 6 0 7 8 

454 299609989630423257 1 5
1 8 7 2 6 

460 14701533063917202277 2 5
7 8 3 6 2 
8 7 3 6 2 

466 16947751581274320275 1 5
1 7 8 4 6 

472 12450093579214509911 2 5
7 8 3 6 4 
8 7 3 6 4 

451 11232093521930104902 4 5
1 6 0 7 8 
1 6 0 8 7 
6 1 0 7 8 
6 1 0 8 7 

468 8682483682628709939 2 5
7 8 2 4 6 
8 7 2 4 6 

457 10847543219203580868 2 5
3 6 0 7 8 
3 6 0 8 7 

453 2589330377395235678 2 5
2 6 0 7 8 
2 6 0 8 7 

465 13627700337237493914 4 5
4 6 0 7 8 
4 6 0 8 7 
6 4 0 7 8 
6 4 0 8 7 

426 15300973533936809658 1 5
3 5 1 7 8 

422 15649854877778159691 1 5
2 5 1 8 7 

434 15352309284369776978 1 5
4 5 1 7 8 

428 2062610983498013207 1 5
5 3 2 8 7 

419 16426964197223592242 2 5
5 1 0 7 8 
5 1 0 8 7 

440 16075256442787652421 1 5
5 3 4 7 8 

425 14719261466401227778 2 5
3 5 0 8 7 
5 3 0 8 7 

436 13788322969533279189 1 5
5 7 8 2 4 

421 16261717651175131010 2 5
5 2 0 7 8 
5 2 0 8 7 

433 12892149604202838474 1 5
5 4 0 7 8 

410 14589509179443636012 1 5
1 3 4 7 8 

395 7224765894004783788 1 5
3 1 0 7 8 

398 1191967378445387390 1 5
1 3 2 7 8 

406 15330364386367683000 1 5
1 8 7 2 4 

270 10991296990284877983 2 4
1 8 3 2 
8 1 3 2 

13 14387733495235990617 1 3
0 3 2 

282 13312223719028599295 2 4
1 8 3 4 
8 1 3 4 

25 6486448604913209494 1 3
0 3 4 

278 1630822812568582514 2 4
1 8 2 4 
8 1 2 4 

21 2711566611438747588 1 3
0 2 4 

201 4583129558019337484 1 4
3 6 0 7 

197 10655668688769278383 1 4
0 7 2 6 

209 15896268698264125057 2 4
0 7 6 4 
0 7 4 6 

141 1991860458353327362 1 4
3 2 0 7 

153 13796289709583244209 1 4
3 4 0 7 

149 9688401628127635698 1 4
0 7 2 4 

102 10655668688769278383 1 4
5 1 2 6 

106 4583129558019337484 1 4
3 6 5 1 

114 15896268698264125057 2 4
5 1 4 6 
5 1 6 4 

232 8329480912784552967 1 4
5 7 3 6 

105 5590220997219440692 2 4
0 5 3 6 
5 0 3 6 

362 11432820238648579846 1 5
8 3 6 5 1 

226 10613556539207953682 2 4
6 7 5 1 
7 6 5 1 

99 5069303078012082896 1 4
0 6 5 1 

356 16343307348115964384 1 4
5 8 2 6 

108 16436202545739404365 1 4
5 3 6 2 

120 12491156454245015315 1 4
5 3 6 4 

228 7414356653628393456 1 4
5 7 2 6 

101 11286750335710333682 2 4
0 5 6 2 
5 0 6 2 

358 17558985709283352391 1 5
8 5 1 2 6 

116 5279052132887994625 1 4
5 2 4 6 

240 13998003828698197729 1 4
5 7 4 6 

113 15215106538186363698 2 4
0 5 6 4 
5 0 6 4 

370 11018318761415328790 1 5
8 5 1 4 6 

202 12907502260509506582 2 4
1 7 3 6 
7 1 3 6 

75 5361406928138010723 1 4
0 1 3 6 

198 8040208396908888973 2 4
1 7 2 6 
7 1 2 6 

71 10791565385052090182 1 4
0 1 6 2 

77 16436202545739404365 1 4
0 3 6 2 

334 316292853533166075 2 5
1 8 3 6 2 
8 1 3 6 2 

210 16795696787755097424 2 4
1 7 4 6 
7 1 4 6 

83 16759578986255104721 1 4
0 1 6 4 

85 5279052132887994625 1 4
0 2 4 6 

342 3576949521540284654 2 5
1 8 2 4 6 
8 1 2 4 6 

89 12491156454245015315 1 4
0 3 6 4 

346 14324147780988298368 2 5
1 8 3 6 4 
8 1 3 6 4 

297 17033440425027155532 2 4
3 5 0 8 
5 3 0 8 

40 17087753756477223945 2 2
3 5 
5 3 

170 13374085144094286841 1 4
3 7 5 1 

43 2995300807293622581 2 4
0 3 5 1 
3 0 5 1 

300 4988930024556743220 1 4
5 8 3 2 

46 1991860458353327362 1 4
3 2 5 1 

58 13796289709583244209 1 4
3 4 5 1 

308 3097068621038880590 1 4
5 8 2 4 

51 15024369831046084700 1 4
0 4 5 1 

54 9688401628127635698 1 4
5 1 2 4 

293 2438215222600850876 1 4
5 2 0 8 

36 7761248114875356858 1 2
5 2 

166 17923151392382436567 1 4
2 7 5 1 

39 2438215222600850876 1 4
0 2 5 1 

296 16574095905003600574 2 3
3 5 8 
5 3 8 

305 1470142328109767921 1 4
5 4 0 8 

178 3656293589500805796 2 4
4 7 5 1 
7 4 5 1 

172 2507886651565859634 1 4
5 7 3 2 

45 17094505621254322587 2 4
0 5 3 2 
5 0 3 2 

302 10937842292579835053 1 5
8 3 2 5 1 

184 17723397868700175270 1 4
5 7 3 4 

57 6777173445913401214 2 4
0 5 3 4 
5 0 3 4 

314 585101559960790580 1 5
8 3 4 5 1 

133 7494945109137904594 1 3
2 0 7 

390 4180585594774303207 1 4
2 1 8 7 

269 1991860458353327362 1 4
3 2 0 8 

142 2781745032487721915 2 4
1 7 3 2 
7 1 3 2 

15 1141918689706725292 1 4
0 1 3 2 

104 5716569260272480414 1 3
5 3 6 

361 4261802668939038868 1 5
5 0 8 3 6 

147 4415345656511538872 2 4
1 4 0 7 
4 1 0 7 

404 8731158196887880317 2 4
7 8 2 4 
8 7 2 4 

274 754205998099296360 6 3
1 4 8 
1 8 4 
4 1 8 
4 8 1 
8 4 1 
8 1 4 

100 10992244341852364864 1 3
5 2 6 

357 4651384606465664711 1 5
5 0 8 6 2 

73 5716569260272480414 1 3
0 3 6 

330 7627879991285580330 2 4
1 8 3 6 
8 1 3 6 

44 14387733495235990617 1 3
5 3 2 

301 8844271038801601743 1 5
5 3 2 0 8 

56 6486448604913209494 1 3
5 3 4 

313 18252339766879522175 1 5
5 3 4 0 8 

165 2438215222600850876 1 4
5 2 0 7 

38 7494945109137904594 1 3
2 5 1 

295 9890229634586483153 2 5
2 0 8 5 1 
2 5 1 0 8 

292 10596927269057759021 1 3
5 2 8 

35 11149028268085365730 1 3
0 5 1 

5 7761248114875356858 1 2
0 2 

262 17466997261604964387 2 3
2 1 8 
2 8 1 

263 4868259398098227442 1 4
2 1 0 8 

9 17087753756477223945 2 2
0 3 
3 0 

266 10706753935364593016 2 3
3 1 8 
3 8 1 

177 2602917121141140096 1 4
5 4 0 7 

304 14718008852537657457 2 3
5 4 8 
5 8 4 

47 10675525964504080588 1 5
0 3 2 5 1 

33 17087753756477223945 2 2
0 5 
5 0 

163 15406660600063173003 2 4
0 7 5 1 
5 1 0 7 

420 5262554636133543922 2 4
5 2 7 8 
5 2 8 7 

275 17551861176896189898 2 4
1 4 0 8 
4 1 0 8 

112 7698985776645440831 2 3
5 4 6 
5 6 4 

369 3486850728583804997 1 5
5 0 8 6 4 

180 6689641911470372139 1 4
5 7 2 4 

53 3803037355813850031 2 4
0 5 2 4 
5 0 2 4 

310 6031042875728207735 1 5
8 5 1 2 4 

137 11149028268085365730 1 3
3 0 7 

394 11647855889567165862 1 4
3 1 7 8 

267 15368499501652111834 1 4
3 1 0 8 

81 7698985776645440831 2 3
0 4 6 
0 6 4 

338 10601132076907988804 2 4
1 8 4 6 
8 1 4 6 

52 2711566611438747588 1 3
5 2 4 

309 4963846356418396663 1 5
5 0 8 2 4 

69 10992244341852364864 1 3
0 2 6 

326 10091840353932055327 2 4
1 8 2 6 
8 1 2 6 

19 10706753935364593016 2 3
0 1 4 
0 4 1 

146 14860785610888650053 6 3
1 4 7 
1 7 4 
4 1 7 
4 7 1 
7 4 1 
7 1 4 

403 17788255648278127647 2 5
1 4 0 7 8 
4 1 0 7 8 

161 11149028268085365730 1 3
5 0 7 

418 5212208834225348329 2 4
5 1 7 8 
5 1 8 7 

49 1330854201845664887 2 3
0 5 4 
5 0 4 

306 3907734590851251535 2 4
4 8 5 1 
8 4 5 1 

176 12769602731266802952 2 3
5 4 7 
5 7 4 

37 6508990256303163784 2 3
0 5 2 
5 0 2 

294 4868259398098227442 1 4
2 8 5 1 

164 10596927269057759021 1 3
5 2 7 

41 10464402029777390164 6 3
0 3 5 
0 5 3 
3 0 5 
3 5 0 
5 3 0 
5 0 3 

298 12844178937462204567 1 4
3 8 5 1 

168 5707635945091764290 2 3
3 5 7 
5 3 7 

97 17662388742419376403 2 3
0 5 6 
5 0 6 

354 7186660799657259970 2 4
6 8 5 1 
8 6 5 1 

224 9951756003203208658 2 3
5 6 7 
5 7 6 

67 12254329342543767602 2 3
0 1 6 
0 6 1 

194 6906529405458791006 6 3
1 6 7 
1 7 6 
6 1 7 
6 7 1 
7 6 1 
7 1 6 

392 3870621583062396010 2 3
3 7 8 
3 8 7 

135 17923151392382436567 1 4
2 1 0 7 

11 2361156492905547982 2 3
0 3 1 
3 0 1 

138 2512533711646785065 2 3
3 1 7 
3 7 1 

265 11149028268085365730 1 3
3 0 8 

29 7240302401773159655 1 4
0 3 4 2 

286 18282630902839873535 2 5
1 8 3 4 2 
8 1 3 4 2 

139 14315483891285730756 1 4
3 1 0 7 

396 16748582738690210971 2 4
3 2 7 8 
3 2 8 7 

169 9192673037414984222 2 4
3 5 0 7 
5 3 0 7 

42 11149028268085365730 1 3
3 5 1 

299 3583861990886220277 1 5
3 0 8 5 1 

60 7240302401773159655 1 4
5 3 4 2 

195 7280204158998552156 2 4
1 6 0 7 
6 1 0 7 

452 6609270049967169164 2 4
7 8 2 6 
8 7 2 6 

322 6906529405458791006 6 3
1 6 8 
1 8 6 
6 1 8 
6 8 1 
8 6 1 
8 1 6 

281 13796289709583244209 1 4
3 4 0 8 

154 1158192353704790834 2 4
1 7 3 4 
7 1 3 4 

27 8397334625162587836 1 4
0 1 3 4 

225 15620935217054888844 1 4
5 6 0 7 

352 12129649998618649867 2 3
5 6 8 
5 8 6 

7 10596927269057759021 1 3
0 2 1 

261 7494945109137904594 1 3
2 0 8 

134 15755760776956737630 2 3
2 1 7 
2 7 1 

391 15527629477334556447 1 5
2 1 0 8 7 

388 8739728686154231547 2 3
2 7 8 
2 8 7 

289 11149028268085365730 1 3
5 0 8 

416 3870621583062396010 2 3
5 7 8 
5 8 7 

277 9688401628127635698 1 4
0 8 2 4 

150 10102969951192001214 2 4
1 7 2 4 
7 1 2 4 

23 14078374816545124868 1 4
0 1 2 4 

312 5705165468213556174 1 4
5 8 3 4 

55 4063549221850458403 1 5
0 5 1 2 4 

291 15406660600063173003 2 4
0 8 5 1 
5 1 0 8 

337 15896268698264125057 2 4
0 8 6 4 
0 8 4 6 

325 10655668688769278383 1 4
0 8 2 6 

329 4583129558019337484 1 4
3 6 0 8 

323 7280204158998552156 2 4
1 6 0 8 
6 1 0 8 

353 17683488410225082142 1 4
5 6 0 8 

368 438292247987853994 1 4
5 8 4 6 

360 15112967042809951969 1 4
5 8 3 6 

103 5141824641903028880 1 5
0 5 1 6 2 

389 9766031105921788476 2 4
2 0 7 8 
2 0 8 7 

393 5215022540671273095 2 4
3 0 7 8 
3 0 8 7 

408 8226989252743794708 2 4
3 4 7 8 
3 4 8 7 

151 17211325082575848909 1 5
1 0 7 2 4 

402 7978115995136584964 2 4
1 4 7 8 
4 1 7 8 

417 5215022540671273095 2 4
5 0 7 8 
5 0 8 7 

432 14306477252083823039 1 4
5 4 7 8 

464 3092465935444304488 4 4
7 8 4 6 
7 8 6 4 
8 7 6 4 
8 7 4 6 

424 16406621722779782888 2 4
3 5 8 7 
5 3 8 7 

167 10268839048726051178 2 5
2 0 7 5 1 
2 5 1 0 7 

456 11859933412417385987 2 4
3 6 7 8 
3 6 8 7 

199 16475037177305541157 1 5
1 0 7 6 2 

450 11591101788391728525 4 4
1 6 7 8 
1 6 8 7 
6 1 7 8 
6 1 8 7 

480 14398197362158434576 1 4
5 6 7 8 

31 8162271026909645222 1 5
0 1 3 4 2 

59 17665058310503640421 1 5
0 3 4 5 1 

316 11414229092487122722 1 5
5 8 3 4 2 

61 12595899942680305834 2 5
0 5 3 4 2 
5 0 3 4 2 

62 7180057348638127125 1 5
5 1 3 4 2 

93 14224568168826181661 1 5
0 3 6 4 2 

87 17503705883521901828 1 5
0 1 6 2 4 

91 6887274243196202071 1 5
0 1 3 6 4 

79 15097505917287774482 1 5
0 1 3 6 2 

117 9291291277247641947 2 5
0 5 6 2 4 
5 0 6 2 4 

124 14224568168826181661 1 5
5 3 6 4 2 

121 12979215002026032038 2 5
0 5 3 6 4 
5 0 3 6 4 

115 970900840170984265 1 5
0 5 1 6 4 

372 15077629947183570210 1 5
5 8 2 4 6 

118 9765671506283532260 1 5
5 1 2 4 6 

109 15705394303481720902 2 5
0 5 3 6 2 
5 0 3 6 2 

122 806491426670361942 1 5
5 1 3 6 4 

107 16940180798913775571 1 5
0 5 1 3 6 

364 16574327365052729989 1 5
5 8 3 6 2 

157 7180057348638127125 1 5
0 7 3 4 2 

110 5085876900538065684 1 5
5 1 3 6 2 

155 10600371796453973232 1 5
1 3 4 0 7 

412 7477152581649610963 2 5
7 8 3 4 2 
8 7 3 4 2 

143 13005065406664650341 1 5
1 3 2 0 7 

181 3137126127299885003 1 5
5 0 7 2 4 

158 10130197929642294737 2 5
1 7 3 4 2 
7 1 3 4 2 

185 1154068898222048589 1 5
5 3 4 0 7 

188 12989695529093301250 1 5
5 7 3 4 2 

173 14941462767271296174 1 5
5 3 2 0 7 

179 8555572462555614721 1 5
4 5 1 0 7 

182 11512737687667920174 1 5
7 5 1 2 4 

171 16097797554892847855 1 5
3 0 7 5 1 

186 7526322144178721593 1 5
7 3 4 5 1 

174 2591303572986584818 1 5
7 3 2 5 1 

213 9765671506283532260 1 5
0 7 2 4 6 

217 806491426670361942 1 5
0 7 3 6 4 

205 5085876900538065684 1 5
0 7 3 6 2 

211 10414092644682279497 1 5
1 0 7 6 4 

203 6755518146506518210 1 5
1 0 7 3 6 

214 10840884158211220750 2 5
1 7 2 4 6 
7 1 2 4 6 

218 1998991059991813184 2 5
1 7 3 6 4 
7 1 3 6 4 

206 17180830383010803509 2 5
1 7 3 6 2 
7 1 3 6 2 

241 1133783108451070917 1 5
5 0 7 6 4 

229 4451829580253655989 1 5
5 0 7 6 2 

244 8210787839124548261 1 5
5 7 2 4 6 

233 167867410495310902 1 5
5 0 7 3 6 

248 9325055480832647512 1 5
5 7 3 6 4 

236 14381731596072230573 1 5
5 7 3 6 2 

227 7990378981022204133 1 5
6 0 7 5 1 

242 18078202258145342990 1 5
7 5 1 4 6 

230 11609794677757525414 1 5
7 5 1 2 6 

234 13577969457853310799 1 5
7 3 6 5 1 

279 14954127595731026743 1 5
1 0 8 2 4 

285 7180057348638127125 1 5
0 8 3 4 2 

283 9948523620521210810 1 5
1 3 4 0 8 

271 7666484076416464774 1 5
1 3 2 0 8 

307 17924674652927904615 1 5
4 5 1 0 8 

341 9765671506283532260 1 5
0 8 2 4 6 

345 806491426670361942 1 5
0 8 3 6 4 

333 5085876900538065684 1 5
0 8 3 6 2 

339 8540476451185999261 1 5
1 0 8 6 4 

327 4521501828341478997 1 5
1 0 8 6 2 

331 5965646669441355234 1 5
1 0 8 3 6 

376 10584278539818973101 1 5
5 8 3 6 4 

355 11074708725242234009 1 5
6 0 8 5 1 

405 18244878934085111132 2 5
2 4 0 7 8 
2 4 0 8 7 

409 11933761408839824396 2 5
3 4 0 7 8 
3 4 0 8 7 

397 9832310992894274217 2 5
3 2 0 7 8 
3 2 0 8 7 

