bhabha2vbox[0,0,0,0,0,0,0,0,0]*(-6*a7+6*a4+6*a8-3*a2-3*a3)
bhabha2vbox[0,0,1,-1,0,0,0,0,0]*(3*a2)
bhabha2vbox[0,0,1,0,0,0,0,0,0]*(20*a2-3*a2*eta)
bhabha2vbox[0,0,1,0,-1,0,0,0,0]*(-5*a2)
bhabha2vbox[0,0,1,0,0,0,-1,0,0]*(5*a2)
bhabha2vbox[0,0,0,0,1,0,0,0,0]*(2*a4*eta-16*a4)
bhabha2vbox[0,0,-1,1,0,0,0,0,0]*(3*a3)
bhabha2vbox[-1,0,0,0,0,0,0,0,1]*(-4*a8)
bhabha2vbox[0,0,0,1,0,0,0,0,0]*(3*a3*eta-12*a3)
bhabha2vbox[0,0,0,1,-1,0,0,0,0]*(-3*a3)
bhabha2vbox[0,0,0,1,0,0,-1,0,0]*(3*a3)
bhabha2vbox[0,0,0,-1,1,0,0,0,0]*(-2*a4)
bhabha2vbox[-1,0,0,0,0,1,0,0,0]*(2*a5)
bhabha2vbox[0,0,-1,0,0,1,0,0,0]*(-3*a5)
bhabha2vbox[0,0,0,-1,0,1,0,0,0]*(3*a5)
bhabha2vbox[0,0,0,0,0,1,0,-1,0]*(3*a5)
bhabha2vbox[0,0,0,0,0,1,0,0,0]*(24*a5-3*a5*eta)
bhabha2vbox[0,0,0,0,0,0,0,-1,1]*(-2*a8)
bhabha2vbox[0,0,0,0,-1,1,0,0,0]*(-5*a5)
bhabha2vbox[0,0,0,0,0,1,-1,0,0]*(5*a5)
bhabha2vbox[0,0,0,0,0,1,0,0,-1]*(-5*a5)
bhabha2vbox[-1,0,0,0,0,0,0,1,0]*(4*a7)
bhabha2vbox[0,0,0,0,1,0,-1,0,0]*(-6*a4)
bhabha2vbox[0,0,0,0,0,0,0,0,1]*(-8*a8)
bhabha2vbox[0,0,-1,0,1,0,0,0,0]*(2*a4)
bhabha2vbox[0,0,0,0,0,0,0,1,-1]*(2*a7)
bhabha2vbox[0,0,0,0,0,0,0,1,0]*(8*a7)

bhabha2vbox[0,0,0,0,0,0,0,0,0]*(-5*a7+5*a5+3*a2-3*a3)
bhabha2vbox[0,0,1,0,0,0,-1,0,0]*(-5*a2)
bhabha2vbox[0,0,1,0,0,0,0,0,0]*(5*a2+3*a2*eta)
bhabha2vbox[0,0,0,0,0,0,0,0,1]*(6*a8*eta)
bhabha2vbox[0,0,1,-1,0,0,0,0,0]*(2*a2)
bhabha2vbox[0,0,0,0,0,-1,0,0,1]*(-6*a8)
bhabha2vbox[0,0,-1,1,0,0,0,0,0]*(6*a3)
bhabha2vbox[0,0,0,1,0,0,-1,0,0]*(-3*a3)
bhabha2vbox[0,0,0,1,0,0,0,0,0]*(6*a3*eta-18*a3)
bhabha2vbox[0,-1,0,0,0,0,0,0,1]*(6*a8)
bhabha2vbox[0,0,0,0,0,0,0,-1,1]*(-3*a8)
bhabha2vbox[0,0,0,0,1,0,0,0,0]*(-3*a4*eta-9*a4)
bhabha2vbox[0,-1,0,0,0,1,0,0,0]*(-5*a5)
bhabha2vbox[-1,0,0,0,0,0,0,0,1]*(3*a8)
bhabha2vbox[0,0,0,0,0,1,0,0,0]*(6*a5-2*a5*eta)
bhabha2vbox[-1,0,0,0,0,1,0,0,0]*(-2*a5)
bhabha2vbox[0,0,-1,0,0,1,0,0,0]*(-2*a5)
bhabha2vbox[0,0,0,-1,0,1,0,0,0]*(2*a5)
bhabha2vbox[0,0,0,0,0,1,0,-1,0]*(2*a5)
bhabha2vbox[-1,0,0,0,0,0,0,1,0]*(5*a7)
bhabha2vbox[0,0,0,0,0,0,-1,0,1]*(-6*a8)
bhabha2vbox[0,0,-1,0,1,0,0,0,0]*(-3*a4)
bhabha2vbox[0,0,0,0,1,0,-1,0,0]*(6*a4)
bhabha2vbox[0,0,0,-1,1,0,0,0,0]*(-3*a4)
bhabha2vbox[0,0,-1,0,0,0,0,0,1]*(6*a8)
bhabha2vbox[0,0,0,0,0,0,0,1,0]*(8*a7+2*a7*eta)
bhabha2vbox[0,-1,0,0,0,0,0,1,0]*(2*a7)
bhabha2vbox[0,0,-1,0,0,0,0,1,0]*(2*a7)
bhabha2vbox[0,0,0,0,0,-1,0,1,0]*(-2*a7)
bhabha2vbox[0,0,0,0,0,0,-1,1,0]*(-2*a7)

bhabha2vbox[0,0,0,0,0,0,0,0,0]*(-3*a4-3*a8+3*a5+3*a2)
bhabha2vbox[0,0,1,0,0,0,-1,0,0]*(-5*a2)
bhabha2vbox[0,0,1,0,0,0,0,0,0]*(-5*a2+3*a2*eta)
bhabha2vbox[0,0,1,0,-1,0,0,0,0]*(2*a2)
bhabha2vbox[0,0,0,0,0,0,-1,0,1]*(-2*a8)
bhabha2vbox[0,0,0,0,0,-1,0,0,1]*(-2*a8)
bhabha2vbox[0,0,-1,1,0,0,0,0,0]*(-3*a3)
bhabha2vbox[0,0,0,1,0,0,-1,0,0]*(6*a3)
bhabha2vbox[0,0,0,1,0,0,0,0,0]*(-3*a3*eta+6*a3)
bhabha2vbox[0,0,0,1,-1,0,0,0,0]*(-3*a3)
bhabha2vbox[0,-1,0,0,0,0,0,0,1]*(2*a8)
bhabha2vbox[0,0,0,0,0,0,0,0,1]*(2*a8*eta+4*a8)
bhabha2vbox[0,-1,0,0,0,1,0,0,0]*(-3*a5)
bhabha2vbox[-1,0,0,0,0,0,0,0,1]*(3*a8)
bhabha2vbox[0,0,0,0,0,1,0,0,0]*(-6*a5)
bhabha2vbox[-1,0,0,0,0,1,0,0,0]*(-2*a5)
bhabha2vbox[0,0,0,0,-1,1,0,0,0]*(2*a5)
bhabha2vbox[0,0,0,0,0,1,-1,0,0]*(-2*a5)
bhabha2vbox[0,0,0,0,0,1,0,0,-1]*(2*a5)
bhabha2vbox[0,0,0,0,0,0,0,1,0]*(4*a7+6*a7*eta)
bhabha2vbox[0,0,-1,0,0,0,0,0,1]*(2*a8)
bhabha2vbox[0,0,0,0,1,0,0,0,0]*(-2*a4*eta+5*a4)
bhabha2vbox[-1,0,0,0,0,0,0,1,0]*(5*a7)
bhabha2vbox[0,0,-1,0,1,0,0,0,0]*(-2*a4)
bhabha2vbox[0,0,0,0,1,0,-1,0,0]*(5*a4)
bhabha2vbox[0,0,0,0,0,0,0,1,-1]*(-5*a7)
bhabha2vbox[0,-1,0,0,0,0,0,1,0]*(6*a7)
bhabha2vbox[0,0,-1,0,0,0,0,1,0]*(6*a7)
bhabha2vbox[0,0,0,0,0,-1,0,1,0]*(-6*a7)
bhabha2vbox[0,0,0,0,0,0,-1,1,0]*(-6*a7)

