bhabha2pb2m[1,-1,0,0,0,0,0,0,0]*(3*a0)
bhabha2pb2m[1,0,-1,0,0,0,0,0,0]*(2*a0)
bhabha2pb2m[1,0,0,0,0,0,0,0,0]*(-24*a0)
bhabha2pb2m[0,0,0,0,0,0,0,1,0]*(32*a7)
bhabha2pb2m[1,0,0,-1,0,0,0,0,0]*(-5*a0)
bhabha2pb2m[0,0,0,0,0,0,0,0,0]*(-4*a2-4*a6+4*a3+4*a7)
bhabha2pb2m[0,0,0,0,1,-1,0,0,0]*(3*a4)
bhabha2pb2m[0,0,0,0,1,0,-1,0,0]*(2*a4)
bhabha2pb2m[0,0,0,0,1,0,0,0,0]*(-24*a4)
bhabha2pb2m[0,0,0,0,0,0,-1,1,0]*(-8*a7)
bhabha2pb2m[0,0,0,0,1,0,0,-1,0]*(-5*a4)
bhabha2pb2m[0,-1,0,1,0,0,0,0,0]*(4*a3)
bhabha2pb2m[0,-1,1,0,0,0,0,0,0]*(6*a2)
bhabha2pb2m[0,0,0,0,0,-1,0,1,0]*(4*a7)
bhabha2pb2m[0,0,0,1,0,0,0,0,0]*(32*a3)
bhabha2pb2m[0,0,1,-1,0,0,0,0,0]*(-2*a2)
bhabha2pb2m[0,0,0,0,0,0,1,-1,0]*(-2*a6)
bhabha2pb2m[0,0,-1,1,0,0,0,0,0]*(-8*a3)
bhabha2pb2m[0,0,0,0,0,-1,1,0,0]*(6*a6)

bhabha2pb2m[0,0,0,0,0,0,0,0,0]*(5*a4-5*a2-5*a6+5*a0)
bhabha2pb2m[1,-1,0,0,0,0,0,0,0]*(-3*a0)
bhabha2pb2m[0,0,0,0,0,-1,0,1,0]*(6*a7)
bhabha2pb2m[1,0,-1,0,0,0,0,0,0]*(-2*a0)
bhabha2pb2m[1,0,0,0,0,0,0,0,0]*(-6*a0)
bhabha2pb2m[0,0,0,0,0,0,0,1,0]*(12*a7)
bhabha2pb2m[0,0,0,0,1,-1,0,0,0]*(-3*a4)
bhabha2pb2m[0,-1,0,1,0,0,0,0,0]*(6*a3)
bhabha2pb2m[0,0,0,0,1,0,-1,0,0]*(-2*a4)
bhabha2pb2m[0,0,0,0,1,0,0,0,0]*(-6*a4)
bhabha2pb2m[-1,0,1,0,0,0,0,0,0]*(2*a2)
bhabha2pb2m[0,-1,1,0,0,0,0,0,0]*(3*a2)
bhabha2pb2m[0,0,1,0,0,0,0,0,0]*(6*a2)
bhabha2pb2m[0,0,-1,1,0,0,0,0,0]*(-2*a3)
bhabha2pb2m[0,0,0,0,0,0,-1,1,0]*(-2*a7)
bhabha2pb2m[-1,0,0,1,0,0,0,0,0]*(-4*a3)
bhabha2pb2m[0,0,0,0,-1,0,0,1,0]*(-4*a7)
bhabha2pb2m[0,0,0,0,0,-1,1,0,0]*(3*a6)
bhabha2pb2m[0,0,0,1,0,0,0,0,0]*(12*a3)
bhabha2pb2m[0,0,0,0,0,0,1,0,0]*(6*a6)
bhabha2pb2m[0,0,0,0,-1,0,1,0,0]*(2*a6)

bhabha2pb2m[0,0,0,0,0,0,0,0,0]*(3*a4-5*a2-5*a6+2*a3+3*a0+2*a7)
bhabha2pb2m[1,-1,0,0,0,0,0,0,0]*(-3*a0)
bhabha2pb2m[1,0,-1,0,0,0,0,0,0]*(-2*a0)
bhabha2pb2m[1,0,0,-1,0,0,0,0,0]*(2*a0)
bhabha2pb2m[1,0,0,0,0,0,0,0,0]*(6*a0)
bhabha2pb2m[0,0,0,0,0,0,0,1,0]*(4*a7)
bhabha2pb2m[0,0,0,0,1,-1,0,0,0]*(-3*a4)
bhabha2pb2m[0,0,0,0,1,0,-1,0,0]*(-2*a4)
bhabha2pb2m[0,0,0,0,1,0,0,-1,0]*(2*a4)
bhabha2pb2m[0,0,0,0,1,0,0,0,0]*(6*a4)
bhabha2pb2m[-1,0,1,0,0,0,0,0,0]*(6*a2)
bhabha2pb2m[0,-1,1,0,0,0,0,0,0]*(-6*a2)
bhabha2pb2m[0,0,1,0,0,0,0,0,0]*(18*a2)
bhabha2pb2m[0,0,0,0,0,0,-1,1,0]*(-2*a7)
bhabha2pb2m[0,0,1,-1,0,0,0,0,0]*(5*a2)
bhabha2pb2m[-1,0,0,1,0,0,0,0,0]*(4*a3)
bhabha2pb2m[0,-1,0,1,0,0,0,0,0]*(-4*a3)
bhabha2pb2m[0,0,-1,1,0,0,0,0,0]*(-2*a3)
bhabha2pb2m[0,0,0,0,0,-1,0,1,0]*(-4*a7)
bhabha2pb2m[0,0,0,1,0,0,0,0,0]*(4*a3)
bhabha2pb2m[0,0,0,0,-1,0,1,0,0]*(6*a6)
bhabha2pb2m[0,0,0,0,0,-1,1,0,0]*(-6*a6)
bhabha2pb2m[0,0,0,0,0,0,1,0,0]*(18*a6)
bhabha2pb2m[0,0,0,0,-1,0,0,1,0]*(4*a7)
bhabha2pb2m[0,0,0,0,0,0,1,-1,0]*(5*a6)

