506 15620130483953721908 2 7
5 3 6 7 1 8 4 
5 1 8 4 3 6 7 

491 13949276327487041111 1 7
5 1 8 0 3 7 6 

443 5203556729358899785 1 7
5 3 7 1 8 0 4 

494 2720810331096184347 1 7
5 1 8 3 2 7 6 

446 3277551913748712412 1 7
5 1 8 4 3 2 7 

431 9530124606527581258 1 7
5 1 8 0 3 2 7 

505 188048788279572349 1 7
5 3 6 7 8 4 0 

508 7954731069156802371 1 7
5 4 8 3 2 7 6 

445 1821570615029921537 1 7
5 3 2 7 8 0 4 

493 15269625636149991267 1 7
5 8 0 3 2 7 6 

499 17719292886657030044 1 7
5 7 6 1 4 8 0 

502 5685369812617530308 1 7
5 1 8 4 2 6 7 

487 3612492886612488655 1 7
5 1 8 0 2 7 6 

439 4399448563777055933 1 7
5 2 7 1 8 0 4 

501 17883149277744405731 2 7
5 2 6 7 8 4 0 
5 2 7 6 4 8 0 

475 12855610824435681249 1 7
3 6 7 1 0 8 4 

478 17236715913567687077 1 7
1 8 4 3 2 6 7 

463 8097813925610158721 1 7
1 0 8 3 2 6 7 

415 11558695298473933332 2 7
2 3 7 1 0 8 4 
3 2 7 1 0 8 4 

471 16709658384389600818 2 7
2 6 7 1 0 8 4 
2 7 6 1 0 8 4 

477 7987702435840962608 2 7
0 4 8 3 2 6 7 
0 8 4 3 2 6 7 

379 12162939134819826401 1 7
5 3 6 1 4 0 8 

367 414322509741675810 1 7
5 1 0 8 3 2 6 

382 9300277447165800783 1 7
5 1 4 8 3 2 6 

319 10638565720016434049 1 7
5 3 2 1 0 8 4 

381 2170784198905486451 1 7
5 3 2 6 4 0 8 

351 4009401983356258343 1 7
3 2 6 1 0 8 4 

375 1188526618282232262 1 7
5 2 6 1 4 0 8 

251 1357792025416905562 1 7
5 1 4 0 3 6 7 

254 16308458769386594528 1 7
5 1 4 3 2 6 7 

239 10411172574483890247 1 7
5 1 0 3 2 6 7 

191 5918756331682471893 1 7
5 1 0 4 3 2 7 

253 3749998398451768213 1 7
5 4 0 3 2 6 7 

247 5359445200517399294 1 7
5 1 4 0 2 6 7 

127 39806753632258925 1 7
5 1 4 0 3 2 6 

223 8060504963871283845 1 7
1 0 4 3 2 6 7 

490 11657093155645032796 1 6
5 1 8 3 7 6 

442 5429548130154424946 1 6
5 3 7 1 8 4 

427 9097216064652564844 1 6
5 3 7 1 8 0 

430 3558511557731516111 1 6
5 1 8 3 2 7 

504 4256170867034288619 1 6
5 4 8 3 7 6 

492 5771567354490341414 2 6
5 8 3 2 7 6 
8 5 3 2 7 6 

489 16278855385343618533 1 6
5 8 0 3 7 6 

441 3775757106952467059 1 6
5 3 7 8 0 4 

429 4360535992451564253 1 6
5 8 0 3 2 7 

444 11316681182626000233 1 6
5 8 4 3 2 7 

498 4256170867034288619 1 6
5 7 6 1 4 8 

483 3815930564333907016 1 6
5 7 6 1 8 0 

486 3881640466427956218 1 6
5 1 8 2 7 6 

435 6952453745462418984 2 6
5 7 1 8 0 4 
7 5 1 8 0 4 

423 13455158016765854109 1 6
5 2 7 1 8 0 

497 4768886002953726577 2 6
5 6 7 8 4 0 
5 7 6 4 8 0 

438 1477328639218358948 1 6
5 2 7 1 8 4 

485 791463467514371740 1 6
5 8 0 2 7 6 

500 8949792681129148197 2 6
5 4 8 2 7 6 
5 8 4 2 6 7 

437 5533006887368727214 1 6
5 2 7 8 0 4 

474 9664659580043954769 2 6
1 8 4 3 6 7 
3 6 7 1 8 4 

459 8838458133490109127 1 6
1 0 8 3 6 7 

462 10249849302948238587 1 6
1 8 3 2 6 7 

411 17082052572329871591 1 6
3 7 1 0 8 4 

414 4057669094100344527 2 6
1 8 4 3 2 7 
1 8 4 2 3 7 

399 8695760332786458372 2 6
1 0 8 3 2 7 
1 0 8 2 3 7 

413 16208853999254094681 4 6
2 3 7 0 4 8 
2 3 7 0 8 4 
3 2 7 0 4 8 
3 2 7 0 8 4 

476 10185279196549763206 2 6
4 8 3 2 6 7 
8 4 3 2 6 7 

473 9840107164339065003 2 6
3 6 7 0 4 8 
3 6 7 0 8 4 

461 2310401654794277604 1 6
0 8 3 2 6 7 

467 10269064037128518562 2 6
6 7 1 0 8 4 
7 6 1 0 8 4 

470 7902747442731901701 2 6
1 8 4 2 7 6 
1 8 4 2 6 7 

455 10905402877665585426 2 6
1 0 8 2 7 6 
1 0 8 2 6 7 

469 11632502824456009693 4 6
2 6 7 0 4 8 
2 6 7 0 8 4 
2 7 6 0 4 8 
2 7 6 0 8 4 

407 17082052572329871591 1 6
2 7 1 0 8 4 

378 11657093155645032796 1 6
5 3 6 1 4 8 

363 16330961196715962254 1 6
5 3 6 1 0 8 

366 672931056080305172 1 6
5 1 8 3 2 6 

303 200835785759829223 1 6
5 3 2 1 0 8 

315 13799639880491817329 1 6
3 5 1 0 8 4 

318 6847673608613352984 1 6
5 3 2 1 8 4 

377 14053701791407867491 1 6
5 3 6 4 0 8 

317 3630989553188597303 1 6
5 3 2 0 4 8 

380 16261193324287292028 1 6
5 4 8 3 2 6 

371 9749974122376916683 2 6
5 6 1 4 0 8 
6 5 1 4 0 8 

365 11410453094976098015 1 6
5 0 8 3 2 6 

374 4437638152719133672 1 6
5 2 6 1 4 8 

359 12328589651112106000 1 6
5 2 6 1 0 8 

311 11198260184462027090 1 6
2 5 1 0 8 4 

347 9185731790715109205 1 6
3 6 1 0 8 4 

373 5533006887368727214 1 6
5 2 6 4 0 8 

287 9932247810361958510 2 6
2 3 1 0 8 4 
3 2 1 0 8 4 

335 946877421358187207 1 6
1 0 8 3 2 6 

350 5813078525945078869 1 6
1 8 4 3 2 6 

349 9906197471274223498 2 6
3 2 6 0 4 8 
3 2 6 0 8 4 

235 12454524552206019594 1 6
5 1 0 3 6 7 

250 5429548130154424946 1 6
5 1 4 3 6 7 

343 17082052572329871591 1 6
2 6 1 0 8 4 

187 14992027270268973004 1 6
5 3 7 1 0 4 

238 12304439522202302579 1 6
1 5 3 2 6 7 

190 6481294432326067064 1 6
5 1 4 3 2 7 

175 6173738864452722703 1 6
5 1 0 3 2 7 

249 10225502251029057909 1 6
5 4 0 3 6 7 

252 17934318880163315229 2 6
4 5 3 2 6 7 
5 4 3 2 6 7 

189 13341446303517718642 1 6
5 0 4 3 2 7 

237 12518176001215692975 1 6
0 5 3 2 6 7 

243 9755095860482727388 1 6
5 6 7 1 4 0 

231 1326443727258248149 1 6
5 1 0 2 7 6 

246 13645739818970934841 1 6
5 1 4 2 6 7 

245 791463467514371740 1 6
5 4 0 2 6 7 

183 17742318805553045059 1 6
5 2 7 1 0 4 

219 1531968663445744987 1 6
1 0 4 3 6 7 

207 6347765486833261548 1 6
1 0 3 2 6 7 

159 13044005582085414712 2 6
1 0 4 3 2 7 
1 0 4 2 3 7 

222 17830056156839413195 1 6
1 4 3 2 6 7 

221 2310401654794277604 1 6
0 4 3 2 6 7 

215 410130021213165775 2 6
1 0 4 2 6 7 
1 0 4 2 7 6 

126 2374803439733675903 1 6
5 1 4 3 2 6 

123 11079053846314426298 1 6
5 3 6 1 4 0 

111 8605376935687758700 1 6
5 1 0 3 2 6 

125 9876270434307567709 1 6
5 4 0 3 2 6 

63 2877192351933930950 1 6
5 3 2 1 0 4 

119 6814155382528976626 1 6
5 2 6 1 4 0 

95 13665810861706581075 1 6
1 0 4 3 2 6 

426 12813607503129867153 1 5
5 1 8 3 7 

488 18064990090265222733 2 5
5 8 3 7 6 
8 5 3 7 6 

440 10711925097737042252 1 5
5 3 7 8 4 

428 12158667911140282298 4 5
5 8 2 3 7 
5 8 3 2 7 
8 5 3 2 7 
8 5 2 3 7 

425 13494681596215082642 1 5
5 3 7 8 0 

482 4596102902320277502 1 5
5 1 8 7 6 

419 16545484033415769003 2 5
5 7 1 8 0 
7 5 1 8 0 

354 3758550860374928371 2 4
5 6 1 8 
6 5 1 8 

97 11756190339471029063 2 3
0 5 6 
0 6 5 

294 5036159874697649378 1 4
2 5 1 8 

37 11906389949692870025 1 3
2 0 5 

330 12030119370035199782 2 4
1 8 3 6 
3 6 1 8 

73 10442230841019004357 1 3
0 3 6 

270 3117539274478306512 2 4
1 8 3 2 
1 8 2 3 

13 41082871698139846 2 3
0 2 3 
0 3 2 

282 8389516611493844045 1 4
3 1 8 4 

25 2466997049376975834 1 3
3 0 4 

326 1361567497545663179 1 4
1 8 2 6 

69 2745805360666212250 1 3
0 2 6 

278 8389516611493844045 1 4
2 1 8 4 

21 2466997049376975834 1 3
2 0 4 

163 1966729133057754188 2 4
5 7 1 0 
7 5 1 0 

420 15804328657059468321 2 4
5 8 2 7 
8 5 2 7 

178 5017445520378449331 2 4
5 7 1 4 
7 5 1 4 

177 17196824616889308990 2 4
5 7 0 4 
7 5 0 4 

434 2931493229845075762 2 5
5 7 1 8 4 
7 5 1 8 4 

195 9932022760309171828 2 4
1 0 6 7 
1 0 7 6 

210 7150496180077738619 2 4
1 4 6 7 
1 4 7 6 

209 12647189590821500486 2 4
0 4 6 7 
0 4 7 6 

466 4622508568593048949 2 5
6 7 1 8 4 
7 6 1 8 4 

106 18188994175204141202 1 4
1 5 3 6 

312 18125736765879375276 1 4
3 5 4 8 

55 16299467538153641546 1 5
2 5 1 0 4 

58 12790940207649449064 1 4
3 5 1 4 

297 16651666723889449705 1 4
3 5 0 8 

170 12790940207649449064 1 4
1 5 3 7 

43 8532299647578497949 1 4
3 5 1 0 

300 342674997343172527 4 4
5 8 2 3 
5 8 3 2 
8 5 3 2 
8 5 2 3 

120 9515771854054113449 2 4
4 5 3 6 
5 4 3 6 

46 13219029515554589214 1 4
1 5 3 2 

105 10367153028792001466 1 4
0 5 3 6 

362 13206557887366424125 2 5
5 3 6 1 8 
5 1 8 3 6 

60 9258636742296635226 2 4
4 5 3 2 
5 4 3 2 

184 5017445520378449331 2 4
4 5 3 7 
5 4 3 7 

57 13896477946402860213 1 4
3 5 0 4 

314 8336637092471597263 1 5
3 5 1 8 4 

45 8158326236814949428 1 4
0 5 3 2 

302 11409886770531985166 1 5
5 1 8 3 2 

353 17196824616889308990 2 4
5 6 0 8 
6 5 0 8 

226 18125736765879375276 1 4
1 5 7 6 

99 11619543039122251073 2 4
5 6 1 0 
6 5 1 0 

356 17551861176896189898 2 4
5 8 2 6 
8 5 2 6 

368 1677071180347565230 2 4
5 6 4 8 
6 5 4 8 

114 15804328657059468321 2 4
5 6 1 4 
6 5 1 4 

102 12844178937462204567 1 4
1 5 2 6 

293 17632669447010960037 1 4
2 5 0 8 

166 6570806256634135414 1 4
1 5 2 7 

39 15305350111562065843 1 4
2 5 1 0 

296 10706753935364593016 2 3
3 5 8 
3 8 5 

308 698476773254776664 2 4
2 5 4 8 
2 5 8 4 

54 12844178937462204567 1 4
2 5 1 4 

240 1677071180347565230 2 4
4 5 6 7 
5 4 6 7 

113 7443492619301860047 2 4
5 6 4 0 
6 5 4 0 

370 18064990090265222733 2 5
5 6 1 4 8 
6 5 1 4 8 

116 15804328657059468321 2 4
4 5 2 6 
5 4 2 6 

194 12585292063867719537 2 3
1 6 7 
1 7 6 

451 2790234674358607461 2 5
6 7 1 0 8 
7 6 1 0 8 

193 18382350540000371621 2 3
0 6 7 
0 7 6 

450 3982813991072387447 2 4
1 8 7 6 
1 8 6 7 

329 8697163141681005422 1 4
3 6 0 8 

202 8389516611493844045 1 4
1 3 6 7 

75 9304036737343721617 1 4
1 0 3 6 

201 16517747617856217751 1 4
0 3 6 7 

458 12586974753393532778 1 5
1 8 3 6 7 

74 1100806113672523033 1 3
1 3 6 

331 5996708691670718771 1 5
3 6 1 0 8 

269 10763139421452040560 2 4
2 3 0 8 
3 2 0 8 

142 11990823882079085441 2 4
1 2 3 7 
1 3 2 7 

15 11978278954522791368 2 4
1 0 2 3 
1 0 3 2 

56 12769602731266802952 2 3
3 4 5 
3 5 4 

313 12527685796850796602 1 5
3 5 0 4 8 

52 10706753935364593016 2 3
2 4 5 
2 5 4 

309 2033981183953100443 2 5
2 5 0 4 8 
2 5 0 8 4 

135 18291334707233140354 1 4
1 0 2 7 

262 1100806113672523033 1 3
2 1 8 

5 6723132714088521414 1 2
2 0 

85 9176405013234567470 1 4
2 6 0 4 

342 16476275988343549283 1 5
2 6 1 8 4 

133 2745805360666212250 1 3
0 2 7 

390 1361567497545663179 1 4
1 8 2 7 

6 17087753756477223945 2 2
1 2 
2 1 

263 7174439461013154211 1 4
2 1 0 8 

41 2481689550761395913 1 3
3 0 5 

298 18188994175204141202 1 4
3 5 1 8 

197 5181535589127577809 2 4
0 2 6 7 
0 2 7 6 

454 2297159645589997922 2 5
1 8 2 7 6 
1 8 2 6 7 

70 11149028268085365730 1 3
1 2 6 

327 1196721049668167943 1 5
2 6 1 0 8 

165 6598034585151778120 1 4
0 5 2 7 

422 8497648867450228684 1 5
5 1 8 2 7 

292 10706753935364593016 2 3
2 5 8 
2 8 5 

38 16574095905003600574 2 3
1 2 5 
2 1 5 

295 12714702856638202864 1 5
2 5 1 0 8 

9 6723132714088521414 1 2
3 0 

266 1100806113672523033 1 3
3 1 8 

141 17697832394966379001 2 4
0 2 3 7 
0 3 2 7 

398 4529249393062366034 2 5
1 8 3 2 7 
1 8 2 3 7 

14 260049142612031377 2 3
1 2 3 
1 3 2 

271 11031620374645948610 2 5
2 3 1 0 8 
3 2 1 0 8 

112 2728381371886174304 6 3
4 5 6 
4 6 5 
5 4 6 
5 6 4 
6 5 4 
6 4 5 

369 6321224807121756455 2 5
5 6 4 0 8 
6 5 4 0 8 

180 17551861176896189898 2 4
4 5 2 7 
5 4 2 7 

53 17632669447010960037 1 4
2 5 0 4 

310 10080545440292170948 1 5
2 5 1 8 4 

134 11149028268085365730 1 3
1 2 7 

391 1196721049668167943 1 5
2 7 1 0 8 

7 7123082541949489434 1 3
2 1 0 

261 2466997049376975834 1 3
2 0 8 

101 6598034585151778120 1 4
0 5 2 6 

358 10046078961121171847 1 5
5 1 8 2 6 

267 7174439461013154211 1 4
3 1 0 8 

10 17087753756477223945 2 2
1 3 
3 1 

161 11756190339471029063 2 3
0 5 7 
0 7 5 

418 9515771854054113449 2 4
5 7 1 8 
7 5 1 8 

137 2745805360666212250 1 3
0 3 7 

394 1361567497545663179 1 4
1 8 3 7 

78 4482402122045907183 1 4
1 3 2 6 

153 9176405013234567470 1 4
3 7 0 4 

410 16476275988343549283 1 5
3 7 1 8 4 

26 11149028268085365730 1 3
3 1 4 

283 5512554837316072807 1 5
3 1 0 8 4 

280 12585292063867719537 2 3
3 4 8 
3 8 4 

23 18022570652673864189 1 4
2 1 0 4 

176 754205998099296360 6 3
4 5 7 
4 7 5 
5 4 7 
5 7 4 
7 5 4 
7 4 5 

433 6321224807121756455 2 5
5 7 8 0 4 
7 5 8 0 4 

149 9176405013234567470 1 4
2 7 0 4 

406 16476275988343549283 1 5
2 7 1 8 4 

22 11149028268085365730 1 3
2 1 4 

279 5512554837316072807 1 5
2 1 0 8 4 

276 12585292063867719537 2 3
2 4 8 
2 8 4 

11 7123082541949489434 1 3
3 1 0 

138 11149028268085365730 1 3
1 3 7 

395 1196721049668167943 1 5
3 7 1 0 8 

265 2466997049376975834 1 3
3 0 8 

29 10763139421452040560 2 4
2 3 0 4 
3 2 0 4 

286 14757008162573915736 2 5
2 3 1 8 4 
3 2 1 8 4 

139 18291334707233140354 1 4
1 0 3 7 

89 8697163141681005422 1 4
3 6 0 4 

346 12586974753393532778 1 5
3 6 1 8 4 

284 2619098640235373304 4 4
2 3 4 8 
2 3 8 4 
3 2 4 8 
3 2 8 4 

27 18022570652673864189 1 4
3 1 0 4 

30 11962963340393468856 2 4
1 4 3 2 
1 4 2 3 

169 9842406466577280491 1 4
0 5 3 7 

42 5851304085804368075 2 3
1 3 5 
3 1 5 

299 5725448791221356263 1 5
3 5 1 0 8 

162 12769602731266802952 2 3
1 5 7 
1 7 5 

416 2728381371886174304 6 3
5 7 8 
5 8 7 
7 5 8 
7 8 5 
8 7 5 
8 5 7 

225 15631983756314894396 2 4
0 5 6 7 
0 5 7 6 

98 10706753935364593016 2 3
1 5 6 
1 6 5 

355 6888581797594981925 2 5
5 6 1 0 8 
6 5 1 0 8 

352 754205998099296360 6 3
5 6 8 
5 8 6 
6 5 8 
6 8 5 
8 6 5 
8 5 6 

277 12146204473834554921 2 4
2 0 4 8 
2 0 8 4 

150 15406660600063173003 2 4
1 4 2 7 
2 7 1 4 

325 9176405013234567470 1 4
2 6 0 8 

198 15669754230730330559 2 4
1 2 6 7 
1 2 7 6 

71 18291334707233140354 1 4
1 0 2 6 

340 7150496180077738619 2 4
2 6 4 8 
2 6 8 4 

86 15406660600063173003 2 4
1 4 2 6 
2 6 1 4 

281 12146204473834554921 2 4
3 0 4 8 
3 0 8 4 

154 15406660600063173003 2 4
1 4 3 7 
3 7 1 4 

77 17325705173688703424 1 4
0 3 2 6 

334 18370894349058557510 1 5
1 8 3 2 6 

344 3982813991072387447 2 4
3 6 4 8 
3 6 8 4 

87 11446006576286666444 1 5
2 6 1 0 4 

90 1361567497545663179 1 4
3 6 1 4 

360 3758550860374928371 2 4
5 8 3 6 
8 5 3 6 

103 8578144552692968497 1 5
5 1 0 2 6 

389 9176405013234567470 1 4
2 7 0 8 

404 7150496180077738619 2 4
2 7 4 8 
2 7 8 4 

449 12647189590821500486 2 4
0 8 7 6 
0 8 6 7 

393 9176405013234567470 1 4
3 7 0 8 

408 7150496180077738619 2 4
3 7 4 8 
3 7 8 4 

151 11446006576286666444 1 5
2 7 1 0 4 

464 13150025586414177241 8 4
4 8 7 6 
4 8 6 7 
6 7 4 8 
6 7 8 4 
7 6 4 8 
7 6 8 4 
8 4 7 6 
8 4 6 7 

432 1677071180347565230 2 4
5 7 8 4 
7 5 8 4 

417 7443492619301860047 2 4
5 7 8 0 
7 5 8 0 

480 1677071180347565230 2 4
5 8 7 6 
8 5 7 6 

424 15804328657059468321 2 4
5 8 3 7 
8 5 3 7 

167 6888524670247368246 1 5
5 1 0 2 7 

93 5830002887457423997 1 5
0 4 3 2 6 

79 13384812687960763530 1 5
1 0 3 2 6 

94 7006514734424415631 1 5
1 4 3 2 6 

31 4646627784257150949 2 5
2 3 1 0 4 
3 2 1 0 4 

91 12856855615100976514 1 5
3 6 1 0 4 

348 10750593861048357360 2 5
4 8 3 2 6 
8 4 3 2 6 

117 456025201414015382 1 5
5 2 6 4 0 

118 2156186079903720028 2 5
5 2 6 1 4 
5 1 4 2 6 

61 16353357388999821895 1 5
5 3 2 0 4 

115 18103280885509247078 2 5
5 6 1 4 0 
6 5 1 4 0 

372 379923436499829735 1 5
5 2 6 4 8 

109 4737087631990103942 1 5
0 5 3 2 6 

121 4547002939426917677 1 5
5 3 6 4 0 

124 2442724551721647618 2 5
4 5 3 2 6 
5 4 3 2 6 

62 720153406986957353 1 5
5 1 4 3 2 

47 4513256590277320416 1 5
5 1 0 3 2 

59 5131857082465716013 1 5
3 5 1 0 4 

316 5989657621515135584 1 5
5 3 2 4 8 

110 17074012987824720655 1 5
1 5 3 2 6 

107 8746670193379400533 1 5
5 1 0 3 6 

364 9407745568372446984 2 5
5 8 3 2 6 
8 5 3 2 6 

122 12813607503129867153 1 5
5 3 6 1 4 

213 905733975492532514 2 5
0 4 2 6 7 
0 4 2 7 6 

199 16734718627871659790 2 5
1 0 2 6 7 
1 0 2 7 6 

214 1170858302316114891 2 5
1 4 2 6 7 
1 4 2 7 6 

205 6535269034842074880 1 5
0 3 2 6 7 

211 13465207628759551114 2 5
6 7 1 0 4 
7 6 1 0 4 

468 5985004378282824371 4 5
4 8 2 7 6 
4 8 2 6 7 
8 4 2 7 6 
8 4 2 6 7 

157 3098061727006563701 2 5
0 4 3 2 7 
0 4 2 3 7 

217 15284184528674545917 1 5
0 4 3 6 7 

158 4829484002395752990 2 5
1 4 3 2 7 
1 4 2 3 7 

143 4280637816473234667 2 5
1 0 2 3 7 
1 0 3 2 7 

155 11446006576286666444 1 5
3 7 1 0 4 

412 319330563881633936 4 5
4 8 2 3 7 
4 8 3 2 7 
8 4 3 2 7 
8 4 2 3 7 

206 10588727508656393821 1 5
1 3 2 6 7 

218 16476275988343549283 1 5
1 4 3 6 7 

203 1089463237943383036 1 5
1 0 3 6 7 

181 8825521149712181346 1 5
5 2 7 0 4 

229 12302732126890688334 2 5
0 5 2 6 7 
0 5 2 7 6 

244 9397628363481839042 2 5
4 5 2 6 7 
5 4 2 6 7 

241 9820919714717321668 1 5
5 4 0 6 7 

182 2312962615793463669 1 5
5 1 4 2 7 

230 15166400095534292492 1 5
1 5 2 7 6 

179 5754025359521915076 2 5
5 7 1 0 4 
7 5 1 0 4 

436 379923436499829735 1 5
5 2 7 8 4 

242 10711925097737042252 1 5
5 1 4 6 7 

173 13817877060773594977 1 5
0 5 3 2 7 

227 281934357841555586 1 5
5 1 0 7 6 

484 9397628363481839042 2 5
5 8 2 7 6 
8 5 2 7 6 

188 7983641905307666947 2 5
4 5 3 2 7 
5 4 3 2 7 

233 4939151976220086426 1 5
0 5 3 6 7 

185 568647645907725562 1 5
5 3 7 0 4 

248 2931493229845075762 2 5
4 5 3 6 7 
5 4 3 6 7 

174 16534111425537454572 1 5
1 5 3 2 7 

171 10655823680903226451 1 5
5 1 0 3 7 

341 15793254284651650910 2 5
2 6 0 4 8 
2 6 0 8 4 

234 8336637092471597263 1 5
1 5 3 6 7 

186 10665237275681059539 2 5
5 3 7 1 4 
5 1 4 3 7 

333 5830002887457423997 1 5
0 8 3 2 6 

345 4440724865283501206 2 5
3 6 0 4 8 
3 6 0 8 4 

285 3092461867837677682 4 5
2 3 0 4 8 
2 3 0 8 4 
3 2 0 4 8 
3 2 0 8 4 

357 8825521149712181346 1 5
5 2 6 0 8 

301 12493549364742235298 1 5
5 3 2 0 8 

361 5621002665497097331 1 5
5 3 6 0 8 

376 4596102902320277502 1 5
5 3 6 4 8 

405 15793254284651650910 2 5
2 7 0 4 8 
2 7 0 8 4 

453 905733975492532514 2 5
0 8 2 7 6 
0 8 2 6 7 

465 14275080877230975977 4 5
6 7 0 4 8 
6 7 0 8 4 
7 6 0 4 8 
7 6 0 8 4 

397 3098061727006563701 2 5
0 8 3 2 7 
0 8 2 3 7 

409 15793254284651650910 2 5
3 7 0 4 8 
3 7 0 8 4 

457 15284184528674545917 1 5
0 8 3 6 7 

472 4622508568593048949 2 5
4 8 3 6 7 
8 4 3 6 7 

421 456025201414015382 1 5
5 2 7 8 0 

481 9820919714717321668 1 5
5 8 0 7 6 

496 2116756502251157976 4 5
5 4 8 7 6 
5 6 7 8 4 
5 7 6 4 8 
5 8 4 6 7 

