506 1683195196748954735 2 7
5 3 6 7 1 8 4 
5 1 8 4 3 6 7 

491 18257983848625995831 1 7
5 1 8 0 3 7 6 

494 4941481803885017918 1 7
5 1 8 2 3 7 6 

431 9379175340970240703 1 7
5 1 8 0 2 3 7 

446 17263734949310902861 1 7
5 1 8 4 2 3 7 

443 16771912842857950342 1 7
5 3 7 1 8 4 0 

505 18195969251537538275 1 7
5 3 6 7 8 4 0 

508 10334385285234416800 1 7
5 4 8 3 2 7 6 

445 1464396294816655897 1 7
5 3 2 7 8 4 0 

493 4058971985826249719 1 7
5 8 0 3 2 7 6 

502 11455769519492335026 1 7
5 1 8 4 2 6 7 

499 6827925397754160019 1 7
5 7 6 1 4 8 0 

487 12372319433864677581 1 7
5 1 8 0 2 7 6 

501 17883149277744405731 2 7
5 2 6 7 8 4 0 
5 2 7 6 4 8 0 

439 13139712792761960368 1 7
5 2 7 1 8 0 4 

475 11986709939504519931 1 7
3 6 7 1 8 0 4 

478 8419987124258895410 1 7
1 8 4 3 2 6 7 

415 14941274474399378063 2 7
2 3 7 1 8 0 4 
3 2 7 1 8 0 4 

477 7250512821411346350 2 7
0 4 8 3 2 6 7 
0 8 4 3 2 6 7 

463 6127299114674408626 1 7
1 8 0 3 2 6 7 

471 2001111883984583920 2 7
2 6 7 1 8 0 4 
2 7 6 1 8 0 4 

379 237726544000143319 1 7
5 3 6 1 4 8 0 

367 15463176080111670160 1 7
5 1 8 0 2 3 6 

382 5199952021790879848 1 7
5 1 4 8 2 3 6 

319 11469379147455121129 1 7
5 2 3 1 8 4 0 

381 12844109317164546924 1 7
5 3 2 6 4 0 8 

375 15428807035211385004 1 7
5 2 6 1 4 8 0 

351 17091379416686369029 1 7
3 2 6 1 8 0 4 

251 9579556584662554147 1 7
5 3 6 7 1 4 0 

191 17109813870425939960 1 7
5 1 4 0 2 3 7 

254 11519733663517264083 1 7
5 1 4 2 3 6 7 

239 1896742528828323100 1 7
5 1 0 2 3 6 7 

253 2559495345439548236 1 7
5 4 0 3 2 6 7 

247 5557524093283227178 1 7
5 1 4 0 2 6 7 

127 8430155395222102219 1 7
5 1 4 0 2 3 6 

223 15568523975898610672 1 7
1 0 4 3 2 6 7 

490 11623374169999770171 1 6
5 1 8 3 7 6 

427 4309957980432911545 1 6
5 3 7 1 8 0 

442 3868409743698401530 1 6
5 3 7 1 8 4 

430 13154413871229571261 1 6
5 1 8 2 3 7 

504 14448074085796043849 1 6
5 4 8 3 7 6 

489 15837995551755726722 1 6
5 8 0 3 7 6 

492 12286947765398346090 2 6
5 8 3 2 7 6 
8 5 3 2 7 6 

441 5849572496568825881 1 6
5 3 7 8 4 0 

429 16094156622130465520 1 6
5 8 0 2 3 7 

444 13191496579315138835 1 6
5 8 4 3 2 7 

498 14448074085796043849 1 6
5 7 6 1 4 8 

483 6016534615638645717 1 6
5 7 6 1 8 0 

435 17440789030200203988 2 6
5 7 1 8 0 4 
7 5 1 8 0 4 

486 17083978702241074226 1 6
5 1 8 2 7 6 

497 4768886002953726577 2 6
5 6 7 8 4 0 
5 7 6 4 8 0 

438 6966110243544847662 1 6
5 2 7 1 8 4 

500 8949792681129148197 2 6
5 4 8 2 7 6 
5 8 4 2 6 7 

423 13941172821916738652 1 6
5 2 7 1 8 0 

474 8340812443974365221 2 6
1 8 4 3 6 7 
3 6 7 1 8 4 

485 791463467514371740 1 6
5 8 0 2 7 6 

437 5533006887368727214 1 6
5 2 7 8 0 4 

459 5519958681014581062 1 6
3 6 7 1 8 0 

462 5580202380098859470 1 6
1 8 3 2 6 7 

414 17713998264762948699 2 6
1 8 4 3 2 7 
1 8 4 2 3 7 

411 4559695187208321284 1 6
3 7 1 8 0 4 

399 12631856847609797928 2 6
1 8 0 3 2 7 
1 8 0 2 3 7 

473 5525929128832199519 2 6
3 6 7 0 4 8 
3 6 7 0 8 4 

413 4050109790038712897 4 6
2 3 7 0 4 8 
2 3 7 0 8 4 
3 2 7 0 4 8 
3 2 7 0 8 4 

476 4632054525150775512 2 6
4 8 3 2 6 7 
8 4 3 2 6 7 

467 15196312773526328362 2 6
6 7 1 8 0 4 
7 6 1 8 0 4 

461 12744109118556623841 1 6
0 8 3 2 6 7 

470 7569603486698736013 2 6
1 8 4 2 7 6 
1 8 4 2 6 7 

455 10910653368300181779 2 6
1 8 0 2 7 6 
1 8 0 2 6 7 

407 4559695187208321284 1 6
2 7 1 8 0 4 

469 11632502824456009693 4 6
2 6 7 0 4 8 
2 6 7 0 8 4 
2 7 6 0 4 8 
2 7 6 0 8 4 

363 605046242748893045 1 6
5 3 6 1 8 0 

378 11623374169999770171 1 6
5 3 6 1 4 8 

366 7740046663449112635 1 6
5 1 8 2 3 6 

318 8482752671278528871 1 6
5 2 3 1 8 4 

303 14685624919759004419 1 6
5 2 3 1 8 0 

315 13827044519451592808 1 6
3 5 1 8 4 0 

377 11778646678433660326 1 6
5 3 6 4 0 8 

380 8910335904662032692 1 6
5 4 8 3 2 6 

317 15694086466453214018 1 6
5 3 2 4 0 8 

365 3079705495562691126 1 6
5 0 8 3 2 6 

371 5494536893444169411 2 6
5 6 1 4 8 0 
6 5 1 4 8 0 

359 35026853808707957 1 6
5 2 6 1 8 0 

374 4242751464547066114 1 6
5 2 6 1 4 8 

311 13108577386191293203 1 6
2 5 1 8 0 4 

347 12962653799337358506 1 6
3 6 1 8 0 4 

373 5533006887368727214 1 6
5 2 6 4 0 8 

287 15578560889520482957 2 6
2 3 1 8 0 4 
3 2 1 8 0 4 

350 6062202394033593025 1 6
1 8 4 3 2 6 

335 18382492961938624494 1 6
1 8 0 3 2 6 

349 2207512886585786552 2 6
3 2 6 0 4 8 
3 2 6 0 8 4 

343 4559695187208321284 1 6
2 6 1 8 0 4 

235 2585889055567247797 1 6
5 1 0 3 6 7 

250 3868409743698401530 1 6
5 1 4 3 6 7 

187 13289143912801422449 1 6
5 3 7 1 4 0 

238 9795215027160096381 1 6
1 5 2 3 6 7 

249 9509788429892845573 1 6
5 4 0 3 6 7 

175 4040601480670023117 1 6
5 1 0 2 3 7 

190 16561322142891769946 1 6
5 1 4 2 3 7 

252 2189668202451589671 2 6
4 5 3 2 6 7 
5 4 3 2 6 7 

237 7913351447834625455 1 6
0 5 3 2 6 7 

189 17273218086179544779 1 6
5 4 0 3 2 7 

243 5303343144245193629 1 6
5 6 7 1 4 0 

246 9982663454313580858 1 6
5 1 4 2 6 7 

183 15207553845992763398 1 6
5 2 7 1 0 4 

231 6539224682103230626 1 6
5 1 0 2 7 6 

245 791463467514371740 1 6
5 4 0 2 6 7 

219 5900033533302812862 1 6
3 6 7 1 0 4 

222 7990104328247157411 1 6
1 4 3 2 6 7 

207 15130989480052787875 1 6
1 0 3 2 6 7 

159 11085754939640959318 2 6
1 0 4 3 2 7 
1 0 4 2 3 7 

215 7049691967431316857 2 6
2 6 7 1 0 4 
2 7 6 1 0 4 

221 12744109118556623841 1 6
0 4 3 2 6 7 

123 6152057567392613594 1 6
5 3 6 1 4 0 

126 13004857715875102434 1 6
5 1 4 2 3 6 

111 3317364337638876661 1 6
5 1 0 2 3 6 

63 17820794617211885498 1 6
5 2 3 1 4 0 

125 1371005639415582582 1 6
5 4 0 3 2 6 

95 17433014524119787796 1 6
1 0 4 3 2 6 

119 15678645736250801701 1 6
5 2 6 1 4 0 

488 17583430961032749130 2 5
5 8 3 7 6 
8 5 3 7 6 

426 13364603189197731809 1 5
5 1 8 3 7 

440 6399919801106672932 1 5
5 3 7 8 4 

425 2562933823866770812 1 5
5 3 7 8 0 

428 15866534202768381129 4 5
5 8 2 3 7 
5 8 3 2 7 
8 5 3 2 7 
8 5 2 3 7 

482 14686111556629978587 1 5
5 1 8 7 6 

419 11882000814742858463 2 5
5 7 1 8 0 
7 5 1 8 0 

354 13312223719028599295 2 4
5 6 1 8 
6 5 1 8 

97 11756190339471029063 2 3
0 5 6 
0 6 5 

294 8397334625162587836 1 4
2 5 1 8 

37 11906389949692870025 1 3
2 0 5 

330 13461187978258175434 2 4
1 8 3 6 
3 6 1 8 

73 14158107268100306733 1 3
0 3 6 

270 1953978602712153383 2 4
1 8 3 2 
1 8 2 3 

13 12118474123731129934 2 3
0 2 3 
0 3 2 

282 529838076471764616 1 4
3 1 8 4 

25 2466997049376975834 1 3
3 0 4 

326 13796289709583244209 1 4
1 8 2 6 

69 2745805360666212250 1 3
0 2 6 

278 529838076471764616 1 4
2 1 8 4 

21 2466997049376975834 1 3
2 0 4 

163 8560606635387834163 2 4
5 7 1 0 
7 5 1 0 

420 15804328657059468321 2 4
5 8 2 7 
8 5 2 7 

178 6454475818174722824 2 4
5 7 1 4 
7 5 1 4 

177 17196824616889308990 2 4
5 7 0 4 
7 5 0 4 

434 14463169972624562395 2 5
5 7 1 8 4 
7 5 1 8 4 

195 4275144693263907051 2 4
1 0 6 7 
1 0 7 6 

210 7150496180077738619 2 4
1 4 6 7 
1 4 7 6 

209 12647189590821500486 2 4
0 4 6 7 
0 4 7 6 

466 17443941716167504307 2 5
6 7 1 8 4 
7 6 1 8 4 

106 14360904535643422207 1 4
1 5 3 6 

297 1191670170649378167 1 4
3 5 0 8 

170 4584585979680141891 1 4
1 5 3 7 

43 7575210748536145414 1 4
3 5 1 0 

300 5717025906857630614 4 4
5 8 2 3 
5 8 3 2 
8 5 3 2 
8 5 2 3 

312 11025324576651510866 1 4
3 5 4 8 

55 13383281429940787671 1 5
2 5 1 0 4 

58 4584585979680141891 1 4
3 5 1 4 

46 402140872545667288 1 4
1 5 2 3 

120 11761636407375004198 2 4
4 5 3 6 
5 4 3 6 

105 875774629587716385 1 4
0 5 3 6 

362 12690033318652965665 2 5
5 3 6 1 8 
5 1 8 3 6 

60 17912309331370950559 2 4
4 5 3 2 
5 4 3 2 

184 6454475818174722824 2 4
4 5 3 7 
5 4 3 7 

57 2788681042584929212 1 4
3 5 4 0 

314 11781286084244796545 1 5
3 5 1 8 4 

353 17196824616889308990 2 4
5 6 0 8 
6 5 0 8 

226 11025324576651510866 1 4
1 5 7 6 

99 4394685157414869249 2 4
5 6 1 0 
6 5 1 0 

356 17551861176896189898 2 4
5 8 2 6 
8 5 2 6 

45 17493369336017775851 1 4
0 5 2 3 

302 3778359460740048577 1 5
5 1 8 2 3 

368 1677071180347565230 2 4
5 6 4 8 
6 5 4 8 

114 15804328657059468321 2 4
5 6 1 4 
6 5 1 4 

102 15368499501652111834 1 4
1 5 2 6 

293 17632669447010960037 1 4
2 5 0 8 

166 14315483891285730756 1 4
1 5 2 7 

39 6488997165067921561 1 4
2 5 1 0 

296 10706753935364593016 2 3
3 5 8 
3 8 5 

240 1677071180347565230 2 4
4 5 6 7 
5 4 6 7 

113 7443492619301860047 2 4
5 6 4 0 
6 5 4 0 

370 17583430961032749130 2 5
5 6 1 4 8 
6 5 1 4 8 

308 698476773254776664 2 4
2 5 4 8 
2 5 8 4 

54 15368499501652111834 1 4
2 5 1 4 

116 15804328657059468321 2 4
4 5 2 6 
5 4 2 6 

194 12585292063867719537 2 3
1 6 7 
1 7 6 

451 15376336625944523769 2 5
6 7 1 8 0 
7 6 1 8 0 

193 18382350540000371621 2 3
0 6 7 
0 7 6 

450 8950438065344213768 2 4
1 8 7 6 
1 8 6 7 

329 9991816222910707361 1 4
3 6 0 8 

202 529838076471764616 1 4
1 3 6 7 

75 3039350086244476945 1 4
3 6 1 0 

201 6467885029786722007 1 4
0 3 6 7 

458 2544471438310254489 1 5
1 8 3 6 7 

74 6486448604913209494 1 3
1 3 6 

331 12765363987187278880 1 5
3 6 1 8 0 

269 14363107902055290246 2 4
2 3 0 8 
3 2 0 8 

142 9829021077594943929 2 4
1 2 3 7 
1 3 2 7 

15 18030720707653603730 2 4
1 0 2 3 
1 0 3 2 

56 2512533711646785065 2 3
3 4 5 
3 5 4 

313 17295036288735037371 1 5
3 5 4 0 8 

52 10706753935364593016 2 3
2 4 5 
2 5 4 

309 2033981183953100443 2 5
2 5 0 4 8 
2 5 0 8 4 

135 14112527354456128908 1 4
2 7 1 0 

262 6486448604913209494 1 3
2 1 8 

5 6723132714088521414 1 2
2 0 

85 9176405013234567470 1 4
2 6 0 4 

342 6610907291125018627 1 5
2 6 1 8 4 

41 16312263657105072511 1 3
3 0 5 

298 14360904535643422207 1 4
3 5 1 8 

197 5181535589127577809 2 4
0 2 6 7 
0 2 7 6 

454 6866216736986476997 2 5
1 8 2 7 6 
1 8 2 6 7 

70 11149028268085365730 1 3
1 2 6 

327 7419356485083880946 1 5
2 6 1 8 0 

133 2745805360666212250 1 3
0 2 7 

390 13796289709583244209 1 4
1 8 2 7 

6 17087753756477223945 2 2
1 2 
2 1 

263 5450283367732352258 1 4
2 1 8 0 

165 6598034585151778120 1 4
0 5 2 7 

422 3176545930294350004 1 5
5 1 8 2 7 

292 10706753935364593016 2 3
2 5 8 
2 8 5 

38 2361156492905547982 2 3
1 2 5 
2 1 5 

295 15958610397425498839 1 5
2 5 1 8 0 

9 6723132714088521414 1 2
3 0 

266 6486448604913209494 1 3
3 1 8 

141 16341868139419176752 2 4
0 2 3 7 
0 3 2 7 

398 12179503011420176981 2 5
1 8 3 2 7 
1 8 2 3 7 

14 17383987363454026160 2 3
1 2 3 
1 3 2 

271 12977419085798596355 2 5
2 3 1 8 0 
3 2 1 8 0 

112 2728381371886174304 6 3
4 5 6 
4 6 5 
5 4 6 
5 6 4 
6 5 4 
6 4 5 

369 6321224807121756455 2 5
5 6 4 0 8 
6 5 4 0 8 

180 17551861176896189898 2 4
4 5 2 7 
5 4 2 7 

53 17632669447010960037 1 4
2 5 0 4 

310 8232652801974800287 1 5
2 5 1 8 4 

134 11149028268085365730 1 3
1 2 7 

391 7419356485083880946 1 5
2 7 1 8 0 

7 6912418467338625239 1 3
2 1 0 

261 2466997049376975834 1 3
2 0 8 

101 6598034585151778120 1 4
0 5 2 6 

358 9948523620521210810 1 5
5 1 8 2 6 

267 5450283367732352258 1 4
3 1 8 0 

10 17087753756477223945 2 2
1 3 
3 1 

137 2745805360666212250 1 3
0 3 7 

394 13796289709583244209 1 4
1 8 3 7 

78 18190191940117714365 1 4
1 3 2 6 

161 11756190339471029063 2 3
0 5 7 
0 7 5 

418 11761636407375004198 2 4
5 7 1 8 
7 5 1 8 

153 9176405013234567470 1 4
3 7 0 4 

410 6610907291125018627 1 5
3 7 1 8 4 

26 11149028268085365730 1 3
3 1 4 

283 5040811097198075623 1 5
3 1 8 0 4 

280 12585292063867719537 2 3
3 4 8 
3 8 4 

23 4793755159434412688 1 4
2 1 0 4 

176 754205998099296360 6 3
4 5 7 
4 7 5 
5 4 7 
5 7 4 
7 5 4 
7 4 5 

433 6321224807121756455 2 5
5 7 8 0 4 
7 5 8 0 4 

149 9176405013234567470 1 4
2 7 0 4 

406 6610907291125018627 1 5
2 7 1 8 4 

22 11149028268085365730 1 3
2 1 4 

279 5040811097198075623 1 5
2 1 8 0 4 

276 12585292063867719537 2 3
2 4 8 
2 8 4 

11 6912418467338625239 1 3
3 1 0 

138 11149028268085365730 1 3
1 3 7 

395 7419356485083880946 1 5
3 7 1 8 0 

265 2466997049376975834 1 3
3 0 8 

29 14363107902055290246 2 4
2 3 0 4 
3 2 0 4 

286 4143356442949502389 2 5
2 3 1 8 4 
3 2 1 8 4 

139 14112527354456128908 1 4
3 7 1 0 

89 9991816222910707361 1 4
3 6 0 4 

346 2544471438310254489 1 5
3 6 1 8 4 

284 4230604656947954310 4 4
2 3 4 8 
2 3 8 4 
3 2 4 8 
3 2 8 4 

27 4793755159434412688 1 4
3 1 0 4 

30 17663828750069960505 2 4
1 4 3 2 
1 4 2 3 

169 2058919889924980957 1 4
0 5 3 7 

42 980584032734512894 2 3
1 3 5 
3 1 5 

299 8227840656034000794 1 5
3 5 1 8 0 

225 15631983756314894396 2 4
0 5 6 7 
0 5 7 6 

98 10706753935364593016 2 3
1 5 6 
1 6 5 

355 10673283125717234887 2 5
5 6 1 8 0 
6 5 1 8 0 

352 754205998099296360 6 3
5 6 8 
5 8 6 
6 5 8 
6 8 5 
8 6 5 
8 5 6 

162 2512533711646785065 2 3
1 5 7 
1 7 5 

416 2728381371886174304 6 3
5 7 8 
5 8 7 
7 5 8 
7 8 5 
8 7 5 
8 5 7 

277 12146204473834554921 2 4
2 0 4 8 
2 0 8 4 

150 15406660600063173003 2 4
1 4 2 7 
2 7 1 4 

325 9176405013234567470 1 4
2 6 0 8 

198 15669754230730330559 2 4
1 2 6 7 
1 2 7 6 

71 14112527354456128908 1 4
2 6 1 0 

340 7150496180077738619 2 4
2 6 4 8 
2 6 8 4 

86 15406660600063173003 2 4
1 4 2 6 
2 6 1 4 

281 12146204473834554921 2 4
3 0 4 8 
3 0 8 4 

154 15406660600063173003 2 4
1 4 3 7 
3 7 1 4 

77 10243505124301275256 1 4
0 3 2 6 

334 15253064470191739447 1 5
1 8 3 2 6 

344 8950438065344213768 2 4
3 6 4 8 
3 6 8 4 

87 3999397824575971229 1 5
2 6 1 0 4 

90 13796289709583244209 1 4
3 6 1 4 

360 13312223719028599295 2 4
5 8 3 6 
8 5 3 6 

103 6745237058244054723 1 5
5 2 6 1 0 

404 7150496180077738619 2 4
2 7 4 8 
2 7 8 4 

389 9176405013234567470 1 4
2 7 0 8 

449 12647189590821500486 2 4
0 8 7 6 
0 8 6 7 

393 9176405013234567470 1 4
3 7 0 8 

408 7150496180077738619 2 4
3 7 4 8 
3 7 8 4 

151 3999397824575971229 1 5
2 7 1 0 4 

464 13150025586414177241 8 4
4 8 7 6 
4 8 6 7 
6 7 4 8 
6 7 8 4 
7 6 4 8 
7 6 8 4 
8 4 7 6 
8 4 6 7 

417 7443492619301860047 2 4
5 7 8 0 
7 5 8 0 

432 1677071180347565230 2 4
5 7 8 4 
7 5 8 4 

480 1677071180347565230 2 4
5 8 7 6 
8 5 7 6 

424 15804328657059468321 2 4
5 8 3 7 
8 5 3 7 

167 13230966311886382465 1 5
5 1 0 2 7 

93 14891645301327790789 1 5
0 4 3 2 6 

79 3569869116944691600 1 5
1 0 3 2 6 

94 12496460193956787050 1 5
1 4 3 2 6 

31 11050713808171488104 2 5
2 3 1 0 4 
3 2 1 0 4 

91 4202957227329825474 1 5
3 6 1 0 4 

348 1216723659735808329 2 5
4 8 3 2 6 
8 4 3 2 6 

117 456025201414015382 1 5
5 2 6 4 0 

118 6946320677797669053 2 5
5 2 6 1 4 
5 1 4 2 6 

115 8626941382678128426 2 5
5 6 1 4 0 
6 5 1 4 0 

372 379923436499829735 1 5
5 2 6 4 8 

61 1695887131991391259 1 5
5 3 2 4 0 

109 17940062394531875887 1 5
0 5 3 2 6 

124 3174109689546602775 2 5
4 5 3 2 6 
5 4 3 2 6 

121 2510097413784848062 1 5
5 3 6 4 0 

62 7407703904361790780 1 5
5 1 4 2 3 

47 8100185970559973725 1 5
5 1 0 2 3 

59 16931936827043179443 1 5
3 5 1 4 0 

316 4700516104397759652 1 5
5 3 2 4 8 

110 8334615972913551555 1 5
1 5 2 3 6 

213 905733975492532514 2 5
0 4 2 6 7 
0 4 2 7 6 

122 13364603189197731809 1 5
5 3 6 1 4 

107 1860732218251534644 1 5
5 3 6 1 0 

364 12158658946065122309 2 5
5 8 3 2 6 
8 5 3 2 6 

214 1170858302316114891 2 5
1 4 2 6 7 
1 4 2 7 6 

199 12470382142150507166 2 5
1 0 2 6 7 
1 0 2 7 6 

205 9987257404822282987 1 5
0 3 2 6 7 

211 9984696766448081404 2 5
6 7 1 0 4 
7 6 1 0 4 

468 5985004378282824371 4 5
4 8 2 7 6 
4 8 2 6 7 
8 4 2 7 6 
8 4 2 6 7 

157 17990601542374793074 2 5
0 4 3 2 7 
0 4 2 3 7 

217 14292666393712095315 1 5
0 4 3 6 7 

158 772038652885336484 2 5
1 4 3 2 7 
1 4 2 3 7 

155 3999397824575971229 1 5
3 7 1 0 4 

412 16325884511259221329 4 5
4 8 2 3 7 
4 8 3 2 7 
8 4 3 2 7 
8 4 2 3 7 

143 10050166829708095573 2 5
1 0 2 3 7 
1 0 3 2 7 

206 13024210261977407576 1 5
1 3 2 6 7 

218 6610907291125018627 1 5
1 4 3 6 7 

203 1712143908196427652 1 5
1 0 3 6 7 

181 8825521149712181346 1 5
5 2 7 0 4 

229 12302732126890688334 2 5
0 5 2 6 7 
0 5 2 7 6 

244 9397628363481839042 2 5
4 5 2 6 7 
5 4 2 6 7 

241 9820919714717321668 1 5
5 4 0 6 7 

182 5385446492328396295 1 5
5 1 4 2 7 

179 5077694080880336716 2 5
5 7 1 0 4 
7 5 1 0 4 

436 379923436499829735 1 5
5 2 7 8 4 

230 9014220187794274253 1 5
1 5 2 7 6 

242 6399919801106672932 1 5
5 1 4 6 7 

227 11305809237237150198 1 5
5 1 0 7 6 

484 9397628363481839042 2 5
5 8 2 7 6 
8 5 2 7 6 

173 9146234724812992105 1 5
0 5 2 3 7 

185 6565530164988941440 1 5
5 3 7 4 0 

188 11633027554725639988 2 5
4 5 3 2 7 
5 4 3 2 7 

233 9015651063828577005 1 5
0 5 3 6 7 

248 14463169972624562395 2 5
4 5 3 6 7 
5 4 3 6 7 

174 6130245321062150349 1 5
1 5 2 3 7 

171 14326539369495686723 1 5
5 1 0 3 7 

234 11781286084244796545 1 5
1 5 3 6 7 

186 7101634434729969935 2 5
5 3 7 1 4 
5 1 4 3 7 

341 15793254284651650910 2 5
2 6 0 4 8 
2 6 0 8 4 

333 14891645301327790789 1 5
0 8 3 2 6 

345 16956498972661178902 2 5
3 6 0 4 8 
3 6 0 8 4 

285 6382757600590326697 4 5
2 3 0 4 8 
2 3 0 8 4 
3 2 0 4 8 
3 2 0 8 4 

357 8825521149712181346 1 5
5 2 6 0 8 

301 18152619856136868500 1 5
5 2 3 0 8 

376 14686111556629978587 1 5
5 3 6 4 8 

361 13946209672165676963 1 5
5 3 6 0 8 

405 15793254284651650910 2 5
2 7 0 4 8 
2 7 0 8 4 

453 905733975492532514 2 5
0 8 2 7 6 
0 8 2 6 7 

465 14275080877230975977 4 5
6 7 0 4 8 
6 7 0 8 4 
7 6 0 4 8 
7 6 0 8 4 

397 17990601542374793074 2 5
0 8 3 2 7 
0 8 2 3 7 

409 15793254284651650910 2 5
3 7 0 4 8 
3 7 0 8 4 

457 14292666393712095315 1 5
0 8 3 6 7 

472 17443941716167504307 2 5
4 8 3 6 7 
8 4 3 6 7 

421 456025201414015382 1 5
5 2 7 8 0 

481 9820919714717321668 1 5
5 8 0 7 6 

496 2116756502251157976 4 5
5 4 8 7 6 
5 6 7 8 4 
5 7 6 4 8 
5 8 4 6 7 

