480 78324714845983665 2 4
5 8 7 6 
8 5 7 6 

449 12511644752709678051 2 4
6 7 0 8 
7 6 0 8 

456 12792859129086584636 4 4
6 7 3 8 
6 7 8 3 
7 6 3 8 
7 6 8 3 

432 1324427476534020738 2 4
5 8 7 4 
8 5 7 4 

424 1677071180347565230 2 4
5 7 8 3 
7 5 8 3 

417 2334665758944902347 2 4
5 7 8 0 
7 5 8 0 

106 10220627191361430879 2 4
3 5 1 6 
5 3 1 6 

360 17015737541233389546 2 4
5 6 8 3 
6 5 8 3 

85 15284301901065831945 1 4
0 2 6 4 

92 17102968357309398170 2 4
2 3 6 4 
3 2 6 4 

77 10518531094318783973 2 4
2 6 3 0 
6 2 3 0 

204 9227379641990250253 2 4
2 3 6 7 
3 2 6 7 

337 13328495084071954919 2 4
0 8 6 4 
0 8 4 6 

71 3727815059224817971 2 4
0 2 1 6 
0 2 6 1 

325 69038728583446212 2 4
2 6 0 8 
6 2 0 8 

53 16171549218305203517 2 4
0 4 2 5 
0 4 5 2 

180 10743669588284575603 2 4
2 5 7 4 
5 2 7 4 

60 16128585657598364786 2 4
3 4 2 5 
3 4 5 2 

58 1324427476534020738 2 4
3 5 1 4 
5 3 1 4 

312 3364750820705448782 4 4
4 5 3 8 
4 5 8 3 
5 4 3 8 
5 4 8 3 

305 1937997845885912792 2 4
4 5 0 8 
5 4 0 8 

39 9522368004282599233 1 4
0 1 2 5 

166 9182445166795294852 4 4
2 5 1 7 
2 5 7 1 
5 2 1 7 
5 2 7 1 

293 16313314275341438700 2 4
2 5 0 8 
5 2 0 8 

23 15284301901065831945 1 4
0 2 1 4 

277 1937997845885912792 2 4
2 4 0 8 
4 2 0 8 

89 3362868561759045800 2 4
0 3 4 6 
0 3 6 4 

30 12190912153274299044 2 4
2 3 1 4 
3 2 1 4 

416 2728381371886174304 6 3
5 7 8 
5 8 7 
7 5 8 
7 8 5 
8 7 5 
8 5 7 

7 14065530319751171320 2 3
0 1 2 
0 2 1 

29 9284928439119404261 2 4
2 4 0 3 
4 2 0 3 

156 179286298576043391 2 4
2 3 4 7 
3 2 4 7 

197 766893218584057832 1 4
0 2 6 7 

57 9284928439119404261 2 4
4 5 0 3 
5 4 0 3 

184 10601132076907988804 2 4
3 5 7 4 
5 3 7 4 

352 13119232308241019096 6 3
5 6 8 
5 8 6 
6 5 8 
6 8 5 
8 6 5 
8 5 6 

225 766893218584057832 1 4
0 5 7 6 

304 6906529405458791006 6 3
4 5 8 
4 8 5 
5 4 8 
5 8 4 
8 5 4 
8 4 5 

177 15284301901065831945 1 4
0 5 7 4 

164 11283220846380389061 2 3
7 5 2 
7 2 5 

291 16296357526877487858 2 4
1 5 0 8 
5 1 0 8 

44 11283220846380389061 2 3
3 2 5 
3 5 2 

298 1677071180347565230 2 4
1 5 3 8 
5 1 3 8 

388 12260785478939447192 6 3
2 7 8 
2 8 7 
7 2 8 
7 8 2 
8 7 2 
8 2 7 

131 14845211744745982600 2 3
0 1 7 
0 7 1 

353 15116170692743011674 2 4
5 6 8 0 
6 5 8 0 

149 6412942635565998654 1 4
0 2 4 7 

324 1780203312458342186 6 3
2 6 8 
2 8 6 
6 2 8 
6 8 2 
8 6 2 
8 2 6 

67 926576928809163929 2 3
0 1 6 
0 6 1 

42 2728381371886174304 6 3
1 3 5 
1 5 3 
3 1 5 
3 5 1 
5 3 1 
5 1 3 

169 3202847387657853150 2 4
5 7 0 3 
7 5 0 3 

100 11283220846380389061 2 3
6 5 2 
6 2 5 

275 13328495084071954919 2 4
0 8 4 1 
0 8 1 4 

28 6906529405458791006 6 3
2 3 4 
2 4 3 
3 2 4 
3 4 2 
4 3 2 
4 2 3 

282 7556829846088060811 4 4
3 8 4 1 
3 8 1 4 
8 3 4 1 
8 3 1 4 

78 11104051182257671545 2 4
2 3 6 1 
3 2 6 1 

276 6906529405458791006 6 3
2 4 8 
2 8 4 
4 2 8 
4 8 2 
8 4 2 
8 2 4 

19 15527075883780331159 2 3
0 1 4 
0 4 1 

332 3570514013793875461 2 4
2 6 3 8 
6 2 3 8 

75 13283274235852626827 2 4
0 3 1 6 
0 3 6 1 

193 1648772242061484535 2 3
0 6 7 
0 7 6 

46 7885408825531391087 2 4
1 3 5 2 
3 1 5 2 

14 12260785478939447192 6 3
1 2 3 
1 3 2 
2 1 3 
2 3 1 
3 2 1 
3 1 2 

141 11516714853743296286 2 4
2 7 0 3 
7 2 0 3 

76 14590248500468714027 6 3
2 3 6 
2 6 3 
3 2 6 
3 6 2 
6 3 2 
6 2 3 

330 1699057898927065156 4 4
1 6 3 8 
1 6 8 3 
6 1 3 8 
6 1 8 3 

323 10952074536738588066 2 4
0 8 6 1 
0 8 1 6 

81 15527075883780331159 2 3
0 4 6 
0 6 4 

168 754205998099296360 6 3
3 5 7 
3 7 5 
5 3 7 
5 7 3 
7 5 3 
7 3 5 

38 11283220846380389061 2 3
1 2 5 
1 5 2 

35 6100239783468552929 2 3
0 1 5 
0 5 1 

292 11283220846380389061 2 3
8 5 2 
8 2 5 

165 9522368004282599233 1 4
0 7 5 2 

354 2974813683649203891 2 4
5 8 6 1 
8 5 6 1 

97 6100239783468552929 2 3
0 5 6 
0 6 5 

45 14052320736683589850 2 4
2 5 0 3 
5 2 0 3 

172 15183985570863556182 2 4
3 7 5 2 
7 3 5 2 

104 14860785610888650053 6 3
3 5 6 
3 6 5 
5 3 6 
5 6 3 
6 5 3 
6 3 5 

15 3898550910858680316 2 4
1 2 0 3 
2 1 0 3 

142 15704017212081516077 2 4
2 3 1 7 
3 2 1 7 

387 12988209368820141765 2 4
0 8 7 1 
0 8 1 7 

284 3364750820705448782 4 4
2 4 3 8 
2 4 8 3 
4 2 3 8 
4 2 8 3 

27 3362868561759045800 2 4
0 3 1 4 
0 3 4 1 

408 7556829846088060811 4 4
3 8 7 4 
3 8 4 7 
8 3 7 4 
8 3 4 7 

145 15527075883780331159 2 3
0 4 7 
0 7 4 

54 10743669588284575603 2 4
2 5 1 4 
5 2 1 4 

51 6412942635565998654 1 4
0 5 4 1 

308 16128585657598364786 2 4
8 4 5 2 
8 4 2 5 

290 754205998099296360 6 3
1 5 8 
1 8 5 
5 1 8 
5 8 1 
8 5 1 
8 1 5 

420 7885408825531391087 2 4
7 8 5 2 
8 7 5 2 

163 15370652235367467334 1 4
0 5 7 1 

300 9182445166795294852 4 4
2 5 3 8 
2 5 8 3 
5 2 3 8 
5 2 8 3 

43 9269342948696072808 2 4
1 5 3 0 
5 1 3 0 

170 1677071180347565230 2 4
3 5 1 7 
5 3 1 7 

418 1677071180347565230 2 4
5 8 7 1 
8 5 7 1 

161 14065530319751171320 2 3
0 5 7 
0 7 5 

56 6906529405458791006 6 3
3 4 5 
3 5 4 
4 3 5 
4 5 3 
5 4 3 
5 3 4 

105 2768457302593413450 2 4
5 6 0 3 
6 5 0 3 

232 7978115995136584964 2 4
3 5 6 7 
5 3 6 7 

101 9522368004282599233 1 4
0 6 2 5 

228 11197286858225558775 4 4
2 5 6 7 
2 5 7 6 
5 2 6 7 
5 2 7 6 

102 808532758221848463 4 4
2 5 1 6 
2 5 6 1 
5 2 1 6 
5 2 6 1 

99 14734395699390490376 2 4
0 5 1 6 
0 5 6 1 

356 10247633285845319962 2 4
6 8 5 2 
8 6 5 2 

108 4247939009769351187 2 4
3 6 2 5 
6 3 2 5 

113 6412942635565998654 1 4
0 5 4 6 

120 16795696787755097424 2 4
3 5 6 4 
5 3 6 4 

116 10743669588284575603 2 4
2 5 6 4 
5 2 6 4 

396 15704017212081516077 2 4
2 7 8 3 
7 2 8 3 

139 16392529982263550619 2 4
0 3 1 7 
0 3 7 1 

135 15370652235367467334 1 4
0 2 1 7 

389 11544996021621590069 2 4
2 7 0 8 
7 2 0 8 

404 12190912153274299044 2 4
2 8 7 4 
8 2 7 4 

147 13027210322543618884 2 4
0 1 7 4 
0 7 1 4 

401 13328495084071954919 2 4
0 8 7 4 
0 8 4 7 

153 3362868561759045800 2 4
0 3 4 7 
0 3 7 4 

452 4046967272674566029 2 4
2 8 6 7 
8 2 6 7 

195 3152645674961543315 1 4
0 6 7 1 

201 1938834321505587715 2 4
6 7 0 3 
7 6 0 3 

209 451013184703211533 2 4
0 6 7 4 
0 7 6 4 

270 15704017212081516077 2 4
1 2 3 8 
2 1 3 8 

263 1457579768541012438 2 4
1 2 0 8 
2 1 0 8 

133 6100239783468552929 2 3
0 2 7 
0 7 2 

390 15704017212081516077 2 4
2 8 7 1 
8 2 7 1 

21 17693932441170936467 2 3
0 2 4 
0 4 2 

278 179286298576043391 2 4
2 8 4 1 
8 2 4 1 

37 9200019271395074827 2 3
0 2 5 
0 5 2 

294 15183985570863556182 2 4
1 8 5 2 
8 1 5 2 

49 17693932441170936467 2 3
0 4 5 
0 5 4 

306 10601132076907988804 2 4
5 8 1 4 
8 5 1 4 

69 14065530319751171320 2 3
0 2 6 
0 6 2 

326 4203977922869772278 2 4
2 8 6 1 
8 2 6 1 

344 7556829846088060811 4 4
3 8 6 4 
3 8 4 6 
8 3 6 4 
8 3 4 6 

83 15523647992207790689 2 4
0 1 6 4 
0 6 1 4 

340 8585784082613879566 2 4
2 8 6 4 
8 2 6 4 

368 14772881018774504782 2 4
5 8 6 4 
8 5 6 4 

394 13150025586414177241 8 4
1 7 3 8 
1 7 8 3 
3 8 7 1 
3 8 1 7 
7 1 3 8 
7 1 8 3 
8 3 7 1 
8 3 1 7 

