481 16622970171180308786 2 5
6 8 7 0 5 
8 6 7 0 5 

488 17725818632165536094 1 5
8 6 3 7 5 

482 6855624116802503919 1 5
6 1 8 7 5 

484 4323769937847979480 2 5
6 8 7 2 5 
8 6 7 2 5 

496 12945076698413370687 1 5
6 8 4 7 5 

457 17172994526427585590 1 5
8 6 3 7 0 

460 1984773669962382838 1 5
8 6 3 7 2 

387 10731635530620881688 1 4
1 8 0 7 

354 11699471195932271526 2 4
5 6 1 8 
6 5 1 8 

323 17758179869065109512 1 4
0 6 1 8 

326 5017445520378449331 2 4
2 6 1 8 
6 2 1 8 

298 11699471195932271526 2 4
3 5 1 8 
5 3 1 8 

291 4876241505214928641 1 4
1 8 0 5 

294 15896268698264125057 2 4
1 8 5 2 
1 8 2 5 

267 5785711715439450766 1 4
0 3 1 8 

270 6925972535638963533 2 4
2 3 1 8 
3 2 1 8 

275 10816610238471345473 1 4
0 1 4 8 

390 7150496180077738619 2 4
1 8 7 2 
1 8 2 7 

263 1666437849499697734 1 4
1 8 0 2 

195 7898972267991566279 1 4
1 6 0 7 

452 1677071180347565230 2 4
6 8 7 2 
8 6 7 2 

209 1159911262146019751 2 4
4 6 0 7 
6 4 0 7 

466 18064990090265222733 2 5
6 7 1 8 4 
7 6 1 8 4 

163 15674665102871213249 1 4
1 0 7 5 

139 10800634397337201827 1 4
1 3 0 7 

396 15704017212081516077 2 4
3 8 7 2 
8 3 7 2 

153 9551127617136871390 2 4
3 4 0 7 
4 3 0 7 

410 15516703111208343944 2 5
3 7 1 4 8 
7 3 1 4 8 

147 9282448067991799813 1 4
1 4 0 7 

404 13150025586414177241 8 4
2 7 4 8 
2 7 8 4 
4 8 7 2 
4 8 2 7 
7 2 4 8 
7 2 8 4 
8 4 7 2 
8 4 2 7 

232 10743669588284575603 2 4
3 6 7 5 
6 3 7 5 

105 7177880599662741312 2 4
3 6 0 5 
6 3 0 5 

362 9931365722730558669 2 5
5 3 6 1 8 
5 6 3 1 8 

135 16231017688432971127 1 4
1 0 7 2 

392 12260785478939447192 6 3
3 7 8 
3 8 7 
7 3 8 
7 8 3 
8 7 3 
8 3 7 

360 16128585657598364786 2 4
8 5 6 3 
8 5 3 6 

103 5447060838180446220 1 5
1 6 0 5 2 

106 9613891852088339988 2 4
1 5 3 6 
1 5 6 3 

120 16128585657598364786 2 4
4 5 3 6 
4 5 6 3 

240 10601132076907988804 2 4
4 6 7 5 
6 4 7 5 

113 8374359262016201905 2 4
4 6 0 5 
6 4 0 5 

370 4705014155367496481 2 5
5 6 1 4 8 
6 5 1 4 8 

108 10743669588284575603 2 4
3 6 2 5 
6 3 2 5 

368 3364750820705448782 4 4
5 6 4 8 
5 6 8 4 
6 5 4 8 
6 5 8 4 

114 852638576401355306 2 4
5 6 1 4 
6 5 1 4 

353 12515141050385822927 2 4
6 8 0 5 
8 6 0 5 

226 10732681782495955028 1 4
1 6 5 7 

99 13976026616943878467 1 4
1 6 0 5 

356 10601132076907988804 2 4
6 8 2 5 
8 6 2 5 

116 1324427476534020738 2 4
4 6 2 5 
6 4 2 5 

102 7044477751449671096 1 4
1 6 2 5 

329 15279592698942642751 1 4
0 8 6 3 

202 4733256488291708134 1 4
1 7 3 6 

75 8163575961908720398 1 4
1 0 6 3 

332 15183985570863556182 2 4
2 8 6 3 
8 2 6 3 

204 9182445166795294852 4 4
3 6 2 7 
3 6 7 2 
6 3 2 7 
6 3 7 2 

77 11603304369021221997 2 4
3 6 0 2 
6 3 0 2 

334 5205766840117908641 1 5
2 6 3 1 8 

344 9182445166795294852 4 4
3 6 4 8 
3 6 8 4 
6 3 4 8 
6 3 8 4 

87 9312157392532327075 1 5
6 1 4 2 0 

90 2836114173294757726 2 4
3 6 1 4 
6 3 1 4 

330 4952258919498110774 2 4
3 6 1 8 
6 3 1 8 

73 281358027754569183 2 3
0 3 6 
0 6 3 

76 11283220846380389061 2 3
2 3 6 
2 6 3 

333 11893879979364887619 1 5
8 6 3 0 2 

131 11554727676354521407 1 3
1 0 7 

14 10706753935364593016 2 3
1 2 3 
1 3 2 

271 11924822097642134911 1 5
3 1 8 0 2 

269 7627469747281928035 2 4
3 8 0 2 
8 3 0 2 

142 18125736765879375276 1 4
1 3 7 2 

15 1545492995713361057 1 4
1 3 0 2 

88 11283220846380389061 2 3
4 3 6 
4 6 3 

345 16631199606277249611 2 5
0 3 6 8 4 
0 6 3 4 8 

156 15704017212081516077 2 4
3 4 2 7 
4 3 2 7 

29 17962190633885226295 2 4
3 4 0 2 
4 3 0 2 

286 2370878691122667212 2 5
2 3 1 4 8 
3 2 1 4 8 

324 754205998099296360 6 3
2 6 8 
2 8 6 
6 2 8 
6 8 2 
8 6 2 
8 2 6 

67 8709436471720319256 1 3
1 0 6 

70 12769602731266802952 2 3
1 2 6 
1 6 2 

327 15545197808421798996 1 5
6 1 8 0 2 

3 6749820438703356068 1 2
1 0 

208 754205998099296360 6 3
4 6 7 
4 7 6 
6 4 7 
6 7 4 
7 6 4 
7 4 6 

465 6336371674811248727 1 5
6 7 0 8 4 

81 1511571436509274567 2 3
0 4 6 
0 6 4 

273 18174914236395934960 2 3
0 4 8 
0 8 4 

19 14731333940204241312 1 3
0 1 4 

78 4733256488291708134 1 4
1 2 6 3 

200 11283220846380389061 2 3
7 6 3 
7 3 6 

259 12118398178183663465 1 3
0 1 8 

277 2540898276100957437 2 4
0 2 4 8 
0 2 8 4 

150 3982813991072387447 2 4
1 4 2 7 
1 4 7 2 

23 11260989705761897788 1 4
1 4 0 2 

84 2728381371886174304 6 3
2 4 6 
2 6 4 
4 2 6 
4 6 2 
6 4 2 
6 2 4 

341 9720976441154512314 1 5
6 2 0 4 8 

25 925972403599267591 2 3
0 3 4 
0 4 3 

134 12585292063867719537 2 3
1 2 7 
1 7 2 

391 4045670291378361022 1 5
1 8 0 7 2 

7 2150741435829383373 1 3
1 0 2 

28 12260785478939447192 6 3
2 3 4 
2 4 3 
3 2 4 
3 4 2 
4 3 2 
4 2 3 

285 13021418654814634012 1 5
3 0 2 4 8 

166 2506011958774662217 2 4
1 2 7 5 
1 7 2 5 

39 18172074102775408273 1 4
1 0 5 2 

296 6906529405458791006 6 3
3 5 8 
3 8 5 
5 3 8 
5 8 3 
8 5 3 
8 3 5 

112 6906529405458791006 6 3
4 5 6 
4 6 5 
5 4 6 
5 6 4 
6 5 4 
6 4 5 

369 16586079633280359109 1 5
6 0 5 8 4 

38 7698985776645440831 2 3
1 2 5 
1 5 2 

295 8144520788891901715 1 5
1 8 0 5 2 

138 12769602731266802952 2 3
1 3 7 
1 7 3 

395 12382539403512265930 1 5
3 1 8 0 7 

265 1511571436509274567 2 3
0 3 8 
0 8 3 

11 13672026976537316312 1 3
1 0 3 

162 7698985776645440831 2 3
1 5 7 
1 7 5 

419 9563840582479394363 1 5
1 8 0 7 5 

35 765376376057888868 1 3
1 0 5 

56 6906529405458791006 6 3
3 4 5 
3 5 4 
4 3 5 
4 5 3 
5 4 3 
5 3 4 

313 16586079633280359109 1 5
3 0 5 4 8 

42 3854895435528399829 2 3
1 3 5 
1 5 3 

299 5138284056483629150 1 5
3 1 8 0 5 

60 12190912153274299044 2 4
3 4 2 5 
4 3 2 5 

201 6482096062649050333 2 4
3 6 0 7 
6 3 0 7 

458 7047775094724451499 1 5
7 6 3 1 8 

74 398017352902025568 2 3
1 3 6 
1 6 3 

331 16099964578597974498 1 5
0 6 3 1 8 

328 11283220846380389061 2 3
8 6 3 
8 3 6 

71 8325915806210950119 1 4
1 6 0 2 

92 7885408825531391087 2 4
2 4 6 3 
4 2 6 3 

194 10706753935364593016 2 3
1 6 7 
1 7 6 

451 14365459088932436903 1 5
6 1 8 7 0 

448 2728381371886174304 6 3
6 7 8 
6 8 7 
7 6 8 
7 8 6 
8 7 6 
8 6 7 

321 925972403599267591 2 3
0 6 8 
0 8 6 

212 1677071180347565230 2 4
4 6 2 7 
6 4 2 7 

85 3404538831293044976 2 4
4 6 2 0 
6 4 2 0 

342 2931493229845075762 2 5
2 6 1 4 8 
6 2 1 4 8 

98 3854895435528399829 2 3
1 5 6 
1 6 5 

355 915623501958271328 1 5
6 1 8 0 5 

352 6906529405458791006 6 3
5 6 8 
5 8 6 
6 5 8 
6 8 5 
8 6 5 
8 5 6 

184 179286298576043391 2 4
3 4 5 7 
4 3 5 7 

57 12515141050385822927 2 4
3 4 0 5 
4 3 0 5 

314 4705014155367496481 2 5
3 5 1 4 8 
5 3 1 4 8 

284 15704017212081516077 2 4
2 3 4 8 
3 2 4 8 

27 15903834024661594660 1 4
0 3 1 4 

30 8185086226658989788 2 4
2 3 1 4 
3 2 1 4 

216 15183985570863556182 2 4
4 7 6 3 
7 4 6 3 

89 15279592698942642751 1 4
0 4 3 6 

346 7590955669152249386 2 5
3 6 1 4 8 
6 3 1 4 8 

281 10429993650417795005 1 4
0 3 4 8 

154 10955052312094187409 2 4
3 7 1 4 
7 3 1 4 

340 1677071180347565230 2 4
2 6 4 8 
6 2 4 8 

83 5010863478412204615 1 4
0 6 1 4 

86 9515771854054113449 2 4
2 6 1 4 
6 2 1 4 

308 7556829846088060811 4 4
4 8 5 2 
4 8 2 5 
8 4 5 2 
8 4 2 5 

51 4668381477803415495 1 4
1 4 0 5 

54 7014131733599754745 2 4
1 4 2 5 
1 4 5 2 

305 7611086220761404053 2 4
0 5 4 8 
0 5 8 4 

178 7014131733599754745 2 4
1 4 5 7 
1 4 7 5 

300 179286298576043391 2 4
3 8 5 2 
8 3 5 2 

43 8010731466209219731 1 4
1 3 0 5 

46 10732681782495955028 1 4
1 3 5 2 

312 3364750820705448782 4 4
3 5 4 8 
3 5 8 4 
5 3 4 8 
5 3 8 4 

55 254999749738241158 1 5
1 4 0 5 2 

58 852638576401355306 2 4
3 5 1 4 
5 3 1 4 

297 8374359262016201905 2 4
3 8 0 5 
8 3 0 5 

170 7044477751449671096 1 4
1 3 7 5 

325 1021321557755635447 2 4
6 8 0 2 
8 6 0 2 

198 18125736765879375276 1 4
1 6 2 7 

337 10429993650417795005 1 4
0 6 8 4 

210 3758550860374928371 2 4
6 7 1 4 
7 6 1 4 

401 6030132422936791290 2 4
0 7 4 8 
0 7 8 4 

408 15704017212081516077 2 4
3 7 8 4 
7 3 8 4 

151 16251988528065150463 1 5
1 4 0 7 2 

394 4270695351041866627 2 4
3 7 1 8 
7 3 1 8 

393 12809268964781027570 2 4
3 8 0 7 
8 3 0 7 

418 15896268698264125057 2 4
1 8 7 5 
1 8 5 7 

432 7556829846088060811 4 4
4 8 7 5 
4 8 5 7 
8 4 7 5 
8 4 5 7 

424 12190912153274299044 2 4
3 8 7 5 
8 3 7 5 

167 15948952138527571587 1 5
1 0 7 5 2 

464 1677071180347565230 2 4
6 7 8 4 
7 6 8 4 

450 15804328657059468321 2 4
6 7 1 8 
7 6 1 8 

456 7885408825531391087 2 4
7 8 6 3 
8 7 6 3 

199 15000959158083227083 1 5
1 6 0 7 2 

449 16731357960322496813 2 4
6 8 7 0 
8 6 7 0 

480 1324427476534020738 2 4
6 8 7 5 
8 6 7 5 

62 11709386935695587718 1 5
3 1 4 5 2 

31 17279130209932862966 1 5
3 1 4 0 2 

61 6182135138386769788 2 5
3 4 0 5 2 
4 3 0 5 2 

47 12392004381971797806 1 5
1 3 0 5 2 

59 13387129789332257862 1 5
3 1 4 0 5 

316 4169205296502076595 1 5
3 4 8 2 5 

94 6426846867972258740 1 5
2 6 3 1 4 

93 9742585165511589318 1 5
4 6 3 2 0 

79 729371350480693070 1 5
1 6 3 0 2 

91 12597259598196008751 1 5
0 6 3 1 4 

348 1984773669962382838 1 5
2 6 3 4 8 

118 2045390665250012994 1 5
6 1 4 2 5 

124 17725818632165536094 1 5
4 6 3 2 5 

117 4019946723502961895 2 5
4 6 2 0 5 
6 4 2 0 5 

115 2463014670918872268 1 5
6 1 4 0 5 

372 12945076698413370687 1 5
6 4 8 2 5 

110 3974989506130456744 1 5
1 6 3 2 5 

121 18078468365034364280 1 5
4 3 6 0 5 

109 17696624300849377241 2 5
3 6 0 5 2 
6 3 0 5 2 

122 11053553941868806635 2 5
5 3 6 1 4 
5 6 3 1 4 

107 16718119216721135680 1 5
1 6 3 0 5 

364 16028756778548567593 1 5
8 6 3 2 5 

158 65620483041778020 1 5
3 1 4 7 2 

157 3489356009722330087 2 5
3 4 0 7 2 
4 3 0 7 2 

143 17617439242740904755 1 5
1 3 0 7 2 

155 2500390559412115105 1 5
3 1 4 0 7 

412 15397974748116556752 4 5
3 2 7 8 4 
3 4 8 7 2 
3 7 2 4 8 
3 8 4 2 7 

182 757016727125658107 2 5
1 4 2 7 5 
1 4 7 2 5 

179 1643872656974776362 1 5
1 4 0 7 5 

436 143871076794329895 4 5
4 8 7 2 5 
4 8 2 7 5 
8 4 7 2 5 
8 4 2 7 5 

174 8454230288327463145 1 5
1 3 7 5 2 

186 3361935724419732594 1 5
3 1 4 7 5 

188 7262635795690302862 2 5
3 4 2 7 5 
4 3 2 7 5 

214 4596102902320277502 1 5
6 1 4 2 7 

171 17870295733145541094 1 5
1 3 0 7 5 

428 7262635795690302862 2 5
3 8 7 2 5 
8 3 7 2 5 

185 10883952972205628607 2 5
3 4 0 7 5 
4 3 0 7 5 

213 9517954088166469189 2 5
4 6 2 0 7 
6 4 2 0 7 

220 1984773669962382838 1 5
4 6 3 2 7 

211 13282755210057885032 1 5
6 1 4 0 7 

468 2116756502251157976 4 5
6 4 8 7 2 
6 2 7 8 4 
6 7 2 4 8 
6 8 4 2 7 

206 8964066090102790445 2 5
1 3 6 2 7 
1 6 3 7 2 

218 91416987246435478 1 5
7 3 6 1 4 

217 43627312354104985 1 5
4 3 6 0 7 

205 16965482149292756610 2 5
3 6 0 7 2 
6 3 0 7 2 

203 3277395768278848573 1 5
1 6 3 0 7 

244 4323769937847979480 2 5
4 6 2 7 5 
6 4 2 7 5 

230 8454230288327463145 1 5
1 6 2 5 7 

242 12571297144265543135 1 5
6 1 4 5 7 

227 2025835412328500986 1 5
1 6 0 7 5 

241 8455227155672292507 2 5
4 6 0 7 5 
6 4 0 7 5 

248 16028756778548567593 1 5
4 6 3 7 5 

236 9336784811720327694 4 5
3 6 2 7 5 
3 6 7 2 5 
6 3 2 7 5 
6 3 7 2 5 

234 3974989506130456744 1 5
1 3 6 7 5 

279 11335112802268531265 1 5
0 2 1 4 8 

233 15207127364661607319 2 5
3 6 0 7 5 
6 3 0 7 5 

283 4633409541421942544 1 5
0 3 1 4 8 

310 7845252661427977046 2 5
2 5 1 4 8 
5 2 1 4 8 

307 9752461366551213330 1 5
0 5 1 4 8 

309 4780258327664975157 2 5
4 8 0 5 2 
8 4 0 5 2 

302 9895371878725026128 1 5
3 1 8 5 2 

301 13834656177291386110 2 5
3 8 0 5 2 
8 3 0 5 2 

339 8669469613153889163 1 5
0 6 1 8 4 

358 3139387622986693569 1 5
6 1 8 2 5 

357 16131563752150267191 2 5
6 8 0 5 2 
8 6 0 5 2 

361 18078468365034364280 1 5
8 6 3 0 5 

376 11591694322167734287 4 5
5 3 6 4 8 
5 3 6 8 4 
5 6 3 4 8 
5 6 3 8 4 

406 4622508568593048949 2 5
2 7 1 4 8 
7 2 1 4 8 

405 7816435537329748568 2 5
4 8 0 7 2 
8 4 0 7 2 

403 12519302064843480607 1 5
0 7 1 4 8 

398 9612578381137890767 1 5
3 1 8 7 2 

397 2983613070665926937 2 5
3 8 0 7 2 
8 3 0 7 2 

409 15744755001232353323 1 5
3 0 7 4 8 

422 7198735148424648000 2 5
1 8 7 2 5 
1 8 2 7 5 

434 7845252661427977046 2 5
5 7 1 4 8 
7 5 1 4 8 

433 13883071906276655223 2 5
4 8 0 7 5 
8 4 0 7 5 

440 4169205296502076595 1 5
3 8 4 7 5 

426 6446652158694015929 1 5
3 1 8 7 5 

454 10711925097737042252 1 5
6 1 8 7 2 

425 167986776794613242 2 5
3 8 0 7 5 
8 3 0 7 5 

453 8532965223128222727 2 5
6 8 7 0 2 
8 6 7 0 2 

472 1984773669962382838 1 5
7 6 3 8 4 

