484 6225746798289475818 1 5
2 5 7 6 8 

488 7741574570082464867 2 5
3 5 6 7 8 
5 3 6 7 8 

468 7649709878538780769 2 5
2 4 7 6 8 
4 2 7 6 8 

496 4547489880608402213 1 5
4 5 8 7 6 

482 5328503328137779592 1 5
1 5 7 6 8 

460 8937382082799514266 1 5
2 3 7 6 8 

454 5575182812900104072 1 5
2 1 7 6 8 

472 4613350450492046326 1 5
4 3 7 6 8 

453 6672129407013007123 1 5
2 0 7 6 8 

466 5839893432831628223 1 5
4 1 7 6 8 

458 13252648501123648406 1 5
1 3 6 7 8 

465 6672129407013007123 1 5
4 0 7 6 8 

436 8675413314376651151 1 5
4 2 5 8 7 

428 14986955112861725155 1 5
7 8 5 2 3 

451 5916972091363316710 1 5
1 0 7 6 8 

422 7630641196337378783 1 5
1 2 5 8 7 

440 15528043717771096489 1 5
4 5 3 8 7 

421 13544883123274973677 1 5
2 5 0 8 7 

426 4791144879460141845 1 5
1 3 5 7 8 

434 1769252764808665826 1 5
5 4 1 8 7 

425 4585435118830492676 2 5
3 5 0 7 8 
5 3 0 7 8 

433 13889831214800985908 1 5
4 5 0 8 7 

419 10823635008661154931 2 5
1 5 0 7 8 
1 5 0 8 7 

412 14425966390303192742 1 5
4 2 3 8 7 

398 12231198753762382630 1 5
1 2 3 7 8 

406 8930819114671733110 1 5
2 4 1 8 7 

405 9648824109054852665 2 5
2 4 0 8 7 
4 2 0 8 7 

397 12466888878130331368 2 5
2 3 0 7 8 
2 3 0 8 7 

410 6870724922125912056 1 5
3 4 1 7 8 

391 7698154367877141837 1 5
2 1 0 7 8 

409 7593192566551732959 1 5
4 3 0 7 8 

403 17072754828074914430 2 5
4 1 0 7 8 
4 1 0 8 7 

395 611311219045981983 1 5
1 3 0 8 7 

372 7281794191783332379 1 5
4 2 5 8 6 

364 9864369577274588556 1 5
6 8 5 2 3 

358 1691128696387960188 1 5
1 2 5 8 6 

357 17244377848812064884 1 5
2 5 0 8 6 

376 15992599045604752197 1 5
4 5 3 6 8 

362 6282009995908302844 1 5
1 3 5 6 8 

361 1936306598894758153 2 5
3 5 0 6 8 
5 3 0 6 8 

370 11651008045764331615 1 5
5 4 1 8 6 

355 16161829796721004284 2 5
1 5 0 6 8 
1 5 0 8 6 

369 12734909930685203393 1 5
4 5 0 8 6 

348 16933922767561431422 1 5
4 2 3 8 6 

334 12456493662995392086 1 5
1 2 3 6 8 

342 10521760800746906490 1 5
2 4 1 8 6 

341 5856941686698257872 2 5
2 4 0 8 6 
4 2 0 8 6 

333 2297159645589997922 2 5
2 3 0 6 8 
2 3 0 8 6 

102 6932373034207838012 1 4
1 6 2 5 

116 6944248487395130558 1 4
4 6 2 5 

108 10198685372695966735 1 4
6 5 2 3 

101 5412003110799512562 1 4
2 5 0 6 

106 3788115946315841800 1 4
6 1 5 3 

120 2505770065154038676 1 4
4 6 5 3 

105 12219527490892606314 2 4
3 5 0 6 
5 3 0 6 

114 10696337280034505440 2 4
5 6 4 1 
6 5 4 1 

113 11829580122578318875 1 4
4 5 0 6 

226 5836937069661018267 2 4
1 5 6 7 
1 5 7 6 

99 1496445231847327812 1 4
1 5 0 6 

356 4552011642580699561 1 4
2 5 8 6 

78 11546910474117179611 1 4
1 6 2 3 

92 5036159874697649378 1 4
4 6 2 3 

85 17033440425027155532 2 4
2 4 0 6 
4 2 0 6 

86 1340244940322383761 1 4
2 6 4 1 

204 15175919273973401860 2 4
2 3 6 7 
2 3 7 6 

77 1361567497545663179 1 4
2 3 0 6 

71 3832549309941114820 1 4
2 1 0 6 

90 6953421615527538436 2 4
3 6 4 1 
6 3 4 1 

216 11647855889567165862 1 4
4 3 7 6 

89 15024369831046084700 1 4
4 3 0 6 

346 7214376095625936928 1 5
3 4 1 8 6 

202 17974710104353776704 1 4
1 3 6 7 

75 14317720358711208673 1 4
1 3 0 6 

332 3982813991072387447 2 4
2 3 6 8 
2 3 8 6 

210 5248021592503999030 2 4
4 1 6 7 
4 1 7 6 

83 2631280934420155916 1 4
4 1 0 6 

340 8544954277129885288 2 4
2 4 8 6 
4 2 8 6 

60 2607418473385038378 1 4
4 5 2 3 

46 15250795123692466100 1 4
1 5 2 3 

180 14982105972647012045 1 4
4 7 2 5 

53 11371625876702636691 1 4
4 0 2 5 

310 762274263907727551 1 5
8 2 5 4 1 

54 16646562143354168397 1 4
2 5 4 1 

172 9264604267424564502 1 4
7 5 2 3 

45 5663877109247944480 1 4
0 5 2 3 

302 7234087230129880359 1 5
8 1 5 2 3 

58 4722837240302416887 2 4
3 5 4 1 
5 3 4 1 

166 6932373034207838012 1 4
1 7 2 5 

39 16983210213012076014 1 4
0 1 2 5 

296 12200856999056393219 2 3
8 5 3 
8 3 5 

184 5099980282165547332 1 4
4 7 3 5 

57 15410467675298359368 1 4
0 4 5 3 

314 18354382946965663114 1 5
8 5 3 4 1 

170 459931464323073740 1 4
7 1 5 3 

43 8245006870038553900 1 4
0 1 3 5 

300 11645205469023242068 1 4
8 5 2 3 

178 12517342070031028121 2 4
5 7 4 1 
7 5 4 1 

51 3976875919612765861 1 4
0 5 4 1 

308 12170105755248960948 1 4
4 8 2 5 

156 9545065420260481377 1 4
4 7 2 3 

29 7083331739448885094 2 4
0 4 2 3 
4 0 2 3 

286 7370733425504419362 1 5
8 2 3 4 1 

150 14408880362647508946 1 4
2 7 4 1 

23 11583240495488298256 2 4
0 2 4 1 
2 0 4 1 

280 14718008852537657457 2 3
4 3 8 
4 8 3 

30 5701590180405761578 1 4
2 3 4 1 

142 5570701494776817491 1 4
1 7 2 3 

15 8335988048803807290 1 4
0 1 2 3 

154 1142990019191043764 2 4
3 7 4 1 
7 3 4 1 

27 12900335368033853053 1 4
0 3 4 1 

284 988429156731256704 1 4
4 8 2 3 

209 5215022540671273095 2 4
4 0 6 7 
4 0 7 6 

336 12585292063867719537 2 3
4 6 8 
4 8 6 

79 14606830554304269108 1 5
1 2 3 0 6 

88 10706753935364593016 2 3
4 3 6 
4 6 3 

345 7616782957309397011 1 5
4 3 0 8 6 

74 1101754130854652353 2 3
1 3 6 
1 6 3 

331 7844962874338463563 1 5
1 3 0 8 6 

52 11163419157646448502 1 3
4 2 5 

309 194883141171432832 1 5
4 2 5 0 8 

56 6769977200444175653 2 3
4 3 5 
4 5 3 

313 10898722602978016487 1 5
4 5 3 0 8 

165 5412003110799512562 1 4
2 5 0 7 

38 1527467001394279106 1 3
1 2 5 

295 15715308601879810538 1 5
1 2 5 0 8 

292 15466379490324008734 1 3
8 2 5 

35 15413557597053193640 1 3
0 1 5 

197 5215022540671273095 2 4
2 0 6 7 
2 0 7 6 

324 12585292063867719537 2 3
2 6 8 
2 8 6 

67 2953566418759845616 1 3
1 0 6 

70 6217933996648377271 1 3
2 1 6 

327 10012419652727940238 1 5
2 1 0 6 8 

100 17278863829063952903 1 3
6 2 5 

141 1361567497545663179 1 4
2 3 0 7 

14 14695411587797659180 1 3
1 2 3 

271 4894978233116401012 1 5
1 2 3 0 8 

104 187015039591281257 2 3
6 5 3 
6 3 5 

17 17087753756477223945 2 2
0 4 
4 0 

194 11184363742933004965 2 3
1 6 7 
1 7 6 

3 13068822482211664758 1 2
0 1 

147 2631280934420155916 1 4
4 1 0 7 

404 391625185477465501 2 4
2 4 8 7 
4 2 8 7 

20 17087753756477223945 2 2
2 4 
4 2 

277 2995300807293622581 2 4
2 4 0 8 
4 2 0 8 

11 5679473137778412831 1 3
0 1 3 

138 11701715569851715271 2 3
1 3 7 
1 7 3 

133 11149028268085365730 1 3
2 0 7 

390 8643673250767937177 1 4
2 1 7 8 

6 13068822482211664758 1 2
2 1 

263 4264826821836687618 1 4
2 1 0 8 

400 17258787824257198352 2 3
4 7 8 
4 8 7 

143 7834938576601386945 1 5
1 2 3 0 7 

273 11149028268085365730 1 3
4 0 8 

19 17757348366822263252 1 3
0 4 1 

276 2361156492905547982 2 3
2 4 8 
4 2 8 

196 3870621583062396010 2 3
2 6 7 
2 7 6 

69 11149028268085365730 1 3
2 0 6 

326 4035830696486105760 1 4
2 1 6 8 

84 16574095905003600574 2 3
2 4 6 
4 2 6 

13 1100806113672523033 1 3
0 2 3 

270 12407752705467054704 1 4
1 8 2 3 

131 2953566418759845616 1 3
1 0 7 

388 17258787824257198352 2 3
2 7 8 
2 8 7 

28 1100806113672523033 1 3
4 2 3 

285 7110494713228506197 1 5
4 2 3 0 8 

112 18207486321558840374 2 3
4 5 6 
4 6 5 

98 293890280804375119 2 3
1 5 6 
1 6 5 

145 11149028268085365730 1 3
4 0 7 

402 4153915132030950208 2 4
4 1 7 8 
4 1 8 7 

195 3681588655857750284 2 4
1 0 6 7 
1 0 7 6 

452 15236505058129304159 1 4
2 7 6 8 

322 698593080239003448 2 3
1 6 8 
1 8 6 

25 1330854201845664887 2 3
0 4 3 
4 0 3 

282 16710414266910847370 2 4
3 8 4 1 
8 3 4 1 

152 2512533711646785065 2 3
4 3 7 
4 7 3 

7 3308342210201851092 2 3
0 2 1 
2 0 1 

261 11149028268085365730 1 3
2 0 8 

134 6217933996648377271 1 3
2 1 7 

21 10464402029777390164 6 3
0 2 4 
0 4 2 
2 0 4 
2 4 0 
4 2 0 
4 0 2 

278 16720671956234808174 1 4
2 8 4 1 

148 5707635945091764290 2 3
2 4 7 
4 2 7 

139 8421377230441440823 1 4
1 3 0 7 

396 2045910373128645647 2 4
2 3 7 8 
2 3 8 7 

266 17984561293293019836 2 3
1 3 8 
1 8 3 

162 293890280804375119 2 3
1 5 7 
1 7 5 

153 2707213394142242189 1 4
4 3 0 7 

49 17662388742419376403 2 3
0 4 5 
4 0 5 

306 14538271310917978780 2 4
5 8 4 1 
8 5 4 1 

176 3854895435528399829 2 3
4 5 7 
4 7 5 

37 1866401850434390003 1 3
0 2 5 

294 2204273740076626666 1 4
8 1 2 5 

164 17278863829063952903 1 3
7 2 5 

41 2646679150000234221 2 3
0 3 5 
0 5 3 

298 12010293438571747848 1 4
1 8 3 5 

168 13610365356657072042 2 3
7 5 3 
7 3 5 

81 11149028268085365730 1 3
4 0 6 

338 16956213096860424883 2 4
4 1 6 8 
4 1 8 6 

208 3870621583062396010 2 3
4 6 7 
4 7 6 

386 395323904136013228 2 3
1 7 8 
1 8 7 

5 17087753756477223945 2 2
0 2 
2 0 

262 5679473137778412831 1 3
2 1 8 

259 2953566418759845616 1 3
1 0 8 

135 3832549309941114820 1 4
2 1 0 7 

163 1496445231847327812 1 4
1 5 0 7 

420 18174598764206756338 1 4
2 5 8 7 

290 293890280804375119 2 3
1 5 8 
1 8 5 

177 6333077869789004859 1 4
4 5 0 7 

304 16258839135554755291 2 3
4 5 8 
4 8 5 

47 14882371408728712506 1 5
0 1 5 2 3 

149 9192673037414984222 2 4
2 4 0 7 
4 2 0 7 

22 17757348366822263252 1 3
2 4 1 

279 12487211687096495031 1 5
2 4 1 0 8 

169 18306648581980893316 2 4
3 5 0 7 
5 3 0 7 

42 4666694707008463112 2 3
1 3 5 
1 5 3 

299 9162977393102206136 1 5
1 3 5 0 8 

198 2775451197564514605 2 4
2 1 6 7 
2 1 7 6 

212 16406621722779782888 2 4
2 4 6 7 
4 2 6 7 

240 16578887558284223123 1 4
4 5 7 6 

232 1626246282169189437 2 4
3 5 6 7 
5 3 6 7 

228 8389767111385487549 2 4
2 5 6 7 
2 5 7 6 

281 1470142328109767921 1 4
4 3 0 8 

275 2631280934420155916 1 4
4 1 0 8 

267 2649714811433279087 1 4
1 3 0 8 

269 1361567497545663179 1 4
2 3 0 8 

291 1496445231847327812 1 4
1 5 0 8 

305 12152577045520422986 1 4
4 5 0 8 

297 5741225646592503447 2 4
3 5 0 8 
5 3 0 8 

312 7861852983353935222 1 4
4 8 5 3 

55 2070482621762953206 1 5
0 2 5 4 1 

293 5759712181837140638 1 4
2 5 0 8 

323 11078192227861017966 2 4
1 0 6 8 
1 0 8 6 

337 15669754230730330559 2 4
4 0 6 8 
4 0 8 6 

344 3594530558944545459 1 4
4 3 8 6 

87 8510355539477083393 1 5
2 0 6 4 1 

330 13620543210825303575 1 4
1 3 8 6 

325 15669754230730330559 2 4
2 0 6 8 
2 0 8 6 

368 3418372805148521270 1 4
4 5 8 6 

354 9305823056258921215 2 4
1 5 6 8 
1 5 8 6 

360 8598181255574835227 2 4
3 5 6 8 
5 3 6 8 

103 1313357010108481912 1 5
1 2 5 0 6 

387 10579341068260131913 2 4
1 0 7 8 
1 0 8 7 

401 5625766177066252915 2 4
4 0 7 8 
4 0 8 7 

389 5625766177066252915 2 4
2 0 7 8 
2 0 8 7 

394 12778276680566740820 1 4
1 3 8 7 

408 7997573950467556605 1 4
4 3 7 8 

151 11424875930440540888 1 5
2 0 7 4 1 

418 5596723423027672921 2 4
1 5 7 8 
1 5 8 7 

432 4198184603307738081 1 4
4 5 8 7 

424 5871367967883528839 2 4
3 5 7 8 
5 3 7 8 

167 1313357010108481912 1 5
1 2 5 0 7 

464 15236505058129304159 1 4
4 7 6 8 

450 12357706998091028530 1 4
1 7 6 8 

31 10159659042047304469 1 5
0 2 3 4 1 

59 6042013558132788097 1 5
0 5 3 4 1 

316 12882280692189631175 1 5
4 8 5 2 3 

61 11487450868715485620 1 5
0 4 5 2 3 

62 16171338492496258848 1 5
4 1 5 2 3 

91 6564278522827053187 1 5
3 4 1 0 6 

93 14534091388890620093 1 5
4 2 3 0 6 

94 3019151923698225746 1 5
6 2 3 4 1 

107 14411987633743272764 1 5
1 5 3 0 6 

115 14111448958785795117 1 5
5 4 1 0 6 

121 14453904469706827638 1 5
4 5 3 0 6 

122 2366618493938930131 1 5
6 5 3 4 1 

117 29776045959605598 1 5
4 2 5 0 6 

109 16492103317129189931 1 5
0 6 5 2 3 

110 14897045629002984020 1 5
6 1 5 2 3 

118 8993461928133893809 1 5
6 2 5 4 1 

124 8463095346888603479 1 5
4 6 5 2 3 

155 15987562341225514004 1 5
3 4 1 0 7 

157 2364145148934641800 1 5
4 2 3 0 7 

179 2282498353549738674 1 5
5 4 1 0 7 

158 1399618973161425095 1 5
7 4 1 2 3 

171 4012056840298753010 1 5
1 5 3 0 7 

185 9881465902439942834 1 5
4 5 3 0 7 

186 1204360660331667786 1 5
7 3 5 4 1 

181 18185707170070046486 1 5
4 2 5 0 7 

173 13171512867493862458 1 5
0 7 5 2 3 

182 9996921789190884126 1 5
7 2 5 4 1 

174 14729396490354531397 1 5
7 1 5 2 3 

211 16499243303006119244 2 5
4 1 0 6 7 
4 1 0 7 6 

188 15340076583010021145 1 5
4 7 5 2 3 

203 17549226756894178435 1 5
1 3 0 6 7 

217 249357892398199614 1 5
4 3 0 7 6 

218 4818823214178739504 1 5
3 4 1 7 6 

199 15975451428451005086 2 5
2 1 0 6 7 
2 1 0 7 6 

205 14719859149636124814 2 5
2 3 0 6 7 
2 3 0 7 6 

213 14719261466401227778 2 5
2 4 0 6 7 
4 2 0 6 7 

214 16173362913572522895 1 5
2 4 1 6 7 

206 18392448051678106595 1 5
1 2 3 6 7 

220 16567450449304083013 1 5
4 2 3 7 6 

241 2343760762858130009 1 5
4 5 0 7 6 

233 2017368716023615219 2 5
3 5 0 6 7 
5 3 0 6 7 

227 15021839502031083679 2 5
1 5 0 6 7 
1 5 0 7 6 

242 160559514060853814 1 5
5 4 1 7 6 

234 5849504896135374401 1 5
1 5 3 6 7 

248 2991030335371520688 1 5
4 3 5 6 7 

230 2809299353260092529 2 5
1 2 5 6 7 
1 2 5 7 6 

236 12359179385598690483 1 5
6 7 5 2 3 

229 7302556160925383795 2 5
2 5 0 6 7 
2 5 0 7 6 

244 12870356929642182881 1 5
4 2 5 7 6 

283 15439139365347070930 1 5
3 4 1 0 8 

307 16488127699229432362 1 5
5 4 1 0 8 

301 13629544955956802334 1 5
0 8 5 2 3 

339 2495145382670124424 2 5
4 1 0 6 8 
4 1 0 8 6 

