bhabha2vbox[-1,0,1,0,0,0,0,0,0]*(-32*a2)
bhabha2vbox[0,0,0,1,0,0,0,0,0]*(43*a3-2*a3*eta)
bhabha2vbox[0,0,1,0,-1,0,0,0,0]*(-16*a2)
bhabha2vbox[0,0,1,0,0,0,-1,0,0]*(16*a2)
bhabha2vbox[0,0,1,0,0,0,0,0,0]*(-104*a2)
bhabha2vbox[0,0,0,0,0,0,0,0,1]*(-4*a8)
bhabha2vbox[-1,0,0,1,0,0,0,0,0]*(14*a3)
bhabha2vbox[0,0,0,0,0,0,0,0,0]*(-8*a4+8*a2-6*a6+6*a7)
bhabha2vbox[0,0,0,1,0,-1,0,0,0]*(-3*a3)
bhabha2vbox[0,0,1,0,0,-1,0,0,0]*(8*a2)
bhabha2vbox[0,-1,0,1,0,0,0,0,0]*(-2*a3)
bhabha2vbox[0,0,0,1,0,0,-1,0,0]*(-8*a3)
bhabha2vbox[0,-1,0,0,1,0,0,0,0]*(4*a4)
bhabha2vbox[-1,0,0,0,0,0,0,1,0]*(-4*a7)
bhabha2vbox[0,0,0,0,1,0,0,0,0]*(-26*a4+4*a4*eta)
bhabha2vbox[-1,0,0,0,1,0,0,0,0]*(-8*a4)
bhabha2vbox[0,0,-1,1,0,0,0,0,0]*(-3*a3)
bhabha2vbox[0,0,-1,0,1,0,0,0,0]*(2*a4)
bhabha2vbox[0,0,0,0,0,0,0,1,0]*(-8*a7)
bhabha2vbox[0,0,0,0,1,-1,0,0,0]*(2*a4)
bhabha2vbox[0,0,0,0,1,0,-1,0,0]*(2*a4)
bhabha2vbox[0,0,0,0,1,0,0,-1,0]*(2*a4)
bhabha2vbox[-1,0,0,0,0,0,0,0,1]*(-2*a8)
bhabha2vbox[-1,0,0,0,0,0,1,0,0]*(4*a6)
bhabha2vbox[0,0,0,0,0,0,-1,1,0]*(-2*a7)
bhabha2vbox[0,0,0,1,-1,0,0,0,0]*(8*a3)
bhabha2vbox[0,0,0,0,0,0,1,-1,0]*(2*a6)
bhabha2vbox[0,0,0,0,0,0,1,0,0]*(8*a6)
bhabha2vbox[0,0,0,0,0,0,0,-1,1]*(-3*a8)
bhabha2vbox[0,0,0,0,0,0,-1,0,1]*(5*a8)

bhabha2vbox[-1,0,1,0,0,0,0,0,0]*(-8*a2)
bhabha2vbox[0,-1,1,0,0,0,0,0,0]*(-24*a2)
bhabha2vbox[0,0,1,0,-1,0,0,0,0]*(8*a2)
bhabha2vbox[0,0,1,0,0,0,-1,0,0]*(-8*a2)
bhabha2vbox[0,0,1,0,0,0,0,0,0]*(-8*a2-24*a2*eta)
bhabha2vbox[0,0,0,0,0,0,0,0,0]*(3*a4-3*a8+3*a6-3*a3)
bhabha2vbox[0,0,0,0,0,0,-1,0,1]*(-2*a8)
bhabha2vbox[0,0,1,-1,0,0,0,0,0]*(8*a2)
bhabha2vbox[0,0,1,0,0,-1,0,0,0]*(8*a2)
bhabha2vbox[0,-1,0,1,0,0,0,0,0]*(8*a3)
bhabha2vbox[0,-1,0,0,1,0,0,0,0]*(-7*a4)
bhabha2vbox[0,0,0,1,0,0,-1,0,0]*(2*a3)
bhabha2vbox[0,0,0,0,1,0,0,0,0]*(-10*a4-7*a4*eta)
bhabha2vbox[-1,0,0,0,1,0,0,0,0]*(-6*a4)
bhabha2vbox[-1,0,0,0,0,0,0,1,0]*(-11*a7)
bhabha2vbox[0,0,0,-1,1,0,0,0,0]*(2*a4)
bhabha2vbox[0,0,0,0,1,-1,0,0,0]*(2*a4)
bhabha2vbox[0,0,0,0,1,0,0,0,-1]*(2*a4)
bhabha2vbox[0,0,0,0,0,0,0,1,0]*(-22*a7)
bhabha2vbox[-1,0,0,0,0,0,1,0,0]*(-5*a6)
bhabha2vbox[0,0,0,1,-1,0,0,0,0]*(-2*a3)
bhabha2vbox[0,0,0,1,0,0,0,0,0]*(5*a3+8*a3*eta)
bhabha2vbox[0,0,0,0,0,0,1,0,-1]*(2*a6)
bhabha2vbox[0,0,0,0,0,0,1,0,0]*(-10*a6)
bhabha2vbox[-1,0,0,0,0,0,0,0,1]*(5*a8)
bhabha2vbox[-1,0,0,1,0,0,0,0,0]*(4*a3)
bhabha2vbox[0,0,0,1,0,-1,0,0,0]*(-3*a3)
bhabha2vbox[0,0,0,0,0,0,0,1,-1]*(6*a7)
bhabha2vbox[0,0,0,0,0,0,-1,1,0]*(5*a7)
bhabha2vbox[0,0,0,0,0,0,0,0,1]*(10*a8)

bhabha2vbox[-1,0,1,0,0,0,0,0,0]*(-40*a2)
bhabha2vbox[0,-1,1,0,0,0,0,0,0]*(-24*a2)
bhabha2vbox[0,0,0,0,0,0,0,0,0]*(-3*a4-5*a8+8*a2-5*a3+5*a7)
bhabha2vbox[0,0,1,0,-1,0,0,0,0]*(-8*a2)
bhabha2vbox[0,0,1,0,0,-1,0,0,0]*(16*a2)
bhabha2vbox[0,0,1,0,0,0,-1,0,0]*(8*a2)
bhabha2vbox[0,0,1,0,0,0,0,0,0]*(-112*a2-24*a2*eta)
bhabha2vbox[0,0,0,1,0,-1,0,0,0]*(-7*a3)
bhabha2vbox[0,0,0,0,0,0,0,-1,1]*(-2*a8)
bhabha2vbox[0,0,1,-1,0,0,0,0,0]*(8*a2)
bhabha2vbox[-1,0,0,0,0,0,0,1,0]*(-7*a7)
bhabha2vbox[-1,0,0,1,0,0,0,0,0]*(16*a3)
bhabha2vbox[-1,0,0,0,1,0,0,0,0]*(-30*a4)
bhabha2vbox[0,-1,0,0,1,0,0,0,0]*(-15*a4)
bhabha2vbox[0,0,-1,0,1,0,0,0,0]*(3*a4)
bhabha2vbox[0,-1,0,1,0,0,0,0,0]*(12*a3)
bhabha2vbox[0,0,0,0,1,-1,0,0,0]*(9*a4)
bhabha2vbox[0,0,0,0,1,0,-1,0,0]*(3*a4)
bhabha2vbox[0,0,0,0,1,0,0,-1,0]*(3*a4)
bhabha2vbox[0,0,0,0,1,0,0,0,0]*(-69*a4-15*a4*eta)
bhabha2vbox[0,0,-1,1,0,0,0,0,0]*(-2*a3)
bhabha2vbox[0,0,0,1,0,0,0,0,0]*(37*a3+12*a3*eta)
bhabha2vbox[0,0,0,-1,1,0,0,0,0]*(6*a4)
bhabha2vbox[0,0,0,0,0,0,0,0,1]*(14*a8)
bhabha2vbox[0,0,0,0,1,0,0,0,-1]*(6*a4)
bhabha2vbox[0,0,0,0,0,0,0,1,0]*(-14*a7)
bhabha2vbox[-1,0,0,0,0,0,1,0,0]*(-9*a6)
bhabha2vbox[0,0,0,0,0,0,1,-1,0]*(3*a6)
bhabha2vbox[0,0,0,0,0,0,1,0,0]*(-18*a6)
bhabha2vbox[0,0,0,1,-1,0,0,0,0]*(2*a3)
bhabha2vbox[0,0,0,0,0,0,1,0,-1]*(6*a6)
bhabha2vbox[0,0,0,1,0,0,-1,0,0]*(-2*a3)
bhabha2vbox[-1,0,0,0,0,0,0,0,1]*(7*a8)
bhabha2vbox[0,0,0,0,0,0,0,1,-1]*(2*a7)

