385 16855916945314738306 2 3
0 7 8 
0 8 7 

328 14860785610888650053 6 3
3 6 8 
3 8 6 
6 3 8 
6 8 3 
8 6 3 
8 3 6 

296 754205998099296360 6 3
3 5 8 
3 8 5 
5 3 8 
5 8 3 
8 5 3 
8 3 5 

292 13318334870392717946 6 3
2 5 8 
2 8 5 
5 2 8 
5 8 2 
8 5 2 
8 2 5 

280 13119232308241019096 6 3
3 4 8 
3 8 4 
4 3 8 
4 8 3 
8 4 3 
8 3 4 

276 10119835076175303803 6 3
2 4 8 
2 8 4 
4 2 8 
4 8 2 
8 4 2 
8 2 4 

67 3648638922906116427 1 3
1 0 6 

38 2194224039831407595 2 3
1 2 5 
1 5 2 

35 3648638922906116427 1 3
1 0 5 

22 12129649998618649867 2 3
1 2 4 
1 4 2 

164 10119835076175303803 6 3
2 5 7 
2 7 5 
5 2 7 
5 7 2 
7 5 2 
7 2 5 

26 10706753935364593016 2 3
1 3 4 
1 4 3 

42 10706753935364593016 2 3
1 3 5 
1 5 3 

196 6906529405458791006 6 3
2 6 7 
2 7 6 
6 2 7 
6 7 2 
7 6 2 
7 2 6 

19 3648638922906116427 1 3
1 0 4 

137 9300881905892324280 2 3
0 3 7 
0 7 3 

98 3870621583062396010 2 3
1 5 6 
1 6 5 

7 365950895112199912 1 3
1 0 2 

152 754205998099296360 6 3
3 4 7 
3 7 4 
4 3 7 
4 7 3 
7 4 3 
7 3 4 

14 7698985776645440831 2 3
1 2 3 
1 3 2 

3 14348962063608867451 1 2
1 0 

148 4383011346216368874 6 3
2 4 7 
2 7 4 
4 2 7 
4 7 2 
7 4 2 
7 2 4 

11 2386687592326129334 1 3
1 0 3 

70 12254329342543767602 2 3
1 2 6 
1 6 2 

13 5247286897774723838 2 3
0 2 3 
0 3 2 

131 3452836694390216900 1 3
0 1 7 

74 10706753935364593016 2 3
1 3 6 
1 6 3 

133 7046611945120864492 2 3
0 2 7 
0 7 2 

50 17258787824257198352 2 3
1 4 5 
1 5 4 

168 13119232308241019096 6 3
3 5 7 
3 7 5 
5 3 7 
5 7 3 
7 5 3 
7 3 5 

200 2728381371886174304 6 3
3 6 7 
3 7 6 
6 3 7 
6 7 3 
7 6 3 
7 3 6 

82 12585292063867719537 2 3
1 4 6 
1 6 4 

259 3452836694390216900 1 3
0 1 8 

324 6906529405458791006 6 3
2 6 8 
2 8 6 
6 2 8 
6 8 2 
8 6 2 
8 2 6 

265 9300881905892324280 2 3
0 3 8 
0 8 3 

261 3585938100966390332 2 3
0 2 8 
0 8 2 

