480 394700380938346138 4 4
5 6 7 8 
5 6 8 7 
6 5 7 8 
6 5 8 7 

449 3890879331120793124 2 4
0 6 8 7 
6 0 8 7 

464 5754623822747644827 1 4
4 6 7 8 

417 14349035586590236524 4 4
0 5 7 8 
0 5 8 7 
5 0 7 8 
5 0 8 7 

456 2357200053182921339 1 4
3 6 7 8 

432 13394131481459924451 1 4
4 5 8 7 

401 14412209275766129787 2 4
4 0 7 8 
4 0 8 7 

424 10083773938285380914 2 4
3 5 7 8 
3 5 8 7 

389 6554303559671646315 2 4
2 0 7 8 
2 0 8 7 

408 14538526079803739498 2 4
3 4 8 7 
4 3 8 7 

393 10083773938285380914 2 4
3 0 7 8 
3 0 8 7 

390 9122192145504391228 2 4
2 1 7 8 
2 1 8 7 

353 14735937202816360708 2 4
6 8 0 5 
8 6 0 5 

394 5625766177066252915 2 4
3 1 7 8 
3 1 8 7 

368 14010307982763163993 1 4
5 8 4 6 

360 18182591502297370157 2 4
6 8 3 5 
8 6 3 5 

325 8039909650645796043 2 4
6 8 0 2 
8 6 0 2 

354 7280204158998552156 2 4
5 6 1 8 
6 5 1 8 

337 3004742671634200654 1 4
0 8 4 6 

323 9585561052611729141 2 4
0 6 1 8 
6 0 1 8 

329 15637634100687973609 2 4
6 8 3 0 
8 6 3 0 

344 10165943194089086826 1 4
3 8 4 6 

326 14115175770096743128 1 4
2 6 1 8 

305 2969595286833018105 1 4
4 8 5 0 

330 11829580122578318875 1 4
3 6 1 8 

291 15030547681265595241 2 4
1 8 5 0 
1 8 0 5 

312 1988476479463015152 1 4
4 8 3 5 

294 7521903088142947439 1 4
1 8 2 5 

298 15406660600063173003 2 4
1 8 3 5 
3 5 1 8 

400 17258787824257198352 2 3
4 7 8 
4 8 7 

273 10706753935364593016 2 3
4 0 8 
4 8 0 

146 11149028268085365730 1 3
4 1 7 

352 6906529405458791006 6 3
5 6 8 
5 8 6 
6 5 8 
6 8 5 
8 6 5 
8 5 6 

98 12254329342543767602 2 3
1 5 6 
1 6 5 

225 17727869722022097672 4 4
6 7 0 5 
6 7 5 0 
7 6 5 0 
7 6 0 5 

74 17662388742419376403 2 3
1 3 6 
3 1 6 

201 11990769028644529110 2 4
6 7 3 0 
7 6 3 0 

336 11811985506987824205 1 3
8 4 6 

82 9663156178383526613 1 3
1 4 6 

209 4577395660377791505 1 4
0 7 4 6 

26 10464402029777390164 6 3
1 3 4 
1 4 3 
3 1 4 
3 4 1 
4 3 1 
4 1 3 

153 12844178937462204567 1 4
4 7 3 0 

304 16258839135554755291 2 3
4 5 8 
4 8 5 

50 9792737628942422839 2 3
1 4 5 
4 1 5 

177 4574952018326510119 2 4
4 7 5 0 
4 7 0 5 

19 3519693191574693728 2 3
1 4 0 
4 1 0 

276 2046728543932317336 1 3
4 2 8 

22 10150731333362874699 2 3
1 4 2 
4 1 2 

149 7425667615341250654 1 4
4 7 2 0 

224 6906529405458791006 6 3
5 6 7 
5 7 6 
6 5 7 
6 7 5 
7 6 5 
7 5 6 

208 7225618314733973290 1 3
7 4 6 

338 16545225676560293545 1 4
4 6 1 8 

81 1341041911306012474 1 3
0 4 6 

176 10706753935364593016 2 3
4 5 7 
4 7 5 

306 1988476479463015152 1 4
4 5 1 8 

49 9856009855437824259 2 3
4 0 5 
4 5 0 

402 5625766177066252915 2 4
4 1 7 8 
4 1 8 7 

145 10706753935364593016 2 3
4 0 7 
4 7 0 

266 11149028268085365730 1 3
3 1 8 

396 8560658092144219290 2 4
3 2 7 8 
3 2 8 7 

139 15406660600063173003 2 4
1 7 3 0 
3 0 1 7 

148 10528409060999259508 1 3
4 2 7 

18 17087753756477223945 2 2
1 4 
4 1 

275 12159194040976764615 1 4
4 0 1 8 

388 3643514845908225147 2 3
2 7 8 
2 8 7 

134 17533981407011413632 1 3
2 1 7 

7 13848700440936545170 1 3
1 2 0 

152 16574095905003600574 2 3
3 4 7 
4 3 7 

193 6906529405458791006 6 3
0 6 7 
0 7 6 
6 0 7 
6 7 0 
7 6 0 
7 0 6 

112 1341041911306012474 1 3
5 4 6 

321 2728381371886174304 6 3
0 6 8 
0 8 6 
6 0 8 
6 8 0 
8 6 0 
8 0 6 

262 17533981407011413632 1 3
2 1 8 

84 12925410220905169778 1 3
2 4 6 

14 10831530068662457 1 3
1 3 2 

28 10831530068662457 1 3
4 3 2 

25 11149028268085365730 1 3
4 3 0 

282 10880432878561687756 2 4
3 4 1 8 
4 3 1 8 

138 11149028268085365730 1 3
3 1 7 

135 7521903088142947439 1 4
1 7 2 0 

392 17258787824257198352 2 3
3 7 8 
3 8 7 

11 11149028268085365730 1 3
1 3 0 

274 11149028268085365730 1 3
4 1 8 

404 9797708742428690981 1 4
4 2 7 8 

147 12159194040976764615 1 4
4 0 1 7 

196 4818357682193977826 2 3
2 6 7 
2 7 6 

35 9856009855437824259 2 3
1 0 5 
1 5 0 

21 13848700440936545170 1 3
4 2 0 

278 2602765807586577362 1 4
4 2 1 8 

200 18054779487213094827 2 3
3 6 7 
3 7 6 

42 11149028268085365730 1 3
1 3 5 

56 11149028268085365730 1 3
4 3 5 

38 13848700440936545170 1 3
1 2 5 

52 13848700440936545170 1 3
4 2 5 

15 9546205435513334848 1 4
1 3 2 0 

142 135731514692902645 1 4
1 7 3 2 

70 16404625146833327908 1 3
1 2 6 

67 16258839135554755291 2 3
1 0 6 
1 6 0 

324 3267337049776067846 2 3
2 6 8 
2 8 6 

197 6736815736683640753 2 4
6 7 2 0 
7 6 2 0 

29 9546205435513334848 1 4
4 3 2 0 

156 8861067390135054040 1 4
4 7 3 2 

88 8861515513483241502 1 3
3 4 6 

154 17033440425027155532 2 4
3 4 1 7 
4 3 1 7 

24 17087753756477223945 2 2
3 4 
4 3 

281 14505538550821850107 1 4
4 8 3 0 

46 9546205435513334848 1 4
1 3 2 5 

30 11669685550186974089 2 4
1 4 3 2 
4 1 3 2 

27 3350840979172127825 2 4
1 4 3 0 
4 1 3 0 

284 17838386580604992998 1 4
4 8 3 2 

280 9792737628942422839 2 3
3 4 8 
4 3 8 

23 4695758570366153626 2 4
1 4 0 2 
4 1 0 2 

150 11789969686771590686 1 4
4 2 1 7 

20 17935342459963897086 1 2
4 2 

277 14625390519013940056 1 4
4 8 2 0 

43 17465662671288161290 2 4
1 3 0 5 
1 3 5 0 

170 15406660600063173003 2 4
1 7 3 5 
3 5 1 7 

60 9546205435513334848 1 4
4 3 2 5 

58 10880432878561687756 2 4
1 4 3 5 
4 1 3 5 

54 5367933904184150737 2 4
1 4 5 2 
4 1 5 2 

39 1592547069204526913 2 4
1 0 5 2 
1 5 0 2 

166 7521903088142947439 1 4
1 7 2 5 

57 17465662671288161290 2 4
4 3 0 5 
4 3 5 0 

184 12844178937462204567 1 4
4 7 3 5 

53 1592547069204526913 2 4
4 0 5 2 
4 5 0 2 

180 7425667615341250654 1 4
4 7 2 5 

308 9645094875940614630 1 4
4 8 5 2 

51 13003072639446942615 2 4
1 4 0 5 
4 1 0 5 

178 14505538550821850107 1 4
4 5 1 7 

78 8702523375714968956 1 4
1 6 3 2 

332 5369764266871802714 2 4
6 8 3 2 
8 6 3 2 

75 12152577045520422986 1 4
1 6 3 0 

202 17894880357480254922 1 4
3 6 1 7 

92 3589259755261093988 1 4
4 6 3 2 

86 15842794985198672347 1 4
1 2 4 6 

90 3210768476981048542 1 4
1 3 4 6 

328 18207486321558840374 2 3
3 6 8 
3 8 6 

71 9834661415794959382 1 4
1 6 0 2 

198 11589785585879023292 1 4
2 6 1 7 

89 7980685588675235420 1 4
4 6 3 0 

216 4146942101969140287 1 4
3 7 4 6 

340 1041358560857128929 1 4
2 8 4 6 

83 9863332126320056909 1 4
1 0 4 6 

210 1035053447983556851 1 4
4 6 1 7 

106 5069303078012082896 1 4
1 6 3 5 

85 3844260705539617099 1 4
4 6 0 2 

212 1456388343432654414 1 4
2 7 4 6 

102 10310147331349837339 1 4
1 6 5 2 

120 7980685588675235420 1 4
4 6 3 5 

114 1426650309702511865 1 4
1 5 4 6 

116 3844260705539617099 1 4
4 6 5 2 

356 5614931063249769639 2 4
6 8 2 5 
8 6 2 5 

99 16339812223176129473 1 4
1 6 5 0 

226 7280204158998552156 2 4
5 6 1 7 
6 5 1 7 

113 5861847909819529241 2 4
4 6 5 0 
4 6 0 5 

240 4577395660377791505 1 4
5 7 4 6 

420 6554303559671646315 2 4
2 5 7 8 
2 5 8 7 

163 15030547681265595241 2 4
1 7 5 0 
1 7 0 5 

204 11273161029636307214 2 4
6 7 3 2 
7 6 3 2 

452 12320613446172561009 1 4
2 6 8 7 

195 311993389089937251 2 4
0 6 1 7 
6 0 1 7 

232 11990769028644529110 2 4
6 7 3 5 
7 6 3 5 

228 6736815736683640753 2 4
6 7 2 5 
7 6 2 5 

270 135731514692902645 1 4
1 8 3 2 

10 17087753756477223945 2 2
1 3 
3 1 

267 15406660600063173003 2 4
1 8 3 0 
3 0 1 8 

6 17935342459963897086 1 2
1 2 

263 7521903088142947439 1 4
1 8 2 0 

