bhabha2lp[0,0,0,0,0,0,0,0,0]*(-a7-a4+d-2*a1-a8-a6)
bhabha2lp[0,1,0,0,0,0,0,0,0]*(-2*a1)
bhabha2lp[-1,0,0,0,1,0,0,0,0]*(a4)
bhabha2lp[0,-1,0,0,1,0,0,0,0]*(-a4)
bhabha2lp[0,-1,0,0,0,0,0,0,1]*(-a8)
bhabha2lp[0,0,0,0,1,0,0,0,0]*(-2*a4)
bhabha2lp[0,-1,0,0,0,0,1,0,0]*(-a6)
bhabha2lp[0,0,0,0,0,-1,1,0,0]*(a6)
bhabha2lp[0,-1,0,0,0,0,0,1,0]*(-a7)
bhabha2lp[0,0,0,0,0,0,1,0,0]*(-a6)

bhabha2lp[0,0,0,0,0,0,0,0,0]*(-a3-a0+d-2*a5-a2-a6)
bhabha2lp[1,0,0,0,0,-1,0,0,0]*(-a0)
bhabha2lp[1,0,0,0,0,0,0,0,0]*(-a0)
bhabha2lp[0,0,0,0,0,0,1,0,0]*(a6)
bhabha2lp[0,0,1,0,0,-1,0,0,0]*(-a2)
bhabha2lp[0,0,1,0,0,0,0,0,0]*(-eta*a2)
bhabha2lp[0,0,0,0,0,-1,1,0,0]*(-a6)
bhabha2lp[0,0,0,1,0,-1,0,0,0]*(-a3)
bhabha2lp[-1,0,0,0,1,0,0,0,0]*(-a4)
bhabha2lp[0,-1,0,0,1,0,0,0,0]*(-a4)
bhabha2lp[0,0,0,0,1,-1,0,0,0]*(-2*a4)
bhabha2lp[0,0,0,0,1,0,-1,0,0]*(a4)
bhabha2lp[0,0,0,0,1,0,0,0,0]*(-2*a4)
bhabha2lp[0,-1,0,0,0,0,1,0,0]*(a6)

bhabha2lp[0,0,0,0,0,0,0,0,0]*(-a7+a1)
bhabha2lp[0,1,0,0,0,0,0,-1,0]*(-a1)
bhabha2lp[0,1,0,0,0,0,0,0,0]*(2*a1)
bhabha2lp[0,-1,0,0,1,0,0,0,0]*(a4)
bhabha2lp[0,0,-1,0,1,0,0,0,0]*(-a4)
bhabha2lp[0,0,0,0,1,-1,0,0,0]*(a4)
bhabha2lp[0,0,0,0,1,0,0,-1,0]*(-a4)
bhabha2lp[0,0,0,0,1,0,0,0,0]*(-eta*a4+3*a4)
bhabha2lp[0,-1,0,0,0,0,1,0,0]*(a6)
bhabha2lp[0,0,-1,0,0,0,1,0,0]*(a6)
bhabha2lp[0,0,0,0,0,-1,1,0,0]*(-a6)
bhabha2lp[0,0,0,0,0,0,1,-1,0]*(-a6)
bhabha2lp[0,0,0,0,0,0,1,0,0]*(eta*a6+2*a6)
bhabha2lp[0,-1,0,0,0,0,0,1,0]*(a7)
bhabha2lp[0,0,0,0,0,0,0,0,1]*(7*a8)
bhabha2lp[0,-1,0,0,0,0,0,0,1]*(a8)
bhabha2lp[0,0,0,0,0,0,0,-1,1]*(-a8)

bhabha2lp[0,0,0,0,0,0,0,0,0]*(a1-a8)
bhabha2lp[0,1,0,0,0,0,0,0,-1]*(-a1)
bhabha2lp[0,1,0,0,0,0,0,0,0]*(2*a1)
bhabha2lp[0,-1,0,0,1,0,0,0,0]*(a4)
bhabha2lp[0,0,0,-1,1,0,0,0,0]*(a4)
bhabha2lp[0,0,0,0,1,-1,0,0,0]*(-a4)
bhabha2lp[0,0,0,0,1,0,0,0,-1]*(-a4)
bhabha2lp[0,0,0,0,1,0,0,0,0]*(a4)
bhabha2lp[0,-1,0,0,0,0,1,0,0]*(a6)
bhabha2lp[0,0,0,-1,0,0,1,0,0]*(-a6)
bhabha2lp[0,0,0,0,0,-1,1,0,0]*(a6)
bhabha2lp[0,0,0,0,0,0,1,0,-1]*(-a6)
bhabha2lp[0,0,0,0,0,0,1,0,0]*(2*a6)
bhabha2lp[0,-1,0,0,0,0,0,1,0]*(a7)
bhabha2lp[0,0,0,0,0,0,0,1,-1]*(-a7)
bhabha2lp[0,0,0,0,0,0,0,1,0]*(7*a7)
bhabha2lp[0,-1,0,0,0,0,0,0,1]*(a8)

bhabha2lp[1,0,0,-1,0,0,0,0,0]*(-a0)
bhabha2lp[1,0,0,0,0,-1,0,0,0]*(a0)
bhabha2lp[1,0,0,0,0,0,0,0,0]*(a0)
bhabha2lp[0,0,1,-1,0,0,0,0,0]*(-a2)
bhabha2lp[0,0,1,0,0,-1,0,0,0]*(a2)
bhabha2lp[0,0,1,0,0,0,0,0,0]*(-5*a2)
bhabha2lp[0,0,0,0,0,0,0,0,0]*(-a3+a5)
bhabha2lp[0,0,0,1,0,-1,0,0,0]*(a3)
bhabha2lp[0,0,0,1,0,0,0,0,0]*(-2*a3)
bhabha2lp[0,-1,0,0,1,0,0,0,0]*(-a4)
bhabha2lp[0,0,0,-1,1,0,0,0,0]*(-a4)
bhabha2lp[0,0,0,0,1,-1,0,0,0]*(a4)
bhabha2lp[0,0,0,0,1,0,0,0,-1]*(a4)
bhabha2lp[0,0,0,0,1,0,0,0,0]*(-a4)
bhabha2lp[0,0,0,-1,0,1,0,0,0]*(-a5)
bhabha2lp[0,0,0,0,0,0,1,0,0]*(2*a6)
bhabha2lp[0,-1,0,0,0,0,1,0,0]*(a6)
bhabha2lp[0,0,0,-1,0,0,1,0,0]*(-a6)
bhabha2lp[0,0,0,0,0,-1,1,0,0]*(a6)
bhabha2lp[0,0,0,0,0,0,1,0,-1]*(-a6)

bhabha2lp[0,0,0,0,0,0,0,0,0]*(a1-a6)
bhabha2lp[0,1,0,0,0,-1,0,0,0]*(a1)
bhabha2lp[0,1,0,0,0,0,-1,0,0]*(-a1)
bhabha2lp[0,1,0,0,0,0,0,0,0]*(a1)
bhabha2lp[-1,0,0,0,1,0,0,0,0]*(a4)
bhabha2lp[0,-1,0,0,1,0,0,0,0]*(a4)
bhabha2lp[0,0,0,0,1,-1,0,0,0]*(2*a4)
bhabha2lp[0,0,0,0,1,0,-1,0,0]*(-a4)
bhabha2lp[0,0,0,0,1,0,0,0,0]*(2*a4)
bhabha2lp[0,-1,0,0,0,0,1,0,0]*(a6)
bhabha2lp[0,0,0,0,0,-1,1,0,0]*(-a6)
bhabha2lp[0,0,0,0,0,0,0,0,1]*(a8)
bhabha2lp[0,0,0,0,0,0,1,0,0]*(a6)
bhabha2lp[0,-1,0,0,0,0,0,1,0]*(a7)
bhabha2lp[0,0,-1,0,0,0,0,1,0]*(a7)
bhabha2lp[0,0,0,0,0,0,-1,1,0]*(-a7)
bhabha2lp[0,0,0,0,0,0,0,1,0]*(eta*a7+a7)
bhabha2lp[0,-1,0,0,0,0,0,0,1]*(a8)
bhabha2lp[0,0,0,-1,0,0,0,0,1]*(-a8)
bhabha2lp[0,0,0,0,0,-1,0,0,1]*(2*a8)
bhabha2lp[0,0,0,0,0,0,-1,0,1]*(-a8)

bhabha2lp[0,0,0,0,0,0,0,0,0]*(-a0+a4+a5-a6)
bhabha2lp[1,-1,0,0,0,0,0,0,0]*(-a0)
bhabha2lp[1,0,0,0,-1,0,0,0,0]*(a0)
bhabha2lp[0,0,1,0,0,-1,0,0,0]*(a2)
bhabha2lp[0,0,1,0,0,0,-1,0,0]*(-a2)
bhabha2lp[0,0,1,0,0,0,0,-1,0]*(a2)
bhabha2lp[0,0,1,0,0,0,0,0,0]*(-a2)
bhabha2lp[0,-1,0,1,0,0,0,0,0]*(2*a3)
bhabha2lp[0,0,0,1,0,-1,0,0,0]*(a3)
bhabha2lp[0,0,0,1,0,0,-1,0,0]*(-a3)
bhabha2lp[0,0,0,1,0,0,0,0,-1]*(-a3)
bhabha2lp[0,0,0,1,0,0,0,0,0]*(3*a3)
bhabha2lp[-1,0,0,0,1,0,0,0,0]*(-a4)
bhabha2lp[0,-1,0,0,1,0,0,0,0]*(a4)
bhabha2lp[0,0,0,0,0,0,1,0,0]*(-a6)
bhabha2lp[0,0,0,0,1,0,0,0,0]*(2*a4)
bhabha2lp[0,-1,0,0,0,1,0,0,0]*(a5)
bhabha2lp[0,0,0,0,0,-1,1,0,0]*(a6)
bhabha2lp[0,0,0,0,0,1,-1,0,0]*(-a5)
bhabha2lp[0,0,0,0,0,1,0,0,0]*(a5)
bhabha2lp[0,-1,0,0,0,0,1,0,0]*(-a6)

bhabha2lp[1,0,-1,0,0,0,0,0,0]*(a0)
bhabha2lp[1,0,0,0,0,-1,0,0,0]*(-a0)
bhabha2lp[1,0,0,0,0,0,0,0,0]*(-a0+eta*a0)
bhabha2lp[0,0,0,0,0,0,0,0,0]*(-a5+a2)
bhabha2lp[0,0,1,0,0,-1,0,0,0]*(-a2)
bhabha2lp[0,0,1,0,0,0,0,0,0]*(2*a2+eta*a2)
bhabha2lp[0,0,-1,1,0,0,0,0,0]*(a3)
bhabha2lp[0,0,0,1,0,-1,0,0,0]*(-a3)
bhabha2lp[0,0,0,1,0,0,0,0,0]*(5*a3+a3*eta)
bhabha2lp[0,-1,0,0,1,0,0,0,0]*(-a4)
bhabha2lp[0,0,-1,0,1,0,0,0,0]*(a4)
bhabha2lp[0,0,0,0,1,-1,0,0,0]*(-a4)
bhabha2lp[0,0,0,0,1,0,0,-1,0]*(a4)
bhabha2lp[0,0,0,0,1,0,0,0,0]*(eta*a4-3*a4)
bhabha2lp[0,0,-1,0,0,1,0,0,0]*(a5)
bhabha2lp[0,0,0,0,0,0,1,0,0]*(eta*a6+2*a6)
bhabha2lp[0,0,0,0,0,1,0,0,0]*(eta*a5)
bhabha2lp[0,-1,0,0,0,0,1,0,0]*(a6)
bhabha2lp[0,0,-1,0,0,0,1,0,0]*(a6)
bhabha2lp[0,0,0,0,0,-1,1,0,0]*(-a6)
bhabha2lp[0,0,0,0,0,0,1,-1,0]*(-a6)

bhabha2lp[0,0,0,0,0,0,0,0,0]*(a0+a4-a2-a6)
bhabha2lp[1,0,-1,0,0,0,0,0,0]*(-a0)
bhabha2lp[1,0,0,0,0,0,0,0,0]*(-eta*a0)
bhabha2lp[-1,0,1,0,0,0,0,0,0]*(a2)
bhabha2lp[0,0,0,0,0,0,1,0,0]*(-eta*a6)
bhabha2lp[0,0,1,0,0,0,0,0,0]*(-2*a2-eta*a2)
bhabha2lp[-1,0,0,1,0,0,0,0,0]*(a3)
bhabha2lp[0,0,-1,1,0,0,0,0,0]*(-a3)
bhabha2lp[0,0,0,1,0,0,0,0,0]*(-5*a3-a3*eta)
bhabha2lp[0,-1,0,0,1,0,0,0,0]*(-a4)
bhabha2lp[0,0,-1,0,1,0,0,0,0]*(-a4)
bhabha2lp[0,0,0,0,0,0,1,-1,0]*(a6)
bhabha2lp[0,0,0,0,1,-1,0,0,0]*(-a4)
bhabha2lp[0,0,0,0,1,0,-1,0,0]*(a4)
bhabha2lp[0,0,0,0,1,0,0,-1,0]*(-a4)
bhabha2lp[0,0,0,0,1,0,0,0,0]*(-eta*a4+a4)
bhabha2lp[-1,0,0,0,0,1,0,0,0]*(a5)
bhabha2lp[0,0,-1,0,0,1,0,0,0]*(-a5)
bhabha2lp[0,0,0,0,0,1,0,0,0]*(a5-eta*a5)
bhabha2lp[-1,0,0,0,0,0,1,0,0]*(2*a6)
bhabha2lp[0,-1,0,0,0,0,1,0,0]*(a6)
bhabha2lp[0,0,-1,0,0,0,1,0,0]*(-a6)
bhabha2lp[0,0,0,0,-1,0,1,0,0]*(-a6)
bhabha2lp[0,0,0,0,0,-1,1,0,0]*(a6)

bhabha2lp[-1,1,0,0,0,0,0,0,0]*(a1)
bhabha2lp[0,0,0,0,0,0,0,0,0]*(a7-a4+a1-a6)
bhabha2lp[0,1,0,0,-1,0,0,0,0]*(-a1)
bhabha2lp[0,1,0,0,0,-1,0,0,0]*(a1)
bhabha2lp[0,1,0,0,0,0,-1,0,0]*(-a1)
bhabha2lp[0,1,0,0,0,0,0,-1,0]*(a1)
bhabha2lp[0,1,0,0,0,0,0,0,0]*(-a1)
bhabha2lp[0,-1,0,0,1,0,0,0,0]*(a4)
bhabha2lp[0,0,-1,0,1,0,0,0,0]*(a4)
bhabha2lp[0,0,0,0,0,0,0,0,1]*(-7*a8)
bhabha2lp[0,0,0,0,1,-1,0,0,0]*(a4)
bhabha2lp[0,0,0,0,1,0,-1,0,0]*(-a4)
bhabha2lp[0,0,0,0,1,0,0,-1,0]*(a4)
bhabha2lp[0,0,0,0,1,0,0,0,0]*(eta*a4-a4)
bhabha2lp[-1,0,0,0,0,0,1,0,0]*(2*a6)
bhabha2lp[0,-1,0,0,0,0,1,0,0]*(a6)
bhabha2lp[0,0,-1,0,0,0,1,0,0]*(-a6)
bhabha2lp[0,0,0,0,-1,0,1,0,0]*(-a6)
bhabha2lp[0,0,0,0,0,-1,1,0,0]*(a6)
bhabha2lp[0,0,0,0,0,0,0,-1,1]*(a8)
bhabha2lp[0,0,0,0,0,0,1,-1,0]*(a6)
bhabha2lp[0,0,0,0,0,0,1,0,0]*(-eta*a6)
bhabha2lp[-1,0,0,0,0,0,0,1,0]*(a7)
bhabha2lp[0,-1,0,0,0,0,0,1,0]*(a7)
bhabha2lp[0,0,0,0,-1,0,0,1,0]*(-a7)
bhabha2lp[0,0,0,0,0,-1,0,1,0]*(a7)
bhabha2lp[0,0,0,0,0,0,-1,1,0]*(-a7)
bhabha2lp[0,0,0,0,0,0,-1,0,1]*(-a8)
bhabha2lp[0,0,0,0,0,0,0,1,0]*(2*a7)
bhabha2lp[-1,0,0,0,0,0,0,0,1]*(a8)
bhabha2lp[0,-1,0,0,0,0,0,0,1]*(a8)
bhabha2lp[0,0,0,0,-1,0,0,0,1]*(-a8)
bhabha2lp[0,0,0,0,0,-1,0,0,1]*(a8)

