bhabha2lp[1,0,-1,0,0,0,0,0,0]*(-a0)
bhabha2lp[0,-1,0,0,1,0,0,0,0]*(2*a4)
bhabha2lp[1,0,0,0,0,0,0,0,0]*(-eta*a0)
bhabha2lp[1,0,0,-1,0,0,0,0,0]*(a0)
bhabha2lp[0,0,0,0,1,0,0,0,-1]*(-a4)
bhabha2lp[0,0,-1,0,1,0,0,0,0]*(-a4)
bhabha2lp[0,0,0,0,0,0,0,0,0]*(-5*a3+5*a7-5*a8+5*a2)
bhabha2lp[0,0,1,0,0,-1,0,0,0]*(-3*a2)
bhabha2lp[0,0,1,0,0,0,0,0,0]*(5*eta*a2)
bhabha2lp[0,0,1,-1,0,0,0,0,0]*(-2*a2)
bhabha2lp[0,-1,0,0,0,0,0,0,1]*(7*a8)
bhabha2lp[0,0,0,0,0,0,0,0,1]*(14*a8)
bhabha2lp[0,0,0,0,1,0,0,0,0]*(-eta*a4+4*a4)
bhabha2lp[0,0,-1,1,0,0,0,0,0]*(2*a3)
bhabha2lp[0,0,0,1,0,-1,0,0,0]*(3*a3)
bhabha2lp[0,0,0,0,1,0,0,-1,0]*(-a4)
bhabha2lp[0,0,0,0,0,0,0,-1,1]*(-2*a8)
bhabha2lp[0,0,0,0,0,0,0,1,-1]*(2*a7)
bhabha2lp[0,0,0,-1,1,0,0,0,0]*(a4)
bhabha2lp[0,0,0,1,0,0,0,0,0]*(2*a3*eta)
bhabha2lp[0,-1,0,0,0,0,0,1,0]*(-7*a7)
bhabha2lp[0,0,0,0,0,0,0,1,0]*(-14*a7)

bhabha2lp[1,0,-1,0,0,0,0,0,0]*(2*a0)
bhabha2lp[1,0,0,0,0,-1,0,0,0]*(-a0)
bhabha2lp[1,0,0,0,0,0,0,0,0]*(-a0+2*eta*a0)
bhabha2lp[0,0,0,0,0,0,0,0,0]*(-a0+a7-a4+a2)
bhabha2lp[0,0,0,0,1,0,0,0,0]*(2*eta*a4-4*a4)
bhabha2lp[0,0,0,0,1,0,-1,0,0]*(-a4)
bhabha2lp[0,0,0,0,1,0,0,-1,0]*(2*a4)
bhabha2lp[0,0,1,0,0,-1,0,0,0]*(-3*a2)
bhabha2lp[0,0,1,0,0,0,0,0,0]*(2*a2+eta*a2)
bhabha2lp[-1,0,1,0,0,0,0,0,0]*(2*a2)
bhabha2lp[0,0,0,0,0,0,0,0,1]*(7*a8)
bhabha2lp[0,0,0,0,0,-1,0,0,1]*(5*a8)
bhabha2lp[-1,0,0,1,0,0,0,0,0]*(5*a3)
bhabha2lp[0,0,-1,0,1,0,0,0,0]*(2*a4)
bhabha2lp[0,0,0,0,-1,0,0,0,1]*(-5*a8)
bhabha2lp[0,0,0,0,0,0,0,-1,1]*(-a8)
bhabha2lp[0,0,0,1,0,0,0,0,0]*(5*a3+a3*eta)
bhabha2lp[0,-1,0,0,0,0,0,0,1]*(11*a8)
bhabha2lp[0,0,0,1,0,-1,0,0,0]*(-6*a3)
bhabha2lp[0,0,-1,1,0,0,0,0,0]*(a3)
bhabha2lp[0,0,0,0,0,0,-1,1,0]*(2*a7)
bhabha2lp[0,0,0,0,0,0,0,1,0]*(-4*a7)
bhabha2lp[0,0,0,0,0,0,-1,0,1]*(-5*a8)
bhabha2lp[-1,0,0,0,0,0,0,0,1]*(5*a8)
bhabha2lp[0,-1,0,0,0,0,0,1,0]*(-5*a7)
bhabha2lp[0,0,0,0,0,-1,0,1,0]*(-2*a7)
bhabha2lp[-1,0,0,0,0,0,0,1,0]*(-2*a7)
bhabha2lp[0,0,0,0,-1,0,0,1,0]*(2*a7)

bhabha2lp[1,0,0,-1,0,0,0,0,0]*(-a0)
bhabha2lp[1,0,0,0,0,-1,0,0,0]*(a0)
bhabha2lp[1,0,0,0,0,0,0,0,0]*(a0-eta*a0)
bhabha2lp[0,0,0,0,0,0,0,0,0]*(-6*a3+a0+5*a7+a4-6*a8+5*a2)
bhabha2lp[1,0,-1,0,0,0,0,0,0]*(-a0)
bhabha2lp[0,0,0,0,1,0,-1,0,0]*(a4)
bhabha2lp[0,0,1,-1,0,0,0,0,0]*(-3*a2)
bhabha2lp[0,0,1,0,0,-1,0,0,0]*(3*a2)
bhabha2lp[0,0,1,0,0,0,0,0,0]*(-5*a2+5*eta*a2)
bhabha2lp[-1,0,1,0,0,0,0,0,0]*(-5*a2)
bhabha2lp[0,0,-1,0,1,0,0,0,0]*(-a4)
bhabha2lp[0,0,0,-1,1,0,0,0,0]*(-a4)
bhabha2lp[0,-1,0,0,1,0,0,0,0]*(-2*a4)
bhabha2lp[0,0,0,0,1,0,0,-1,0]*(-a4)
bhabha2lp[-1,0,0,0,0,0,0,0,1]*(-2*a8)
bhabha2lp[0,0,0,0,1,0,0,0,-1]*(a4)
bhabha2lp[0,0,0,0,1,0,0,0,0]*(-eta*a4)
bhabha2lp[0,-1,0,0,0,0,0,0,1]*(4*a8)
bhabha2lp[0,0,0,0,0,-1,0,0,1]*(-2*a8)
bhabha2lp[0,0,0,0,0,0,0,0,1]*(14*a8)
bhabha2lp[0,0,0,0,-1,0,0,0,1]*(2*a8)
bhabha2lp[0,0,0,0,0,0,0,-1,1]*(-2*a8)
bhabha2lp[0,0,0,0,0,0,-1,0,1]*(2*a8)
bhabha2lp[0,0,0,1,0,0,0,0,0]*(-2*a3+2*a3*eta)
bhabha2lp[0,-1,0,0,0,0,0,1,0]*(2*a7)
bhabha2lp[0,0,0,0,0,0,0,1,-1]*(3*a7)
bhabha2lp[0,0,0,0,0,0,0,1,0]*(-11*a7)
bhabha2lp[-1,0,0,0,0,0,0,1,0]*(5*a7)
bhabha2lp[0,0,0,1,0,-1,0,0,0]*(6*a3)
bhabha2lp[0,0,0,0,-1,0,0,1,0]*(-5*a7)
bhabha2lp[0,0,0,0,0,-1,0,1,0]*(5*a7)
bhabha2lp[0,0,0,0,0,0,-1,1,0]*(-5*a7)
bhabha2lp[0,0,-1,1,0,0,0,0,0]*(2*a3)
bhabha2lp[-1,0,0,1,0,0,0,0,0]*(-2*a3)

