506 13587677850908057739 2 7
5 3 6 7 1 8 4 
5 1 8 4 3 6 7 

491 5137515237571909655 1 7
5 1 0 8 3 6 7 

494 17063007195744062777 1 7
5 1 8 3 2 6 7 

443 14875289171939106968 1 7
5 3 7 1 0 8 4 

431 3761321499278488912 1 7
5 1 0 8 3 2 7 

446 6740486663945390805 1 7
5 1 8 4 3 2 7 

505 1264651128141922985 1 7
5 3 6 7 0 8 4 

508 7704634521380605840 1 7
5 8 4 3 2 6 7 

493 14359301829293842918 1 7
5 0 8 3 2 6 7 

445 1872758670691876522 1 7
5 3 2 7 0 8 4 

499 8942088424678481975 1 7
5 6 7 1 0 8 4 

502 11526465560132759033 1 7
5 1 8 4 2 6 7 

487 17562670644534943224 1 7
5 1 0 8 2 6 7 

501 11734484801473473203 2 7
5 2 6 7 0 8 4 
5 2 7 6 0 4 8 

439 13110381741969351686 1 7
5 2 7 1 0 8 4 

475 5477081989870644958 1 7
3 6 7 1 0 8 4 

415 3551236417632290947 2 7
2 3 7 1 0 8 4 
3 2 7 1 0 8 4 

477 11870663138481918396 2 7
0 4 8 3 2 6 7 
0 8 4 3 2 6 7 

478 17236715913567687077 1 7
1 8 4 3 2 6 7 

463 10066321826581994302 1 7
1 0 8 3 2 6 7 

471 11621003613034858208 2 7
2 6 7 1 0 8 4 
2 7 6 1 0 8 4 

379 12073169674376516318 1 7
5 3 6 1 0 8 4 

367 3034522477714325097 1 7
5 1 0 8 3 2 6 

382 12032966031949548178 1 7
5 1 8 4 3 2 6 

319 13427762756649183493 1 7
5 3 2 1 0 8 4 

381 265839806596988113 1 7
5 3 2 6 0 8 4 

375 16371685844705321606 1 7
5 2 6 1 0 8 4 

351 9205908349339500002 1 7
3 2 6 1 0 8 4 

251 13045738391502724191 1 7
5 1 0 4 3 6 7 

239 10463586022785166933 1 7
5 1 0 3 2 6 7 

191 16039346783177842288 1 7
5 1 0 4 3 2 7 

254 17537558260511167230 1 7
5 1 4 3 2 6 7 

127 6968314144812474607 1 7
5 1 0 4 3 2 6 

247 1934207100922907402 1 7
5 1 0 4 2 6 7 

253 15638193448343385248 1 7
5 0 4 3 2 6 7 

223 11070631078220661716 1 7
1 0 4 3 2 6 7 

490 7846417920070748818 1 6
5 1 8 3 6 7 

427 2070621176511097024 1 6
5 3 7 1 0 8 

442 13307630695096188772 1 6
5 3 7 1 8 4 

430 6204033476750372040 1 6
5 1 8 3 2 7 

489 3289763304834577643 1 6
5 0 8 3 6 7 

504 5036957493177087395 1 6
5 8 4 3 6 7 

492 9865373360172512150 2 6
5 8 3 2 6 7 
8 5 3 2 6 7 

441 2838219192441931703 1 6
5 3 7 0 8 4 

429 8336044407206828045 1 6
5 0 8 3 2 7 

444 16748742091834996558 1 6
5 8 4 3 2 7 

483 6116771871855039285 1 6
5 6 7 1 0 8 

498 5036957493177087395 1 6
5 6 7 1 8 4 

435 13624955480063232079 2 6
5 7 1 0 8 4 
7 5 1 0 8 4 

486 7507653676659468819 1 6
5 1 8 2 6 7 

497 11636628205137817758 2 6
5 6 7 0 8 4 
5 7 6 0 4 8 

423 6753412926291596354 1 6
5 2 7 1 0 8 

438 14636896846249940887 1 6
5 2 7 1 8 4 

500 7657773738533340069 2 6
5 4 8 2 7 6 
5 8 4 2 6 7 

485 15635618789282707011 1 6
5 0 8 2 7 6 

474 9664659580043954769 2 6
1 8 4 3 6 7 
3 6 7 1 8 4 

437 4325450134631732268 1 6
5 2 7 0 8 4 

459 10619229778439772080 1 6
1 0 8 3 6 7 

462 10249849302948238587 1 6
1 8 3 2 6 7 

411 8913297516635563450 1 6
3 7 1 0 8 4 

414 4057669094100344527 2 6
1 8 4 3 2 7 
1 8 4 2 3 7 

399 7706013079832485945 2 6
1 0 8 3 2 7 
1 0 8 2 3 7 

473 5877163488697692561 2 6
3 6 7 0 4 8 
3 6 7 0 8 4 

413 3412305818332951916 4 6
2 3 7 0 4 8 
2 3 7 0 8 4 
3 2 7 0 4 8 
3 2 7 0 8 4 

476 10185279196549763206 2 6
4 8 3 2 6 7 
8 4 3 2 6 7 

461 16956044794953801550 1 6
0 8 3 2 6 7 

467 12078694481076679082 2 6
6 7 1 0 8 4 
7 6 1 0 8 4 

470 7902747442731901701 2 6
1 8 4 2 7 6 
1 8 4 2 6 7 

455 1118276768156224789 2 6
1 0 8 2 7 6 
1 0 8 2 6 7 

407 8913297516635563450 1 6
2 7 1 0 8 4 

469 7827889540293469095 4 6
2 6 7 0 4 8 
2 6 7 0 8 4 
2 7 6 0 4 8 
2 7 6 0 8 4 

363 6702249534256295006 1 6
5 3 6 1 0 8 

378 7846417920070748818 1 6
5 3 6 1 8 4 

366 3436178335994725577 1 6
5 1 8 3 2 6 

318 10186857911867815704 1 6
5 3 2 1 8 4 

315 8240786579111560041 1 6
3 5 1 0 8 4 

303 8735784001600573932 1 6
5 3 2 1 0 8 

377 12047156704612542794 1 6
5 3 6 0 8 4 

365 1655556148791684991 1 6
5 0 8 3 2 6 

380 567214048219306670 1 6
5 8 4 3 2 6 

317 2037048160129160234 1 6
5 3 2 0 8 4 

371 7041144658735119088 2 6
5 6 1 0 8 4 
6 5 1 0 8 4 

359 4243484516817798336 1 6
5 2 6 1 0 8 

374 8778295559902059706 1 6
5 2 6 1 8 4 

373 4325450134631732268 1 6
5 2 6 0 4 8 

311 11965194181417313709 1 6
2 5 1 0 8 4 

287 4144881257744481725 2 6
2 3 1 0 8 4 
3 2 1 0 8 4 

347 3544952470209398249 1 6
3 6 1 0 8 4 

350 5813078525945078869 1 6
1 8 4 3 2 6 

335 8196303787820285354 1 6
1 0 8 3 2 6 

349 8223227116892774211 2 6
3 2 6 0 4 8 
3 2 6 0 8 4 

235 10309526750667184654 1 6
5 1 0 3 6 7 

343 8913297516635563450 1 6
2 6 1 0 8 4 

250 13307630695096188772 1 6
5 1 4 3 6 7 

238 15285267915804312144 1 6
1 5 3 2 6 7 

187 2554987971648468773 1 6
5 3 7 1 0 4 

175 11491349566669699028 1 6
5 1 0 3 2 7 

190 26026068357367584 1 6
5 1 4 3 2 7 

249 2012873896159626528 1 6
5 0 4 3 6 7 

252 7442529623664987550 2 6
4 5 3 2 6 7 
5 4 3 2 6 7 

237 12034878929986779545 1 6
0 5 3 2 6 7 

189 17389837670107770216 1 6
5 0 4 3 2 7 

243 4144354248716783736 1 6
5 6 7 1 0 4 

246 3976784036083460179 1 6
5 1 4 2 6 7 

231 12556298996372160827 1 6
5 1 0 2 6 7 

183 1309159908065107027 1 6
5 2 7 1 0 4 

245 15635618789282707011 1 6
5 0 4 2 6 7 

219 6306907021771662834 1 6
1 0 4 3 6 7 

159 7876629271859862715 2 6
1 0 4 3 2 7 
1 0 4 2 3 7 

207 7738259729194791997 1 6
1 0 3 2 6 7 

222 17830056156839413195 1 6
1 4 3 2 6 7 

221 16956044794953801550 1 6
0 4 3 2 6 7 

123 4522531776105353970 1 6
5 3 6 1 0 4 

215 14881272400856847953 2 6
1 0 4 2 6 7 
1 0 4 2 7 6 

111 719405494470054972 1 6
5 1 0 3 2 6 

126 12721890887679383556 1 6
5 1 4 3 2 6 

63 13301244404347491727 1 6
5 3 2 1 0 4 

125 14153788931870900028 1 6
5 0 4 3 2 6 

95 14299887371323682608 1 6
1 0 4 3 2 6 

119 595549327712791798 1 6
5 2 6 1 0 4 

426 8588430803318870469 1 5
5 1 8 3 7 

488 15516703111208343944 2 5
5 8 3 6 7 
8 5 3 6 7 

440 9612578381137890767 1 5
5 3 7 8 4 

425 10054116388880178338 1 5
5 3 7 0 8 

428 5319931340154814029 2 5
5 8 3 2 7 
8 5 3 2 7 

294 5036159874697649378 1 4
2 5 1 8 

37 15958059800931094834 1 3
2 0 5 

354 10955052312094187409 2 4
5 6 1 8 
6 5 1 8 

97 8601944490373965179 2 3
0 5 6 
0 6 5 

330 12030119370035199782 2 4
1 8 3 6 
3 6 1 8 

73 7703474770747799351 1 3
0 3 6 

282 8389516611493844045 1 4
3 1 8 4 

25 13848700440936545170 1 3
3 0 4 

270 3117539274478306512 2 4
1 8 3 2 
1 8 2 3 

13 7989903122454054610 2 3
0 2 3 
0 3 2 

326 1361567497545663179 1 4
1 8 2 6 

69 17533981407011413632 1 3
0 2 6 

278 8389516611493844045 1 4
2 1 8 4 

21 13848700440936545170 1 3
2 0 4 

178 6925972535638963533 2 4
5 7 1 4 
7 5 1 4 

163 7206845894264776275 2 4
5 7 1 0 
7 5 1 0 

420 2094911513554197192 2 4
5 8 2 7 
8 5 2 7 

177 8890533637995200090 2 4
5 7 0 4 
7 5 0 4 

434 2370878691122667212 2 5
5 7 1 8 4 
7 5 1 8 4 

195 17888136917517282793 2 4
1 0 6 7 
1 0 7 6 

210 7150496180077738619 2 4
1 4 6 7 
1 4 7 6 

209 500395640035807574 2 4
0 4 6 7 
0 4 7 6 

466 4622508568593048949 2 5
6 7 1 8 4 
7 6 1 8 4 

312 18125736765879375276 1 4
3 5 8 4 

55 3150857807184819883 1 5
2 5 1 0 4 

58 12159194040976764615 1 4
3 5 1 4 

360 10955052312094187409 2 4
5 8 3 6 
8 5 3 6 

103 4519896223484288946 1 5
5 1 0 2 6 

106 11042797408386191705 1 4
1 5 3 6 

300 9258636742296635226 2 4
5 8 3 2 
8 5 3 2 

43 7301345047381006860 1 4
3 5 1 0 

46 10235435253070270992 1 4
1 5 3 2 

120 8185086226658989788 2 4
4 5 3 6 
5 4 3 6 

297 2495908335723490566 1 4
3 5 0 8 

170 12159194040976764615 1 4
1 5 3 7 

60 342674997343172527 4 4
4 5 2 3 
4 5 3 2 
5 4 3 2 
5 4 2 3 

105 12441571569185702856 1 4
0 5 3 6 

362 6277357237078501203 2 5
5 3 6 1 8 
5 1 8 3 6 

45 13936225467280465456 1 4
0 5 3 2 

302 12559201673788849515 1 5
5 1 8 3 2 

184 6925972535638963533 2 4
4 5 3 7 
5 4 3 7 

57 13248990915694869813 1 4
3 5 0 4 

314 5384603957822953242 1 5
3 5 1 8 4 

368 15704017212081516077 2 4
5 6 4 8 
6 5 4 8 

114 4270695351041866627 2 4
5 6 1 4 
6 5 1 4 

353 8890533637995200090 2 4
5 6 0 8 
6 5 0 8 

226 18125736765879375276 1 4
1 5 6 7 

99 5484117548083336729 2 4
5 6 1 0 
6 5 1 0 

356 6925972535638963533 2 4
5 8 2 6 
8 5 2 6 

308 698476773254776664 2 4
2 5 4 8 
2 5 8 4 

54 12844178937462204567 1 4
2 5 1 4 

102 6570806256634135414 1 4
1 5 2 6 

293 430096884007488319 1 4
2 5 0 8 

166 12844178937462204567 1 4
1 5 2 7 

39 1416558437811061921 1 4
2 5 1 0 

296 12769602731266802952 2 3
3 5 8 
3 8 5 

194 12585292063867719537 2 3
1 6 7 
1 7 6 

451 12014171187311810556 2 5
6 7 1 0 8 
7 6 1 0 8 

193 15075452131784449724 2 3
0 6 7 
0 7 6 

450 3982813991072387447 2 4
1 8 7 6 
1 8 6 7 

329 17328504403499794297 1 4
3 6 0 8 

202 8389516611493844045 1 4
1 3 6 7 

75 6510546431061236673 1 4
1 0 3 6 

201 8500616377008772498 1 4
0 3 6 7 

458 12586974753393532778 1 5
1 8 3 6 7 

74 1100806113672523033 1 3
1 3 6 

331 17909229297275876235 1 5
3 6 1 0 8 

269 5732719494325421466 2 4
2 3 0 8 
3 2 0 8 

142 11990823882079085441 2 4
1 2 3 7 
1 3 2 7 

15 3386673144704424243 2 4
1 0 2 3 
1 0 3 2 

56 10706753935364593016 2 3
3 4 5 
3 5 4 

313 7405574645410706548 1 5
3 5 0 8 4 

52 10706753935364593016 2 3
2 4 5 
2 5 4 

309 4967223170978596432 2 5
2 5 0 4 8 
2 5 0 8 4 

389 7521903088142947439 1 4
2 7 0 8 

135 12415588143268957312 1 4
1 0 2 7 

262 1100806113672523033 1 3
2 1 8 

5 17935342459963897086 1 2
2 0 

85 7521903088142947439 1 4
2 6 0 4 

342 16476275988343549283 1 5
2 6 1 8 4 

141 12122797391891073009 2 4
0 2 3 7 
0 3 2 7 

398 4529249393062366034 2 5
1 8 3 2 7 
1 8 2 3 7 

14 260049142612031377 2 3
1 2 3 
1 3 2 

271 12479129437640119803 2 5
2 3 1 0 8 
3 2 1 0 8 

133 17533981407011413632 1 3
0 2 7 

390 1361567497545663179 1 4
1 8 2 7 

6 17087753756477223945 2 2
1 2 
2 1 

263 13542272962862673404 1 4
2 1 0 8 

41 4878161687644976142 1 3
3 0 5 

298 11042797408386191705 1 4
3 5 1 8 

197 18375751073023694622 2 4
0 2 6 7 
0 2 7 6 

454 2297159645589997922 2 5
1 8 2 7 6 
1 8 2 6 7 

70 11149028268085365730 1 3
1 2 6 

327 16854627920168794569 1 5
2 6 1 0 8 

165 15912622039163309722 1 4
0 5 2 7 

422 15292580994181557328 1 5
5 1 8 2 7 

292 10706753935364593016 2 3
2 5 8 
2 8 5 

38 16574095905003600574 2 3
1 2 5 
2 1 5 

295 11405085245648914461 1 5
2 5 1 0 8 

9 17935342459963897086 1 2
3 0 

266 1100806113672523033 1 3
3 1 8 

101 15912622039163309722 1 4
0 5 2 6 

358 16116319608974762448 1 5
5 1 8 2 6 

267 13542272962862673404 1 4
3 1 0 8 

10 17087753756477223945 2 2
1 3 
3 1 

112 12260785478939447192 6 3
4 5 6 
4 6 5 
5 4 6 
5 6 4 
6 5 4 
6 4 5 

369 7264708044412551053 2 5
5 6 0 4 8 
6 5 0 4 8 

180 6925972535638963533 2 4
4 5 2 7 
5 4 2 7 

53 430096884007488319 1 4
2 5 0 4 

310 10080545440292170948 1 5
2 5 1 8 4 

134 11149028268085365730 1 3
1 2 7 

391 16854627920168794569 1 5
2 7 1 0 8 

7 2298269569450354975 1 3
2 1 0 

261 13848700440936545170 1 3
2 0 8 

225 2822895409248407494 2 4
0 5 6 7 
0 5 7 6 

482 65620483041778020 1 5
5 1 8 6 7 

98 12769602731266802952 2 3
1 5 6 
1 6 5 

355 10191995567510772987 2 5
5 6 1 0 8 
6 5 1 0 8 

137 17533981407011413632 1 3
0 3 7 

394 1361567497545663179 1 4
1 8 3 7 

78 4482402122045907183 1 4
1 3 2 6 

153 7521903088142947439 1 4
3 7 0 4 

410 16476275988343549283 1 5
3 7 1 8 4 

26 11149028268085365730 1 3
3 1 4 

283 11103218606983905550 1 5
3 1 0 8 4 

280 12585292063867719537 2 3
3 4 8 
3 8 4 

23 9073241651753687962 1 4
2 1 0 4 

161 8601944490373965179 2 3
0 5 7 
0 7 5 

418 8185086226658989788 2 4
5 7 1 8 
7 5 1 8 

149 7521903088142947439 1 4
2 7 0 4 

406 16476275988343549283 1 5
2 7 1 8 4 

22 11149028268085365730 1 3
2 1 4 

279 11103218606983905550 1 5
2 1 0 8 4 

276 12585292063867719537 2 3
2 4 8 
2 8 4 

11 2298269569450354975 1 3
3 1 0 

138 11149028268085365730 1 3
1 3 7 

395 16854627920168794569 1 5
3 7 1 0 8 

265 13848700440936545170 1 3
3 0 8 

29 5732719494325421466 2 4
2 3 0 4 
3 2 0 4 

286 14757008162573915736 2 5
2 3 1 8 4 
3 2 1 8 4 

139 12415588143268957312 1 4
1 0 3 7 

89 17328504403499794297 1 4
3 6 0 4 

346 12586974753393532778 1 5
3 6 1 8 4 

284 2619098640235373304 4 4
2 3 4 8 
2 3 8 4 
3 2 4 8 
3 2 8 4 

27 9073241651753687962 1 4
3 1 0 4 

30 11962963340393468856 2 4
1 4 3 2 
1 4 2 3 

169 5418483658135559333 1 4
0 5 3 7 

42 3519693191574693728 2 3
1 3 5 
3 1 5 

299 17873855856154377760 1 5
3 5 1 0 8 

162 10706753935364593016 2 3
1 5 7 
1 7 5 

419 8336056844997981426 2 5
5 7 1 0 8 
7 5 1 0 8 

416 12260785478939447192 6 3
5 7 8 
5 8 7 
7 5 8 
7 8 5 
8 7 5 
8 5 7 

325 7521903088142947439 1 4
2 6 0 8 

198 15669754230730330559 2 4
1 2 6 7 
1 2 7 6 

71 12415588143268957312 1 4
1 0 2 6 

277 7525392901702214553 2 4
2 0 4 8 
2 0 8 4 

150 15406660600063173003 2 4
1 4 2 7 
2 7 1 4 

340 7150496180077738619 2 4
2 6 4 8 
2 6 8 4 

86 15406660600063173003 2 4
1 4 2 6 
2 6 1 4 

281 7525392901702214553 2 4
3 0 4 8 
3 0 8 4 

154 15406660600063173003 2 4
1 4 3 7 
3 7 1 4 

77 1809854650952499185 1 4
0 3 2 6 

334 18370894349058557510 1 5
1 8 3 2 6 

344 3982813991072387447 2 4
3 6 4 8 
3 6 8 4 

87 4619911757785968009 1 5
2 6 1 0 4 

90 1361567497545663179 1 4
3 6 1 4 

116 2094911513554197192 2 4
4 5 2 6 
5 4 2 6 

240 15704017212081516077 2 4
4 5 6 7 
5 4 6 7 

113 1194961695352948616 2 4
5 6 0 4 
6 5 0 4 

370 15516703111208343944 2 5
5 6 1 8 4 
6 5 1 8 4 

404 7150496180077738619 2 4
2 7 4 8 
2 7 8 4 

449 500395640035807574 2 4
0 8 7 6 
0 8 6 7 

464 13150025586414177241 8 4
4 8 7 6 
4 8 6 7 
6 7 4 8 
6 7 8 4 
7 6 4 8 
7 6 8 4 
8 4 7 6 
8 4 6 7 

408 7150496180077738619 2 4
3 7 4 8 
3 7 8 4 

151 4619911757785968009 1 5
2 7 1 0 4 

393 7521903088142947439 1 4
3 7 0 8 

480 15704017212081516077 2 4
5 8 7 6 
8 5 7 6 

417 1194961695352948616 2 4
5 7 0 8 
7 5 0 8 

424 4270695351041866627 2 4
5 8 3 7 
8 5 3 7 

167 1549652078471550345 1 5
5 1 0 2 7 

432 15704017212081516077 2 4
5 7 8 4 
7 5 8 4 

31 3823493227173135282 2 5
2 3 1 0 4 
3 2 1 0 4 

94 7006514734424415631 1 5
1 4 3 2 6 

93 5459937785028026719 1 5
0 4 3 2 6 

91 6648666532635138157 1 5
3 6 1 0 4 

348 10750593861048357360 2 5
4 8 3 2 6 
8 4 3 2 6 

79 12066960839258783398 1 5
1 0 3 2 6 

117 11392111926959866189 1 5
5 2 6 0 4 

118 14277005545317289870 1 5
5 1 4 2 6 

61 7538570189389836751 1 5
5 3 2 0 4 

115 9953915431903758120 2 5
5 6 1 0 4 
6 5 1 0 4 

372 3212215444823187638 1 5
5 2 6 4 8 

121 2791118513413757282 1 5
5 3 6 0 4 

109 7008809511305016308 1 5
0 5 3 2 6 

47 14590435460895681100 1 5
5 1 0 3 2 

62 9807472672633525333 1 5
5 1 4 3 2 

124 16484057573553907763 2 5
4 5 3 2 6 
5 4 3 2 6 

107 14486839992128498012 1 5
5 1 0 3 6 

364 17478225362029854468 2 5
5 8 3 2 6 
8 5 3 2 6 

110 3720172794317954857 1 5
1 5 3 2 6 

59 12025778169612511617 1 5
3 5 1 0 4 

316 5989657621515135584 1 5
5 3 2 8 4 

213 12062909479044095800 2 5
0 4 2 6 7 
0 4 2 7 6 

122 8588430803318870469 1 5
5 3 6 1 4 

214 1170858302316114891 2 5
1 4 2 6 7 
1 4 2 7 6 

205 18119138785441016620 1 5
0 3 2 6 7 

199 9276299119717456067 2 5
1 0 2 6 7 
1 0 2 7 6 

157 468570932662407995 2 5
0 4 3 2 7 
0 4 2 3 7 

217 18034619113762535739 1 5
0 4 3 6 7 

211 17756051038726157904 2 5
6 7 1 0 4 
7 6 1 0 4 

468 5985004378282824371 4 5
4 8 2 7 6 
4 8 2 6 7 
8 4 2 7 6 
8 4 2 6 7 

158 4829484002395752990 2 5
1 4 3 2 7 
1 4 2 3 7 

155 4619911757785968009 1 5
3 7 1 0 4 

412 319330563881633936 4 5
4 8 2 3 7 
4 8 3 2 7 
8 4 3 2 7 
8 4 2 3 7 

218 16476275988343549283 1 5
1 4 3 6 7 

206 10588727508656393821 1 5
1 3 2 6 7 

143 3289745960368753254 2 5
1 0 2 3 7 
1 0 3 2 7 

203 1246532205109448911 1 5
1 0 3 6 7 

181 14535116875966803873 1 5
5 2 7 0 4 

229 8062759507845852303 2 5
0 5 2 6 7 
0 5 2 7 6 

244 14147606527444079698 2 5
4 5 2 6 7 
5 4 2 6 7 

241 17853336949803734615 1 5
5 0 4 6 7 

182 15994641441959324547 2 5
5 2 7 1 4 
5 1 4 2 7 

230 15166400095534292492 1 5
1 5 2 6 7 

179 11359187504367766165 2 5
5 7 1 0 4 
7 5 1 0 4 

436 3212215444823187638 1 5
5 2 7 8 4 

242 9612578381137890767 1 5
5 1 4 6 7 

173 8235590435603366844 1 5
0 5 3 2 7 

227 18277309173071297762 1 5
5 1 0 6 7 

484 14147606527444079698 2 5
5 8 2 7 6 
8 5 2 7 6 

188 3212194877433147348 4 5
4 5 2 3 7 
4 5 3 2 7 
5 4 3 2 7 
5 4 2 3 7 

185 15708630098900110036 1 5
5 3 7 0 4 

233 16734322968641226284 1 5
0 5 3 6 7 

248 2370878691122667212 2 5
4 5 3 6 7 
5 4 3 6 7 

174 16257974118987338973 1 5
1 5 3 2 7 

171 3655164546601391775 1 5
5 1 0 3 7 

186 4729197768228215044 2 5
5 3 7 1 4 
5 1 4 3 7 

234 5384603957822953242 1 5
1 5 3 6 7 

341 9966726664873000712 2 5
2 6 0 4 8 
2 6 0 8 4 

333 5459937785028026719 1 5
0 8 3 2 6 

345 10993742110499272110 2 5
3 6 0 4 8 
3 6 0 8 4 

285 7985378983616038005 4 5
2 3 0 4 8 
2 3 0 8 4 
3 2 0 4 8 
3 2 0 8 4 

357 14535116875966803873 1 5
5 2 6 0 8 

301 3357974633359148307 1 5
5 3 2 0 8 

376 65620483041778020 1 5
5 3 6 8 4 

361 7212227705390293145 1 5
5 3 6 0 8 

405 9966726664873000712 2 5
2 7 0 4 8 
2 7 0 8 4 

453 12062909479044095800 2 5
0 8 2 7 6 
0 8 2 6 7 

465 3506329680996628203 4 5
6 7 0 4 8 
6 7 0 8 4 
7 6 0 4 8 
7 6 0 8 4 

397 468570932662407995 2 5
0 8 3 2 7 
0 8 2 3 7 

409 9966726664873000712 2 5
3 7 0 4 8 
3 7 0 8 4 

457 18034619113762535739 1 5
0 8 3 6 7 

472 4622508568593048949 2 5
4 8 3 6 7 
8 4 3 6 7 

421 11392111926959866189 1 5
5 2 7 0 8 

433 7264708044412551053 2 5
5 7 0 8 4 
7 5 0 8 4 

481 17853336949803734615 1 5
5 0 8 7 6 

496 15397974748116556752 4 5
5 4 8 7 6 
5 6 7 8 4 
5 7 6 4 8 
5 8 4 6 7 

