456 15236505058129304159 1 4
3 7 6 8 

424 17987661974871372155 2 4
3 5 7 8 
3 5 8 7 

450 1019340032920959546 1 4
1 7 6 8 

432 394700380938346138 4 4
4 5 7 8 
4 5 8 7 
5 4 7 8 
5 4 8 7 

418 1283022921573306731 2 4
1 5 7 8 
1 5 8 7 

113 7280204158998552156 2 4
4 5 0 6 
5 4 0 6 

240 11591101788391728525 4 4
4 5 6 7 
4 5 7 6 
5 4 6 7 
5 4 7 6 

105 2855637779878790064 1 4
3 5 0 6 

232 7530046116490347901 2 4
3 5 6 7 
3 5 7 6 

90 4554781542730876856 2 4
4 6 3 1 
6 4 3 1 

344 18125736765879375276 1 4
3 4 6 8 

101 15896268698264125057 2 4
0 6 5 2 
0 6 2 5 

228 3092465935444304488 4 4
6 7 2 5 
6 7 5 2 
7 6 5 2 
7 6 2 5 

210 18252742185220581427 1 4
1 4 6 7 

85 4415345656511538872 2 4
2 4 0 6 
4 2 0 6 

212 7978115995136584964 2 4
2 4 6 7 
4 2 6 7 

202 7366771495497785449 2 4
3 1 6 7 
3 1 7 6 

329 15669754230730330559 2 4
3 0 6 8 
3 0 8 6 

77 15406660600063173003 2 4
0 6 3 2 
3 2 0 6 

204 5212208834225348329 2 4
3 2 6 7 
3 2 7 6 

198 16743187070570910219 2 4
6 7 1 2 
7 6 1 2 

57 6194407473833528270 1 4
0 4 3 5 

184 3722587889073512399 2 4
4 7 3 5 
7 4 3 5 

178 595274985455983424 2 4
4 7 1 5 
7 4 1 5 

305 7280204158998552156 2 4
4 5 0 8 
5 4 0 8 

43 8599152458911839047 1 4
0 3 1 5 

297 2855637779878790064 1 4
3 5 0 8 

39 8208903290881674868 1 4
0 1 2 5 

293 15896268698264125057 2 4
0 8 5 2 
0 8 2 5 

45 344999315723411042 1 4
0 3 5 2 

15 1586340772485553640 1 4
0 3 1 2 

269 15406660600063173003 2 4
0 8 3 2 
3 2 0 8 

386 5663025652629223921 2 3
1 7 8 
1 8 7 

259 8387938762811113651 1 3
1 0 8 

92 3656293589500805796 2 4
4 6 3 2 
6 4 3 2 

71 15569768051856997964 1 4
0 6 1 2 

328 12585292063867719537 2 3
3 6 8 
3 8 6 

201 5215022540671273095 2 4
3 0 6 7 
3 0 7 6 

86 15418101414717490425 2 4
4 6 1 2 
6 4 1 2 

83 6566555380970344854 1 4
1 4 0 6 

340 17015737541233389546 2 4
2 4 8 6 
4 2 8 6 

154 15680996000513456435 2 4
4 7 3 1 
7 4 3 1 

281 10678243750605623333 1 4
3 4 0 8 

408 6715984003799477414 1 4
3 4 7 8 

322 13752374035463932803 2 3
1 6 8 
1 8 6 

195 17207841594153866587 2 4
1 0 6 7 
1 0 7 6 

226 14218123893882150151 2 4
6 7 1 5 
7 6 1 5 

149 17551861176896189898 2 4
2 4 0 7 
4 2 0 7 

11 7997497298910685604 1 3
0 3 1 

265 11149028268085365730 1 3
3 0 8 

274 1323343037929180393 2 3
1 4 8 
1 8 4 

176 6906529405458791006 6 3
4 5 7 
4 7 5 
5 4 7 
5 7 4 
7 5 4 
7 4 5 

194 2231123473344165760 2 3
1 6 7 
1 7 6 

67 8387938762811113651 1 3
1 0 6 

304 6906529405458791006 6 3
4 5 8 
4 8 5 
5 4 8 
5 8 4 
8 5 4 
8 4 5 

177 7280204158998552156 2 4
4 5 0 7 
5 4 0 7 

9 17087753756477223945 2 2
0 3 
3 0 

263 15569768051856997964 1 4
0 8 1 2 

390 4348155017681135374 2 4
1 2 7 8 
1 2 8 7 

41 14377375570814866155 1 3
0 3 5 

53 16759578986255104721 1 4
0 4 5 2 

180 10601132076907988804 2 4
4 7 2 5 
7 4 2 5 

112 6906529405458791006 6 3
4 5 6 
4 6 5 
5 4 6 
5 6 4 
6 5 4 
6 4 5 

153 11066489244232509742 1 4
3 4 0 7 

148 754205998099296360 6 3
2 4 7 
2 7 4 
4 2 7 
4 7 2 
7 4 2 
7 2 4 

275 11100890817693814126 1 4
1 4 0 8 

402 14398277002304159458 1 4
1 4 8 7 

276 13119232308241019096 6 3
2 4 8 
2 8 4 
4 2 8 
4 8 2 
8 4 2 
8 2 4 

19 327867739371033520 1 3
0 1 4 

146 7185466636915630792 2 3
1 4 7 
1 7 4 

37 7698985776645440831 2 3
0 2 5 
0 5 2 

291 14659958339267358355 1 4
0 8 1 5 

7 1678932353639752710 1 3
0 1 2 

152 8666925077151757690 2 3
3 4 7 
3 7 4 

35 9828701846255597832 1 3
0 1 5 

3 4377786004199497311 1 2
0 1 

89 5790440775842555603 1 4
3 4 0 6 

216 14966590157583354970 1 4
3 4 6 7 

200 3870621583062396010 2 3
3 6 7 
3 7 6 

13 11149028268085365730 1 3
0 3 2 

267 10502313644418076218 1 4
3 1 0 8 

137 11149028268085365730 1 3
3 0 7 

394 17097687334912581949 2 4
3 1 7 8 
3 1 8 7 

131 8387938762811113651 1 3
1 0 7 

84 14860785610888650053 6 3
2 4 6 
2 6 4 
4 2 6 
4 6 2 
6 4 2 
6 2 4 

338 12880100266817802468 1 4
1 4 8 6 

280 10706753935364593016 2 3
3 4 8 
3 8 4 

23 13611015253586847246 1 4
0 4 1 2 

150 2215129808801563759 2 4
4 7 1 2 
7 4 1 2 

277 6534630873780932037 2 4
2 4 0 8 
4 2 0 8 

147 13218529390137403831 1 4
1 4 0 7 

404 2974813683649203891 2 4
2 4 8 7 
4 2 8 7 

82 1148611612121554985 2 3
1 4 6 
1 6 4 

29 10678243750605623333 1 4
0 4 3 2 

156 6436561202648490140 2 4
4 7 3 2 
7 4 3 2 

88 12769602731266802952 2 3
3 4 6 
3 6 4 

116 16795696787755097424 2 4
4 6 2 5 
6 4 2 5 

120 14867996663445378981 2 4
4 6 3 5 
6 4 3 5 

114 13341379709743572060 2 4
4 6 1 5 
6 4 1 5 

368 3364750820705448782 4 4
4 5 6 8 
4 5 8 6 
5 4 6 8 
5 4 8 6 

392 17258787824257198352 2 3
3 7 8 
3 8 7 

135 15569768051856997964 1 4
0 7 1 2 

141 15406660600063173003 2 4
0 7 3 2 
3 2 0 7 

396 10083773938285380914 2 4
3 2 7 8 
3 2 8 7 

139 10502313644418076218 1 4
3 1 0 7 

393 5625766177066252915 2 4
3 0 7 8 
3 0 8 7 

165 15896268698264125057 2 4
0 7 5 2 
0 7 2 5 

420 9889576315341648160 4 4
7 8 2 5 
7 8 5 2 
8 7 5 2 
8 7 2 5 

163 14659958339267358355 1 4
0 7 1 5 

169 2855637779878790064 1 4
3 5 0 7 

21 10706753935364593016 2 3
0 2 4 
0 4 2 

278 14631971499250976343 2 4
4 8 2 1 
8 4 2 1 

27 7014398090748605294 1 4
0 4 3 1 

284 6534630873780932037 2 4
4 8 3 2 
8 4 3 2 

25 17034127061060784930 2 3
0 3 4 
3 0 4 

282 11708658638555468536 2 4
4 8 3 1 
8 4 3 1 

51 3310337402503975341 1 4
0 4 5 1 

308 14772881018774504782 2 4
4 8 2 5 
8 4 2 5 

312 10644233982560184184 2 4
4 8 3 5 
8 4 3 5 

49 12254329342543767602 2 3
0 4 5 
0 5 4 

306 445740923631160849 2 4
4 8 1 5 
8 4 1 5 

323 14189902783125486146 2 4
1 0 6 8 
1 0 8 6 

326 3297680459202364769 2 4
1 2 6 8 
1 2 8 6 

75 10502313644418076218 1 4
3 1 0 6 

332 7150496180077738619 2 4
3 2 6 8 
3 2 8 6 

73 11149028268085365730 1 3
3 0 6 

330 3485142825394505366 2 4
3 1 6 8 
3 1 8 6 

99 14659958339267358355 1 4
0 6 1 5 

356 7556829846088060811 4 4
6 8 2 5 
6 8 5 2 
8 6 5 2 
8 6 2 5 

354 1252633100482169856 2 4
1 5 6 8 
1 5 8 6 

360 6992669832748779266 2 4
3 5 6 8 
3 5 8 6 

387 12796530862410738943 2 4
1 0 7 8 
1 0 8 7 

