bhabha2pb2m[0,0,0,0,0,0,0,0,0]*(6*a7-6*a1+6*a2-6*a6)
bhabha2pb2m[0,1,0,0,0,-1,0,0,0]*(8*a1)
bhabha2pb2m[0,1,0,0,0,0,0,0,0]*(8*a1-6*eta*a1)
bhabha2pb2m[0,1,-1,0,0,0,0,0,0]*(-2*a1)
bhabha2pb2m[0,0,0,0,0,0,0,0,1]*(-4*a8)
bhabha2pb2m[0,0,0,0,0,0,-1,0,1]*(5*a8)
bhabha2pb2m[-1,0,0,0,0,0,1,0,0]*(4*a6)
bhabha2pb2m[-1,0,0,0,0,0,0,0,1]*(-2*a8)
bhabha2pb2m[0,0,0,1,0,0,0,0,0]*(-16*a3+7*a3*eta)
bhabha2pb2m[0,0,0,0,0,0,1,-1,0]*(2*a6)
bhabha2pb2m[0,0,0,0,0,0,1,0,0]*(8*a6)
bhabha2pb2m[0,-1,1,0,0,0,0,0,0]*(2*a2)
bhabha2pb2m[0,0,1,0,0,-1,0,0,0]*(-8*a2)
bhabha2pb2m[0,0,1,0,0,0,0,0,0]*(2*eta*a2-8*a2)
bhabha2pb2m[0,0,0,0,0,0,0,-1,1]*(-3*a8)
bhabha2pb2m[0,-1,0,1,0,0,0,0,0]*(7*a3)
bhabha2pb2m[0,0,0,1,0,-1,0,0,0]*(-16*a3)
bhabha2pb2m[-1,0,0,0,0,0,0,1,0]*(-4*a7)
bhabha2pb2m[0,0,0,0,0,0,0,1,0]*(-8*a7)
bhabha2pb2m[0,0,-1,1,0,0,0,0,0]*(9*a3)
bhabha2pb2m[0,0,0,0,0,0,-1,1,0]*(-2*a7)

bhabha2pb2m[0,1,-1,0,0,0,0,0,0]*(-9*a1)
bhabha2pb2m[0,1,0,0,0,-1,0,0,0]*(3*a1)
bhabha2pb2m[0,1,0,0,0,0,0,0,0]*(-27*a1)
bhabha2pb2m[0,0,0,0,0,0,0,0,0]*(-7*a3+5*a7-5*a8+7*a2)
bhabha2pb2m[0,1,0,-1,0,0,0,0,0]*(6*a1)
bhabha2pb2m[-1,0,0,0,0,0,0,0,1]*(7*a8)
bhabha2pb2m[-1,0,0,0,0,0,1,0,0]*(-9*a6)
bhabha2pb2m[0,0,0,0,0,0,1,-1,0]*(3*a6)
bhabha2pb2m[0,0,0,0,0,0,1,0,0]*(-18*a6)
bhabha2pb2m[0,0,0,1,0,0,0,0,0]*(28*a3)
bhabha2pb2m[0,0,0,0,0,0,1,0,-1]*(6*a6)
bhabha2pb2m[0,0,0,1,0,-1,0,0,0]*(-7*a3)
bhabha2pb2m[0,0,0,0,0,0,0,0,1]*(14*a8)
bhabha2pb2m[0,0,1,0,0,-1,0,0,0]*(-5*a2)
bhabha2pb2m[0,0,1,0,0,0,0,0,0]*(5*a2)
bhabha2pb2m[0,0,0,0,0,0,0,-1,1]*(-2*a8)
bhabha2pb2m[0,0,1,-1,0,0,0,0,0]*(-2*a2)
bhabha2pb2m[0,0,-1,1,0,0,0,0,0]*(14*a3)
bhabha2pb2m[-1,0,0,0,0,0,0,1,0]*(-7*a7)
bhabha2pb2m[0,0,0,0,0,0,0,1,-1]*(2*a7)
bhabha2pb2m[0,0,0,0,0,0,0,1,0]*(-14*a7)

bhabha2pb2m[0,0,0,0,0,0,0,0,0]*(-9*a3+3*a1-3*a8+6*a2+3*a6)
bhabha2pb2m[0,1,0,0,0,-1,0,0,0]*(-3*a1)
bhabha2pb2m[0,1,0,0,0,0,0,0,0]*(-13*a1+3*eta*a1)
bhabha2pb2m[0,1,-1,0,0,0,0,0,0]*(-2*a1)
bhabha2pb2m[0,1,0,-1,0,0,0,0,0]*(2*a1)
bhabha2pb2m[0,0,0,1,0,0,0,0,0]*(52*a3-7*a3*eta)
bhabha2pb2m[-1,0,0,0,0,0,1,0,0]*(-5*a6)
bhabha2pb2m[-1,0,0,0,0,0,0,0,1]*(5*a8)
bhabha2pb2m[0,0,0,1,0,-1,0,0,0]*(7*a3)
bhabha2pb2m[0,0,0,0,0,0,1,0,-1]*(2*a6)
bhabha2pb2m[0,0,0,0,0,0,1,0,0]*(-10*a6)
bhabha2pb2m[0,-1,1,0,0,0,0,0,0]*(-5*a2)
bhabha2pb2m[0,0,1,0,0,-1,0,0,0]*(5*a2)
bhabha2pb2m[0,0,1,0,0,0,0,0,0]*(-5*eta*a2+35*a2)
bhabha2pb2m[0,0,0,0,0,0,0,0,1]*(10*a8)
bhabha2pb2m[0,0,1,-1,0,0,0,0,0]*(-6*a2)
bhabha2pb2m[0,-1,0,1,0,0,0,0,0]*(-7*a3)
bhabha2pb2m[0,0,0,0,0,0,0,1,0]*(-22*a7)
bhabha2pb2m[0,0,0,0,0,0,0,1,-1]*(6*a7)
bhabha2pb2m[0,0,-1,1,0,0,0,0,0]*(9*a3)
bhabha2pb2m[0,0,0,0,0,0,-1,0,1]*(-2*a8)
bhabha2pb2m[-1,0,0,0,0,0,0,1,0]*(-11*a7)
bhabha2pb2m[0,0,0,0,0,0,-1,1,0]*(5*a7)

