4032 2260231454629755305 48 6
6 7 8 9 10 11 
6 7 8 9 11 10 
6 7 9 8 10 11 
6 7 9 8 11 10 
6 7 10 11 8 9 
6 7 10 11 9 8 
6 7 11 10 9 8 
6 7 11 10 8 9 
7 6 8 9 10 11 
7 6 8 9 11 10 
7 6 9 8 10 11 
7 6 9 8 11 10 
7 6 10 11 8 9 
7 6 10 11 9 8 
7 6 11 10 9 8 
7 6 11 10 8 9 
8 9 6 7 10 11 
8 9 6 7 11 10 
8 9 7 6 10 11 
8 9 7 6 11 10 
8 9 10 11 6 7 
8 9 10 11 7 6 
8 9 11 10 7 6 
8 9 11 10 6 7 
9 8 7 6 10 11 
9 8 7 6 11 10 
9 8 6 7 10 11 
9 8 6 7 11 10 
9 8 10 11 7 6 
9 8 10 11 6 7 
9 8 11 10 6 7 
9 8 11 10 7 6 
10 11 8 9 6 7 
10 11 8 9 7 6 
10 11 9 8 6 7 
10 11 9 8 7 6 
10 11 6 7 8 9 
10 11 6 7 9 8 
10 11 7 6 9 8 
10 11 7 6 8 9 
11 10 8 9 7 6 
11 10 8 9 6 7 
11 10 9 8 7 6 
11 10 9 8 6 7 
11 10 7 6 8 9 
11 10 7 6 9 8 
11 10 6 7 9 8 
11 10 6 7 8 9 

4000 488542594256355252 4 6
5 7 8 9 10 11 
5 7 9 8 10 11 
7 5 8 9 10 11 
7 5 9 8 10 11 

3976 488542594256355252 4 6
3 7 10 11 8 9 
3 7 11 10 8 9 
7 3 10 11 8 9 
7 3 11 10 8 9 

3936 488542594256355252 4 6
5 6 8 9 11 10 
5 6 9 8 11 10 
6 5 8 9 11 10 
6 5 9 8 11 10 

3905 5603452379111868273 16 6
8 9 10 11 0 6 
8 9 10 11 6 0 
8 9 11 10 6 0 
8 9 11 10 0 6 
9 8 10 11 6 0 
9 8 10 11 0 6 
9 8 11 10 0 6 
9 8 11 10 6 0 
10 11 8 9 0 6 
10 11 8 9 6 0 
10 11 9 8 0 6 
10 11 9 8 6 0 
11 10 8 9 6 0 
11 10 8 9 0 6 
11 10 9 8 6 0 
11 10 9 8 0 6 

3912 488542594256355252 4 6
3 6 10 11 9 8 
3 6 11 10 9 8 
6 3 10 11 9 8 
6 3 11 10 9 8 

3880 5610631096340882136 8 6
3 5 8 9 10 11 
3 5 9 8 11 10 
3 5 10 11 8 9 
3 5 11 10 9 8 
5 3 8 9 10 11 
5 3 9 8 11 10 
5 3 10 11 8 9 
5 3 11 10 9 8 

3792 488542594256355252 4 6
4 9 7 6 10 11 
4 9 6 7 10 11 
9 4 7 6 10 11 
9 4 6 7 10 11 

3873 1943110729160799581 4 6
0 5 8 9 10 11 
0 5 9 8 10 11 
5 0 8 9 10 11 
5 0 9 8 10 11 

3849 1943110729160799581 4 6
0 3 10 11 8 9 
0 3 11 10 8 9 
3 0 10 11 8 9 
3 0 11 10 8 9 

3784 488542594256355252 4 6
3 9 10 11 6 7 
3 9 11 10 6 7 
9 3 10 11 6 7 
9 3 11 10 6 7 

3778 11545545017101053682 8 6
1 9 7 6 10 11 
1 9 7 6 11 10 
1 9 6 7 10 11 
1 9 6 7 11 10 
1 9 10 11 7 6 
1 9 10 11 6 7 
1 9 11 10 6 7 
1 9 11 10 7 6 

3746 4759094215550550572 2 6
5 7 1 9 10 11 
7 5 1 9 10 11 

3736 228510844930607347 2 6
3 7 4 9 10 11 
7 3 4 9 10 11 

3722 11669464214108144494 4 6
3 7 10 11 1 9 
3 7 11 10 1 9 
7 3 10 11 1 9 
7 3 11 10 1 9 

3672 12371212334996106160 2 6
3 6 4 9 10 11 
6 3 4 9 10 11 

3688 12371212334996106160 2 6
3 9 5 6 11 10 
9 3 5 6 11 10 

3665 2193097090793837086 4 6
4 9 6 0 10 11 
4 9 0 6 10 11 
9 4 6 0 10 11 
9 4 0 6 10 11 

3658 6866461022638124920 4 6
3 6 10 11 1 9 
3 6 11 10 1 9 
6 3 10 11 1 9 
6 3 11 10 1 9 

3657 10646481241042548423 4 6
3 9 10 11 6 0 
3 9 11 10 6 0 
9 3 10 11 6 0 
9 3 11 10 6 0 

3633 15596753181347747476 4 6
4 9 5 0 10 11 
4 9 0 5 10 11 
9 4 5 0 10 11 
9 4 0 5 10 11 

3626 882676202639253357 2 6
3 5 1 9 11 10 
5 3 1 9 11 10 

3619 16366828338633442144 2 6
0 5 1 9 10 11 
5 0 1 9 10 11 

3609 4883031282816119501 2 6
0 3 4 9 10 11 
3 0 4 9 10 11 

3528 488542594256355252 4 6
3 8 10 11 7 6 
3 8 11 10 7 6 
8 3 10 11 7 6 
8 3 11 10 7 6 

3595 11669464214108144494 4 6
0 3 10 11 1 9 
0 3 11 10 1 9 
3 0 10 11 1 9 
3 0 11 10 1 9 

3504 4769614433547241235 8 6
4 8 7 5 10 11 
4 8 5 7 10 11 
5 7 4 8 11 10 
5 7 8 4 11 10 
7 5 4 8 11 10 
7 5 8 4 11 10 
8 4 7 5 10 11 
8 4 5 7 10 11 

3536 488542594256355252 4 6
4 8 7 6 11 10 
4 8 6 7 11 10 
8 4 7 6 11 10 
8 4 6 7 11 10 

3522 5265552733413572914 8 6
1 8 7 6 10 11 
1 8 7 6 11 10 
1 8 6 7 10 11 
1 8 6 7 11 10 
1 8 10 11 7 6 
1 8 10 11 6 7 
1 8 11 10 6 7 
1 8 11 10 7 6 

3480 12371212334996106160 2 6
3 7 4 8 11 10 
7 3 4 8 11 10 

3465 8841205535592364760 4 6
3 8 10 11 7 0 
3 8 11 10 7 0 
8 3 10 11 7 0 
8 3 11 10 7 0 

3432 228510844930607347 2 6
3 8 5 6 11 10 
8 3 5 6 11 10 

3402 11291979440481677419 4 6
3 6 10 11 1 8 
3 6 11 10 1 8 
6 3 10 11 1 8 
6 3 11 10 1 8 

3401 17850062248467779349 4 6
3 8 10 11 0 6 
3 8 11 10 0 6 
8 3 10 11 0 6 
8 3 11 10 0 6 

3372 7202249481153102887 6 6
3 5 8 11 10 2 
3 8 5 11 10 2 
5 3 8 11 10 2 
5 8 3 11 10 2 
8 3 5 11 10 2 
8 5 3 11 10 2 

3370 1286124567632809864 2 6
3 5 1 8 11 10 
5 3 1 8 11 10 

3369 6590687090933055534 2 6
3 8 5 0 11 10 
8 3 5 0 11 10 

3353 3895734981893710113 2 6
0 3 4 8 11 10 
3 0 4 8 11 10 

3298 8987548750040529326 4 6
1 5 6 7 10 11 
1 5 7 6 11 10 
1 5 10 11 6 7 
1 5 11 10 7 6 

3282 18437158075063622265 2 6
1 4 6 7 11 10 
1 4 7 6 11 10 

3274 18437158075063622265 2 6
1 3 10 11 7 6 
1 3 11 10 7 6 

3270 7312793931716527072 2 6
1 6 7 10 11 2 
1 7 6 10 11 2 

3228 9140668311032533749 6 6
3 4 7 10 11 2 
3 7 4 10 11 2 
4 3 7 10 11 2 
4 7 3 10 11 2 
7 3 4 10 11 2 
7 4 3 10 11 2 

3242 7437719866410298065 1 6
1 3 5 7 11 10 

3238 3193782172962306421 2 6
1 5 7 10 11 2 
1 7 5 10 11 2 

3235 16536535488056430897 1 6
1 5 10 11 7 0 

3225 9922455802016797330 2 6
3 4 10 11 7 0 
4 3 10 11 7 0 

3186 2778116110930364455 2 6
1 4 5 6 11 10 
1 4 6 5 11 10 

3211 12579051213359070677 4 6
1 3 10 11 0 7 
1 3 10 11 7 0 
1 3 11 10 7 0 
1 3 11 10 0 7 

3192 228510844930607347 2 6
3 4 6 5 11 10 
4 3 6 5 11 10 

3178 3774195623115560460 1 6
1 3 5 6 11 10 

3174 8306711571628244483 2 6
1 5 6 11 10 2 
1 6 5 11 10 2 

3161 8517103059756136316 2 6
3 4 11 10 6 0 
4 3 11 10 6 0 

3171 1574579319940294443 1 6
1 5 11 10 6 0 

3155 5007394812141737055 2 6
1 4 0 6 11 10 
1 4 6 0 11 10 

3150 16723129302374778752 2 6
1 3 6 10 11 2 
1 6 3 10 11 2 

3147 16205867201739386336 2 6
1 3 10 11 0 6 
1 3 11 10 0 6 

3123 3989110248504733515 2 6
1 4 0 5 11 10 
1 4 5 0 11 10 

3143 7260611452834519425 2 6
1 0 6 10 11 2 
1 6 0 10 11 2 

3130 7342077020236773477 2 6
3 5 1 4 11 10 
5 3 1 4 11 10 

3129 4944312786283715841 2 6
3 4 0 5 10 11 
4 3 0 5 10 11 

3118 3327221171610979706 2 6
1 3 5 11 2 10 
1 5 3 11 2 10 

3115 18218324053827413310 1 6
1 3 5 0 11 10 

3040 488542594256355252 4 6
5 11 8 9 6 7 
5 11 9 8 6 7 
11 5 8 9 6 7 
11 5 9 8 6 7 

3101 2228600569029354724 6 6
0 3 4 10 11 2 
0 4 3 10 11 2 
3 0 4 10 11 2 
3 4 0 10 11 2 
4 3 0 10 11 2 
4 0 3 10 11 2 

3111 2162450749976658179 2 6
1 0 5 10 11 2 
1 5 0 10 11 2 

3024 488542594256355252 4 6
4 11 7 6 8 9 
4 11 6 7 8 9 
11 4 7 6 8 9 
11 4 6 7 8 9 

2992 228510844930607347 2 6
5 7 4 11 8 9 
7 5 4 11 8 9 

2968 12734346366657545445 8 6
3 7 4 11 8 9 
3 7 11 4 8 9 
4 11 7 3 8 9 
4 11 3 7 8 9 
7 3 4 11 8 9 
7 3 11 4 8 9 
11 4 7 3 8 9 
11 4 3 7 8 9 

2984 228510844930607347 2 6
5 11 3 7 8 9 
11 5 3 7 8 9 

2928 12371212334996106160 2 6
5 6 4 11 8 9 
6 5 4 11 8 9 

2920 12371212334996106160 2 6
5 11 3 6 9 8 
11 5 3 6 9 8 

2913 10646481241042548423 4 6
5 11 8 9 6 0 
5 11 9 8 6 0 
11 5 8 9 6 0 
11 5 9 8 6 0 

2897 2193097090793837086 4 6
4 11 6 0 8 9 
4 11 0 6 8 9 
11 4 6 0 8 9 
11 4 0 6 8 9 

2858 9545818815247247060 6 6
3 5 11 1 9 8 
3 11 5 1 9 8 
5 3 11 1 9 8 
5 11 3 1 9 8 
11 3 5 1 9 8 
11 5 3 1 9 8 

2872 228510844930607347 2 6
3 5 11 4 8 9 
5 3 11 4 8 9 

2841 15596753181347747476 4 6
4 11 0 3 8 9 
4 11 3 0 8 9 
11 4 3 0 8 9 
11 4 0 3 8 9 

2865 4883031282816119501 2 6
0 5 4 11 8 9 
5 0 4 11 8 9 

2860 9922455802016797330 2 6
3 5 8 9 11 2 
5 3 8 9 11 2 

2800 228510844930607347 2 6
4 9 5 11 6 7 
9 4 5 11 6 7 

2786 4759094215550550572 2 6
5 11 1 9 6 7 
11 5 1 9 6 7 

2770 11669464214108144494 4 6
4 11 6 7 1 9 
4 11 7 6 1 9 
11 4 6 7 1 9 
11 4 7 6 1 9 

2738 11944747361206296284 2 6
5 7 4 11 1 9 
7 5 4 11 1 9 

2665 9696183292496920526 8 6
3 9 5 11 6 0 
3 9 11 5 6 0 
5 11 9 3 6 0 
5 11 3 9 6 0 
9 3 5 11 6 0 
9 3 11 5 6 0 
11 5 3 9 6 0 
11 5 9 3 6 0 

2676 6246119687339142347 4 6
5 6 4 9 11 2 
5 6 9 4 11 2 
6 5 4 9 11 2 
6 5 9 4 11 2 

2673 4122801265634653325 2 6
4 9 5 11 6 0 
9 4 5 11 6 0 

2666 6752676924453632999 2 6
5 11 3 6 1 9 
11 5 3 6 1 9 

2668 14369924367906675065 2 6
3 9 5 6 11 2 
9 3 5 6 11 2 

2649 4122801265634653325 2 6
4 11 3 9 6 0 
11 4 3 9 6 0 

3752 228510844930607347 2 6
3 9 5 7 10 11 
9 3 5 7 10 11 

2643 2010201063147931826 4 6
4 11 0 6 1 9 
4 11 6 0 1 9 
11 4 6 0 1 9 
11 4 0 6 1 9 

2611 11944747361206296284 2 6
0 5 4 11 1 9 
5 0 4 11 1 9 

2603 11944747361206296284 2 6
5 11 3 0 1 9 
11 5 3 0 1 9 

2618 11944747361206296284 2 6
3 5 11 4 1 9 
5 3 11 4 1 9 

2606 8154800374747979077 4 6
3 5 1 9 2 11 
3 5 1 9 11 2 
5 3 1 9 2 11 
5 3 1 9 11 2 

2544 12371212334996106160 2 6
4 8 5 11 6 7 
8 4 5 11 6 7 

2513 16619861267869245142 6 6
4 8 11 6 7 0 
4 11 8 6 7 0 
8 4 11 6 7 0 
8 11 4 6 7 0 
11 4 8 6 7 0 
11 8 4 6 7 0 

3625 17346163999987561741 2 6
3 9 5 0 10 11 
9 3 5 0 10 11 

2516 8841205535592364760 4 6
4 8 6 7 11 2 
4 8 7 6 11 2 
8 4 6 7 11 2 
8 4 7 6 11 2 

2514 17161979008209739903 4 6
4 11 6 7 1 8 
4 11 7 6 1 8 
11 4 6 7 1 8 
11 4 7 6 1 8 

2482 3048011327434985100 2 6
5 7 4 11 1 8 
7 5 4 11 1 8 

2484 6246119687339142347 4 6
4 8 5 7 11 2 
4 8 7 5 11 2 
8 4 5 7 11 2 
8 4 7 5 11 2 

2458 13757881304855015023 8 6
3 7 4 11 1 8 
3 7 11 4 1 8 
4 11 7 3 1 8 
4 11 3 7 1 8 
7 3 4 11 1 8 
7 3 11 4 1 8 
11 4 3 7 1 8 
11 4 7 3 1 8 

2473 6246119687339142347 4 6
3 8 5 11 7 0 
3 8 11 5 7 0 
8 3 5 11 7 0 
8 3 11 5 7 0 

2476 7454461789564251683 2 6
3 8 5 7 11 2 
8 3 5 7 11 2 

2457 14369924367906675065 2 6
4 11 3 8 7 0 
11 4 3 8 7 0 

2420 4883030963355294027 8 6
4 8 5 6 11 2 
4 8 6 5 11 2 
5 6 4 8 11 2 
5 6 8 4 11 2 
6 5 4 8 11 2 
6 5 8 4 11 2 
8 4 5 6 11 2 
8 4 6 5 11 2 

2412 9888572650096077306 2 6
3 8 5 6 11 2 
8 3 5 6 11 2 

2417 5297410737274776732 2 6
4 8 5 11 6 0 
8 4 5 11 6 0 

486 14991588691480950243 2 6
2 5 1 8 6 7 
5 2 1 8 6 7 

2099 664175736414921164 2 5
1 4 0 5 11 
1 4 5 0 11 

2659 17731464564693914406 2 6
5 11 1 9 6 0 
11 5 1 9 6 0 

441 9888572650096077306 2 6
4 5 8 3 7 0 
5 4 8 3 7 0 

3146 5025962247365314646 4 5
1 3 6 10 11 
1 3 6 11 10 
1 6 3 10 11 
1 6 3 11 10 

438 16080768595751491892 2 6
5 7 4 2 1 8 
7 5 4 2 1 8 

2602 15653426304844951015 6 5
3 5 11 1 9 
3 11 5 1 9 
5 3 11 1 9 
5 11 3 1 9 
11 3 5 1 9 
11 5 3 1 9 

1520 228510844930607347 2 6
4 8 5 10 7 6 
8 4 5 10 7 6 

429 8762293650627267097 4 6
3 8 5 2 7 0 
3 8 2 5 7 0 
8 3 2 5 7 0 
8 3 5 2 7 0 

377 13008496260309061241 2 6
4 5 8 3 0 6 
5 4 8 3 0 6 

2000 488542594256355252 4 6
4 10 7 6 9 8 
4 10 6 7 9 8 
10 4 7 6 9 8 
10 4 6 7 9 8 

378 7252031408551241653 2 6
4 5 6 3 1 8 
5 4 6 3 1 8 

3083 11823525391913838115 4 5
1 0 3 10 11 
1 0 3 11 10 
1 3 0 10 11 
1 3 0 11 10 

3624 15669041373866470253 6 5
3 5 9 10 11 
3 9 5 10 11 
5 3 9 10 11 
5 9 3 10 11 
9 5 3 10 11 
9 3 5 10 11 

1460 2233914167423949197 4 6
5 7 4 8 10 2 
5 7 8 4 10 2 
7 5 4 8 10 2 
7 5 8 4 10 2 

374 7094172301627771613 2 6
5 6 4 2 1 8 
6 5 4 2 1 8 

1456 852318033818440602 4 5
5 7 4 8 10 
5 7 8 4 10 
7 5 4 8 10 
7 5 8 4 10 

365 3768522800081854864 8 6
2 5 3 8 0 6 
2 5 8 3 0 6 
3 8 5 2 6 0 
3 8 2 5 6 0 
5 2 3 8 0 6 
5 2 8 3 0 6 
8 3 2 5 6 0 
8 3 5 2 6 0 

373 12216236925529264147 2 6
4 8 5 2 6 0 
8 4 5 2 6 0 

2536 4769614433547241235 8 6
3 8 5 11 6 7 
3 8 11 5 6 7 
5 11 8 3 7 6 
5 11 3 8 7 6 
8 3 5 11 6 7 
8 3 11 5 6 7 
11 5 8 3 7 6 
11 5 3 8 7 6 

318 1334233113274633272 2 6
3 5 2 4 1 8 
5 3 2 4 1 8 

317 14498150133182066701 4 6
8 2 0 4 3 5 
8 3 4 0 2 5 
8 4 3 2 0 5 
8 0 2 3 4 5 

250 7342077020236773477 2 6
4 5 1 3 7 6 
5 4 1 3 7 6 

1873 2193097090793837086 4 6
4 10 6 0 9 8 
4 10 0 6 9 8 
10 4 6 0 9 8 
10 4 0 6 9 8 

221 2228600569029354724 6 6
2 3 4 6 7 0 
2 4 3 6 7 0 
3 2 4 6 7 0 
3 4 2 6 7 0 
4 2 3 6 7 0 
4 3 2 6 7 0 

2385 9508408847464364197 12 5
4 8 11 0 6 
4 8 11 6 0 
4 11 8 6 0 
4 11 8 0 6 
8 4 11 0 6 
8 4 11 6 0 
8 11 4 0 6 
8 11 4 6 0 
11 4 8 6 0 
11 4 8 0 6 
11 8 4 6 0 
11 8 4 0 6 

252 4944312786283715841 2 6
3 4 2 5 6 7 
4 3 2 5 6 7 

246 18218324053827413310 1 6
1 4 5 2 7 6 

2410 1244990723641537753 2 6
5 11 3 6 1 8 
11 5 3 6 1 8 

243 3327221171610979706 2 6
1 4 5 7 0 6 
1 5 4 7 0 6 

1325 12216236925529264147 2 6
3 8 5 0 10 2 
8 3 5 0 10 2 

3490 591671902245826584 2 6
5 7 1 8 10 11 
7 5 1 8 10 11 

1272 228510844930607347 2 6
3 4 10 5 7 6 
4 3 10 5 7 6 

756 17346163999987561741 2 6
4 9 5 2 6 7 
9 4 5 2 6 7 

2662 2823271083572062714 2 6
5 6 1 9 11 2 
6 5 1 9 11 2 

444 2226890699318929390 1 6
8 7 2 3 4 5 

187 10258792257132434567 4 6
4 5 1 3 0 7 
4 5 1 3 7 0 
5 4 1 3 0 7 
5 4 1 3 7 0 

119 11896637036301447194 1 6
1 4 5 2 0 6 

2857 17346163999987561741 2 6
5 11 3 0 8 9 
11 5 3 0 8 9 

1748 10646481241042548423 4 6
4 9 6 7 10 2 
4 9 7 6 10 2 
9 4 6 7 10 2 
9 4 7 6 10 2 

63 4776129581723900694 4 6
1 0 2 3 4 5 
1 2 0 4 3 5 
1 3 4 0 2 5 
1 4 3 2 0 5 

3363 14991588691480950243 2 6
0 5 1 8 10 11 
5 0 1 8 10 11 

1145 13008496260309061241 2 6
3 4 10 5 0 6 
4 3 10 5 0 6 

3337 5573958986186089707 12 5
0 3 8 10 11 
0 3 8 11 10 
0 8 3 10 11 
0 8 3 11 10 
3 0 8 10 11 
3 0 8 11 10 
3 8 0 10 11 
3 8 0 11 10 
8 3 0 10 11 
8 3 0 11 10 
8 0 3 10 11 
8 0 3 11 10 

632 852318033818440602 4 5
6 9 5 4 3 
6 9 4 5 3 
9 6 5 4 3 
9 6 4 5 3 

315 1334233113274633272 2 6
4 5 0 3 1 8 
5 4 0 3 1 8 

3656 9427258437046237397 12 5
3 6 9 10 11 
3 6 9 11 10 
3 9 6 10 11 
3 9 6 11 10 
6 3 9 10 11 
6 3 9 11 10 
6 9 3 10 11 
6 9 3 11 10 
9 6 3 10 11 
9 6 3 11 10 
9 3 6 10 11 
9 3 6 11 10 

1492 17850062248467779349 4 6
4 8 6 7 2 10 
4 8 7 6 2 10 
8 4 6 7 2 10 
8 4 7 6 2 10 

380 14498150133182066701 4 6
2 4 5 8 6 3 
2 5 4 6 8 3 
2 6 8 5 4 3 
2 8 6 4 5 3 

123 6617719746405921369 2 6
4 5 1 3 0 6 
5 4 1 3 0 6 

1746 6866461022638124920 4 6
4 10 6 7 1 9 
4 10 7 6 1 9 
10 4 6 7 1 9 
10 4 7 6 1 9 

122 12593852472169688758 2 5
1 6 4 5 3 
1 6 5 4 3 

3224 15669041373866470253 6 5
3 4 7 10 11 
3 7 4 10 11 
4 3 7 10 11 
4 7 3 10 11 
7 4 3 10 11 
7 3 4 10 11 

2142 8872881745763566999 2 6
3 6 4 1 11 2 
6 3 4 1 11 2 

3160 15669041373866470253 6 5
3 4 6 11 10 
3 6 4 11 10 
4 3 6 11 10 
4 6 3 11 10 
6 4 3 11 10 
6 3 4 11 10 

3214 10866810496797204609 2 6
1 3 7 10 11 2 
1 7 3 10 11 2 

996 1943110729160799581 4 6
2 5 8 9 6 7 
2 5 9 8 6 7 
5 2 8 9 6 7 
5 2 9 8 6 7 

3426 591671902245826584 2 6
5 6 1 8 11 10 
6 5 1 8 11 10 

1208 852318033818440602 4 5
7 10 3 4 5 
7 10 4 3 5 
10 7 4 3 5 
10 7 3 4 5 

3210 11823525391913838115 4 5
1 3 7 10 11 
1 3 7 11 10 
1 7 3 10 11 
1 7 3 11 10 

1587 68578248566527190 2 6
0 5 4 10 1 9 
5 0 4 10 1 9 

1988 5603452379111868273 16 6
6 7 8 9 2 10 
6 7 8 9 10 2 
6 7 9 8 2 10 
6 7 9 8 10 2 
7 6 8 9 2 10 
7 6 8 9 10 2 
7 6 9 8 2 10 
7 6 9 8 10 2 
8 9 7 6 2 10 
8 9 7 6 10 2 
8 9 6 7 2 10 
8 9 6 7 10 2 
9 8 7 6 2 10 
9 8 7 6 10 2 
9 8 6 7 2 10 
9 8 6 7 10 2 

3097 2439390951950820807 6 5
0 3 4 10 11 
0 4 3 10 11 
3 0 4 10 11 
3 4 0 10 11 
4 3 0 10 11 
4 0 3 10 11 

2512 9427258437046237397 12 5
4 8 11 6 7 
4 8 11 7 6 
4 11 8 7 6 
4 11 8 6 7 
8 4 11 6 7 
8 4 11 7 6 
8 11 4 7 6 
8 11 4 6 7 
11 8 4 6 7 
11 8 4 7 6 
11 4 8 7 6 
11 4 8 6 7 

2107 4776129581723900694 4 6
1 0 11 3 4 5 
1 3 4 0 11 5 
1 4 3 11 0 5 
1 11 0 4 3 5 

2480 852318033818440602 4 5
4 8 7 5 11 
4 8 5 7 11 
8 4 7 5 11 
8 4 5 7 11 

316 12090042794949843262 4 5
2 8 5 3 4 
2 8 3 5 4 
8 2 5 3 4 
8 2 3 5 4 

2456 12729916853582679963 8 5
3 7 4 11 8 
3 7 11 4 8 
4 11 7 3 8 
4 11 3 7 8 
7 3 4 11 8 
7 3 11 4 8 
11 4 7 3 8 
11 4 3 7 8 

238 3989110248504733515 2 6
1 3 2 5 7 6 
1 3 5 2 7 6 

2345 15476917387195100497 4 5
3 8 5 11 0 
3 8 11 5 0 
8 3 5 11 0 
8 3 11 5 0 

1182 2303721535913387343 2 6
3 7 4 1 2 10 
7 3 4 1 2 10 

2274 7543583020423842894 2 5
1 5 11 6 7 
1 11 5 6 7 

110 17269126778635331362 2 5
1 3 2 5 6 
1 3 5 2 6 

2137 1031511967050065677 6 5
3 4 11 6 0 
3 11 4 6 0 
4 3 11 6 0 
4 11 3 6 0 
11 3 4 6 0 
11 4 3 6 0 

1055 3630429125347668874 2 6
0 3 4 1 2 10 
3 0 4 1 2 10 

1596 4122801265634653325 2 6
3 5 9 4 10 2 
5 3 9 4 10 2 

2258 11823525391913838115 4 5
1 4 11 7 6 
1 4 11 6 7 
1 11 4 7 6 
1 11 4 6 7 

1176 16843014019913416440 24 4
3 4 7 10 
3 4 10 7 
3 7 4 10 
3 7 10 4 
3 10 7 4 
3 10 4 7 
4 3 7 10 
4 3 10 7 
4 7 3 10 
4 7 10 3 
4 10 7 3 
4 10 3 7 
7 4 3 10 
7 4 10 3 
7 3 4 10 
7 3 10 4 
7 10 3 4 
7 10 4 3 
10 4 7 3 
10 4 3 7 
10 7 4 3 
10 7 3 4 
10 3 7 4 
10 3 4 7 

1744 9427258437046237397 12 5
4 9 10 6 7 
4 9 10 7 6 
4 10 9 7 6 
4 10 9 6 7 
9 4 10 6 7 
9 4 10 7 6 
9 10 4 7 6 
9 10 4 6 7 
10 9 4 6 7 
10 9 4 7 6 
10 4 9 7 6 
10 4 9 6 7 

94 5525208411259477938 4 5
2 4 3 6 1 
2 4 6 3 1 
4 2 3 6 1 
4 2 6 3 1 

1203 9603349714016221533 1 6
1 4 5 10 7 0 

1952 9427258437046237397 12 5
5 7 10 9 8 
5 7 10 8 9 
5 10 7 9 8 
5 10 7 8 9 
7 5 10 9 8 
7 5 10 8 9 
7 10 5 9 8 
7 10 5 8 9 
10 7 5 9 8 
10 7 5 8 9 
10 5 7 9 8 
10 5 7 8 9 

870 1154591213966599063 6 6
2 5 6 1 9 8 
2 6 5 1 9 8 
5 2 6 1 9 8 
5 6 2 1 9 8 
6 2 5 1 9 8 
6 5 2 1 9 8 

2346 9609409361058117941 6 5
3 5 11 1 8 
3 11 5 1 8 
5 3 11 1 8 
5 11 3 1 8 
11 3 5 1 8 
11 5 3 1 8 

182 664175736414921164 2 5
1 4 5 7 2 
1 4 7 5 2 

2914 10293209991100499993 6 6
5 6 11 1 9 8 
5 11 6 1 9 8 
6 5 11 1 9 8 
6 11 5 1 9 8 
11 5 6 1 9 8 
11 6 5 1 9 8 

1805 5646035700569632052 4 6
0 3 2 10 8 9 
0 3 10 2 8 9 
3 0 2 10 8 9 
3 0 10 2 8 9 

1832 15669041373866470253 6 5
3 5 10 9 8 
3 10 5 9 8 
5 3 10 9 8 
5 10 3 9 8 
10 5 3 9 8 
10 3 5 9 8 

1825 5573958986186089707 12 5
0 5 10 9 8 
0 5 10 8 9 
0 10 5 9 8 
0 10 5 8 9 
5 0 10 9 8 
5 0 10 8 9 
5 10 0 9 8 
5 10 0 8 9 
10 5 0 9 8 
10 5 0 8 9 
10 0 5 9 8 
10 0 5 8 9 

62 664175736414921164 2 5
1 2 3 5 4 
1 2 5 3 4 

1712 12729916853582679963 8 5
4 9 7 5 10 
4 9 5 7 10 
5 7 4 9 10 
5 7 9 4 10 
7 5 4 9 10 
7 5 9 4 10 
9 4 7 5 10 
9 4 5 7 10 

630 10583185537291315203 2 6
5 6 4 2 1 9 
6 5 4 2 1 9 

413 9197999651535379497 2 6
2 4 3 8 7 0 
4 2 3 8 7 0 

1698 4632301575580520879 6 5
5 7 10 1 9 
5 10 7 1 9 
7 5 10 1 9 
7 10 5 1 9 
10 5 7 1 9 
10 7 5 1 9 

1612 9508408847464364197 12 5
3 6 9 2 10 
3 6 9 10 2 
3 9 6 2 10 
3 9 6 10 2 
6 3 9 2 10 
6 3 9 10 2 
6 9 3 2 10 
6 9 3 10 2 
9 3 6 2 10 
9 3 6 10 2 
9 6 3 2 10 
9 6 3 10 2 

1071 11896637036301447194 1 6
1 3 5 0 2 10 

2202 13967495584906605377 8 5
3 7 4 11 1 
3 7 11 4 1 
4 11 7 3 1 
4 11 3 7 1 
7 3 4 11 1 
7 3 11 4 1 
11 4 3 7 1 
11 4 7 3 1 

1688 852318033818440602 4 5
4 10 7 3 9 
4 10 3 7 9 
10 4 7 3 9 
10 4 3 7 9 

606 12106030633697921406 4 6
2 4 3 6 1 9 
2 4 6 3 1 9 
4 2 3 6 1 9 
4 2 6 3 1 9 

2138 7974155120411633739 4 5
4 11 6 3 1 
4 11 3 6 1 
11 4 3 6 1 
11 4 6 3 1 

1624 12729916853582679963 8 5
3 6 4 10 9 
3 6 10 4 9 
4 10 6 3 9 
4 10 3 6 9 
6 3 4 10 9 
6 3 10 4 9 
10 4 6 3 9 
10 4 3 6 9 

1083 3950994295987861058 1 6
1 0 10 3 4 5 

2131 13645085218199303101 4 5
1 4 11 6 0 
1 4 11 0 6 
1 11 4 6 0 
1 11 4 0 6 

1617 9508408847464364197 12 5
4 9 10 0 6 
4 9 10 6 0 
4 10 9 6 0 
4 10 9 0 6 
9 4 10 0 6 
9 4 10 6 0 
9 10 4 0 6 
9 10 4 6 0 
10 4 9 6 0 
10 4 9 0 6 
10 9 4 6 0 
10 9 4 0 6 

3267 7312793931716527072 2 6
1 10 11 6 7 0 
1 11 10 6 7 0 

1049 16493867128980194667 24 4
0 3 4 10 
0 3 10 4 
0 4 3 10 
0 4 10 3 
0 10 4 3 
0 10 3 4 
3 0 4 10 
3 0 10 4 
3 4 0 10 
3 4 10 0 
3 10 4 0 
3 10 0 4 
4 3 0 10 
4 3 10 0 
4 0 3 10 
4 0 10 3 
4 10 0 3 
4 10 3 0 
10 3 4 0 
10 3 0 4 
10 4 3 0 
10 4 0 3 
10 0 4 3 
10 0 3 4 

2158 9603349714016221533 1 6
1 3 5 6 11 2 

2075 13967495584906605377 8 5
0 3 4 11 1 
0 3 11 4 1 
3 0 4 11 1 
3 0 11 4 1 
4 11 3 0 1 
4 11 0 3 1 
11 4 3 0 1 
11 4 0 3 1 

1561 16272028447959098298 4 5
4 10 0 3 9 
4 10 3 0 9 
10 4 3 0 9 
10 4 0 3 9 

309 12090042794949843262 4 5
4 8 0 5 2 
4 8 5 0 2 
8 4 5 0 2 
8 4 0 5 2 

1932 2193097090793837086 4 6
3 7 2 10 8 9 
3 7 10 2 8 9 
7 3 2 10 8 9 
7 3 10 2 8 9 

3266 180659253974701352 8 5
1 6 7 10 11 
1 6 7 11 10 
1 7 6 10 11 
1 7 6 11 10 
1 10 11 6 7 
1 10 11 7 6 
1 11 10 7 6 
1 11 10 6 7 

1102 1174652836471451135 4 5
1 3 6 2 10 
1 3 6 10 2 
1 6 3 2 10 
1 6 3 10 2 

3139 14226951147164851013 4 5
1 10 11 0 6 
1 10 11 6 0 
1 11 10 6 0 
1 11 10 0 6 

2652 7454461789564251683 2 6
3 6 4 9 11 2 
6 3 4 9 11 2 

434 9609409361058117941 6 5
4 5 7 1 8 
4 7 5 1 8 
5 4 7 1 8 
5 7 4 1 8 
7 4 5 1 8 
7 5 4 1 8 

55 664175736414921164 2 5
1 4 0 5 2 
1 4 5 0 2 

1678 2010201063147931826 4 6
3 7 2 10 1 9 
3 7 10 2 1 9 
7 3 2 10 1 9 
7 3 10 2 1 9 

2219 18345114446371910486 4 6
1 3 5 11 7 0 
1 3 5 11 0 7 
1 3 11 5 7 0 
1 3 11 5 0 7 

563 15653426304844951015 6 5
0 4 5 1 9 
0 5 4 1 9 
4 0 5 1 9 
4 5 0 1 9 
5 4 0 1 9 
5 0 4 1 9 

2648 852318033818440602 4 5
3 6 4 11 9 
3 6 11 4 9 
6 3 4 11 9 
6 3 11 4 9 

430 4419934490238680150 2 6
2 5 3 7 1 8 
5 2 3 7 1 8 

1512 12734346366657545445 8 6
3 8 5 10 7 6 
3 8 10 5 7 6 
5 10 8 3 7 6 
5 10 3 8 7 6 
8 3 5 10 7 6 
8 3 10 5 7 6 
10 5 8 3 7 6 
10 5 3 8 7 6 

3162 5540564154157459835 2 6
3 6 4 1 11 10 
6 3 4 1 11 10 

944 15669041373866470253 6 5
4 5 7 8 9 
4 7 5 8 9 
5 4 7 8 9 
5 7 4 8 9 
7 5 4 8 9 
7 4 5 8 9 

370 5461374753696856371 6 5
4 5 6 1 8 
4 6 5 1 8 
5 4 6 1 8 
5 6 4 1 8 
6 4 5 1 8 
6 5 4 1 8 

412 17692198270054453466 4 5
3 7 4 2 8 
3 7 2 4 8 
7 3 4 2 8 
7 3 2 4 8 

215 10866810496797204609 2 6
1 2 4 6 7 0 
1 4 2 6 7 0 

1324 12786866701162581528 6 5
3 5 8 2 10 
3 8 5 2 10 
5 3 8 2 10 
5 8 3 2 10 
8 3 5 2 10 
8 5 3 2 10 

2406 4501346429850041077 2 6
5 6 1 8 11 2 
6 5 1 8 11 2 

2714 15217761884577431911 8 6
3 7 4 11 1 9 
3 7 11 4 1 9 
4 11 7 3 1 9 
4 11 3 7 1 9 
7 3 4 11 1 9 
7 3 11 4 1 9 
11 4 3 7 1 9 
11 4 7 3 1 9 

496 15669041373866470253 6 5
4 5 8 7 6 
4 8 5 7 6 
5 4 8 7 6 
5 8 4 7 6 
8 5 4 7 6 
8 4 5 7 6 

372 380262724330119809 8 5
4 8 5 6 2 
4 8 6 5 2 
5 6 4 8 2 
5 6 8 4 2 
6 5 4 8 2 
6 5 8 4 2 
8 4 5 6 2 
8 4 6 5 2 

1086 6617719746405921369 2 6
3 5 1 4 2 10 
5 3 1 4 2 10 

626 2583777673558335768 6 5
4 5 6 1 9 
4 6 5 1 9 
5 4 6 1 9 
5 6 4 1 9 
6 4 5 1 9 
6 5 4 1 9 

1167 7624362003161218244 4 6
1 3 2 10 7 0 
1 3 2 10 0 7 
1 3 10 2 7 0 
1 3 10 2 0 7 

366 421477689551071062 2 6
2 5 3 6 1 8 
5 2 3 6 1 8 

1448 12729916853582679963 8 5
3 8 5 10 7 
3 8 10 5 7 
5 10 8 3 7 
5 10 3 8 7 
8 3 5 10 7 
8 3 10 5 7 
10 5 8 3 7 
10 5 3 8 7 

880 15669041373866470253 6 5
4 5 6 9 8 
4 6 5 9 8 
5 4 6 9 8 
5 6 4 9 8 
6 5 4 9 8 
6 4 5 9 8 

2530 591671902245826584 2 6
5 11 1 8 6 7 
11 5 1 8 6 7 

1421 17904701270138616053 4 6
3 8 2 10 7 0 
3 8 10 2 7 0 
8 3 2 10 7 0 
8 3 10 2 7 0 

183 3928663519459618005 2 6
1 4 5 2 0 7 
1 4 5 2 7 0 

59 664175736414921164 2 5
1 0 4 5 3 
1 0 5 4 3 

2520 12371212334996106160 2 6
4 11 3 8 7 6 
11 4 3 8 7 6 

302 8285550544909107253 6 5
2 3 5 1 8 
2 5 3 1 8 
3 2 5 1 8 
3 5 2 1 8 
5 2 3 1 8 
5 3 2 1 8 

2140 17498980938774220750 6 5
3 4 6 11 2 
3 6 4 11 2 
4 3 6 11 2 
4 6 3 11 2 
6 3 4 11 2 
6 4 3 11 2 

882 13730542811270005310 6 6
4 5 6 1 9 8 
4 6 5 1 9 8 
5 4 6 1 9 8 
5 6 4 1 9 8 
6 4 5 1 9 8 
6 5 4 1 9 8 

87 13645085218199303101 4 5
1 2 4 0 6 
1 2 4 6 0 
1 4 2 0 6 
1 4 2 6 0 

628 15476917387195100497 4 5
5 6 4 9 2 
5 6 9 4 2 
6 5 4 9 2 
6 5 9 4 2 

2091 664175736414921164 2 5
1 3 5 11 0 
1 3 11 5 0 

3256 228510844930607347 2 6
3 4 7 5 10 11 
4 3 7 5 10 11 

2147 4855381303833618366 2 5
1 5 11 6 0 
1 11 5 6 0 

2664 12729916853582679963 8 5
3 9 5 11 6 
3 9 11 5 6 
5 11 9 3 6 
5 11 3 9 6 
9 3 5 11 6 
9 3 11 5 6 
11 5 9 3 6 
11 5 3 9 6 

500 6590687090933055534 2 6
4 8 5 2 7 6 
8 4 5 2 7 6 

1582 11806359723424088118 2 6
3 5 1 9 2 10 
5 3 1 9 2 10 

2150 8872214736889773835 2 5
1 5 6 11 2 
1 6 5 11 2 

230 18163425054610292623 2 5
1 2 5 6 7 
1 5 2 6 7 

2394 17905052751253323495 4 6
4 11 6 3 1 8 
4 11 3 6 1 8 
11 4 3 6 1 8 
11 4 6 3 1 8 

436 15476917387195100497 4 5
4 8 5 7 2 
4 8 7 5 2 
8 4 5 7 2 
8 4 7 5 2 

179 6340282519631575999 4 5
1 4 5 0 7 
1 4 5 7 0 
1 5 4 0 7 
1 5 4 7 0 

690 15653426304844951015 6 5
4 5 7 1 9 
4 7 5 1 9 
5 4 7 1 9 
5 7 4 1 9 
7 4 5 1 9 
7 5 4 1 9 

3760 12734346366657545445 8 6
4 9 7 5 10 11 
4 9 5 7 10 11 
5 7 4 9 10 11 
5 7 9 4 10 11 
7 5 4 9 10 11 
7 5 9 4 10 11 
9 4 7 5 10 11 
9 4 5 7 10 11 

433 17498980938774220750 6 5
4 5 8 7 0 
4 8 5 7 0 
5 4 8 7 0 
5 8 4 7 0 
8 4 5 7 0 
8 5 4 7 0 

1322 5461374753696856371 6 5
3 5 10 1 8 
3 10 5 1 8 
5 3 10 1 8 
5 10 3 1 8 
10 3 5 1 8 
10 5 3 1 8 

358 14034922122814792548 6 5
2 5 6 1 8 
2 6 5 1 8 
5 2 6 1 8 
5 6 2 1 8 
6 2 5 1 8 
6 5 2 1 8 

2136 16843014019913416440 24 4
3 4 6 11 
3 4 11 6 
3 6 4 11 
3 6 11 4 
3 11 6 4 
3 11 4 6 
4 3 6 11 
4 3 11 6 
4 6 3 11 
4 6 11 3 
4 11 6 3 
4 11 3 6 
6 4 3 11 
6 4 11 3 
6 3 4 11 
6 3 11 4 
6 11 3 4 
6 11 4 3 
11 4 6 3 
11 4 3 6 
11 6 4 3 
11 6 3 4 
11 3 6 4 
11 3 4 6 

2094 6340282519631575999 4 5
1 3 5 2 11 
1 3 5 11 2 
1 5 3 2 11 
1 5 3 11 2 

1580 1031511967050065677 6 5
3 5 9 10 2 
3 9 5 10 2 
5 3 9 10 2 
5 9 3 10 2 
9 3 5 10 2 
9 5 3 10 2 

1039 13645085218199303101 4 5
1 0 3 2 10 
1 0 3 10 2 
1 3 0 2 10 
1 3 0 10 2 

1066 11273311492949096519 6 4
1 3 5 10 
1 3 10 5 
1 5 3 10 
1 5 10 3 
1 10 5 3 
1 10 3 5 

498 1286124567632809864 2 6
4 5 1 8 7 6 
5 4 1 8 7 6 

1607 4651534499220480373 8 6
1 9 2 10 0 6 
1 9 2 10 6 0 
1 9 6 0 2 10 
1 9 6 0 10 2 
1 9 0 6 2 10 
1 9 0 6 10 2 
1 9 10 2 0 6 
1 9 10 2 6 0 

812 2439390951950820807 6 5
2 3 5 8 9 
2 5 3 8 9 
3 2 5 8 9 
3 5 2 8 9 
5 3 2 8 9 
5 2 3 8 9 

624 16843014019913416440 24 4
4 5 6 9 
4 5 9 6 
4 6 5 9 
4 6 9 5 
4 9 6 5 
4 9 5 6 
5 4 6 9 
5 4 9 6 
5 6 4 9 
5 6 9 4 
5 9 6 4 
5 9 4 6 
6 5 4 9 
6 5 9 4 
6 4 5 9 
6 4 9 5 
6 9 4 5 
6 9 5 4 
9 5 6 4 
9 5 4 6 
9 6 5 4 
9 6 4 5 
9 4 6 5 
9 4 5 6 

1706 8251360394433141114 2 6
5 10 3 7 1 9 
10 5 3 7 1 9 

1138 12593852472169688758 2 5
1 4 5 6 10 
1 4 6 5 10 

364 12090042794949843262 4 5
2 5 3 8 6 
2 5 8 3 6 
5 2 3 8 6 
5 2 8 3 6 

1446 185880758577276505 2 6
5 7 1 8 10 2 
7 5 1 8 10 2 

2154 374517227452220923 2 5
1 3 5 11 6 
1 3 11 5 6 

1640 852318033818440602 4 5
3 9 5 10 6 
3 9 10 5 6 
9 3 5 10 6 
9 3 10 5 6 

2776 228510844930607347 2 6
4 11 3 9 6 7 
11 4 3 9 6 7 

558 15653426304844951015 6 5
2 3 5 1 9 
2 5 3 1 9 
3 2 5 1 9 
3 5 2 1 9 
5 2 3 1 9 
5 3 2 1 9 

1126 14795686909076018073 2 5
1 5 6 2 10 
1 6 5 2 10 

51 11311692471758655814 6 4
1 0 4 5 
1 0 5 4 
1 4 0 5 
1 4 5 0 
1 5 4 0 
1 5 0 4 

305 16493867128980194667 24 4
0 4 5 8 
0 4 8 5 
0 5 4 8 
0 5 8 4 
0 8 5 4 
0 8 4 5 
4 0 5 8 
4 0 8 5 
4 5 0 8 
4 5 8 0 
4 8 5 0 
4 8 0 5 
5 4 0 8 
5 4 8 0 
5 0 4 8 
5 0 8 4 
5 8 0 4 
5 8 4 0 
8 4 5 0 
8 4 0 5 
8 5 4 0 
8 5 0 4 
8 0 5 4 
8 0 4 5 

2650 3749264510105120316 4 6
4 11 6 3 1 9 
4 11 3 6 1 9 
11 4 3 6 1 9 
11 4 6 3 1 9 

432 16843014019913416440 24 4
4 5 7 8 
4 5 8 7 
4 7 5 8 
4 7 8 5 
4 8 7 5 
4 8 5 7 
5 4 7 8 
5 4 8 7 
5 7 4 8 
5 7 8 4 
5 8 7 4 
5 8 4 7 
7 5 4 8 
7 5 8 4 
7 4 5 8 
7 4 8 5 
7 8 4 5 
7 8 5 4 
8 5 7 4 
8 5 4 7 
8 7 5 4 
8 7 4 5 
8 4 7 5 
8 4 5 7 

435 5390320677505775296 2 6
4 5 1 8 7 0 
5 4 1 8 7 0 

1194 8264097564359119393 2 5
1 3 5 10 7 
1 3 10 5 7 

1321 380262724330119809 8 5
3 8 5 10 0 
3 8 10 5 0 
5 10 8 3 0 
5 10 3 8 0 
8 3 5 10 0 
8 3 10 5 0 
10 5 3 8 0 
10 5 8 3 0 

2403 185880758577276505 2 6
5 11 1 8 6 0 
11 5 1 8 6 0 

3628 9140668311032533749 6 6
3 5 9 10 11 2 
3 9 5 10 11 2 
5 3 9 10 11 2 
5 9 3 10 11 2 
9 3 5 10 11 2 
9 5 3 10 11 2 

301 12090042794949843262 4 5
3 8 5 2 0 
3 8 2 5 0 
8 3 2 5 0 
8 3 5 2 0 

1075 17269126778635331362 2 5
1 4 0 5 10 
1 4 5 0 10 

428 16272028447959098298 4 5
3 8 5 2 7 
3 8 2 5 7 
8 3 5 2 7 
8 3 2 5 7 

2218 664175736414921164 2 5
1 3 5 11 7 
1 3 11 5 7 

1704 852318033818440602 4 5
5 10 9 3 7 
5 10 3 9 7 
10 5 9 3 7 
10 5 3 9 7 

622 68578248566527190 2 6
2 5 3 6 1 9 
5 2 3 6 1 9 

1190 4855381303833618366 2 5
1 5 7 10 2 
1 7 5 10 2 

2856 15669041373866470253 6 5
3 5 11 8 9 
3 11 5 8 9 
5 3 11 8 9 
5 11 3 8 9 
11 5 3 8 9 
11 3 5 8 9 

2680 1824805582785272451 4 6
6 5 3 11 9 4 
6 3 5 9 11 4 
6 9 11 3 5 4 
6 11 9 5 3 4 

1571 3334262549458201999 6 5
0 5 10 1 9 
0 10 5 1 9 
5 0 10 1 9 
5 10 0 1 9 
10 5 0 1 9 
10 0 5 1 9 

158 13967495584906605377 8 5
2 4 3 7 1 
2 4 7 3 1 
3 7 4 2 1 
3 7 2 4 1 
4 2 3 7 1 
4 2 7 3 1 
7 3 2 4 1 
7 3 4 2 1 

1186 6502632244296645711 6 4
1 5 7 10 
1 5 10 7 
1 7 5 10 
1 7 10 5 
1 10 7 5 
1 10 5 7 

3377 561839936952577197 4 6
4 8 5 0 11 10 
4 8 0 5 11 10 
8 4 5 0 11 10 
8 4 0 5 11 10 

2268 9922455802016797330 2 6
3 4 6 7 11 2 
4 3 6 7 11 2 

124 12090042794949843262 4 5
2 6 4 3 5 
2 6 3 4 5 
6 2 4 3 5 
6 2 3 4 5 

1206 10205134799724088474 2 6
1 4 5 7 2 10 
1 4 7 5 2 10 

118 8233147740416037160 2 5
1 4 5 6 2 
1 4 6 5 2 

2282 13022732614101927636 2 6
1 3 5 11 7 6 
1 3 11 5 7 6 

92 16493867128980194667 24 4
2 3 4 6 
2 3 6 4 
2 4 3 6 
2 4 6 3 
2 6 4 3 
2 6 3 4 
3 2 4 6 
3 2 6 4 
3 4 2 6 
3 4 6 2 
3 6 4 2 
3 6 2 4 
4 3 2 6 
4 3 6 2 
4 2 3 6 
4 2 6 3 
4 6 2 3 
4 6 3 2 
6 3 4 2 
6 3 2 4 
6 4 3 2 
6 4 2 3 
6 2 4 3 
6 2 3 4 

633 4122801265634653325 2 6
4 5 9 3 6 0 
5 4 9 3 6 0 

476 3895734981893710113 2 6
2 4 3 8 7 6 
4 2 3 8 7 6 

1585 17692198270054453466 4 5
4 9 5 0 10 
4 9 0 5 10 
9 4 5 0 10 
9 4 0 5 10 

300 16493867128980194667 24 4
2 3 5 8 
2 3 8 5 
2 5 3 8 
2 5 8 3 
2 8 5 3 
2 8 3 5 
3 2 5 8 
3 2 8 5 
3 5 2 8 
3 5 8 2 
3 8 5 2 
3 8 2 5 
5 3 2 8 
5 3 8 2 
5 2 3 8 
5 2 8 3 
5 8 2 3 
5 8 3 2 
8 3 5 2 
8 3 2 5 
8 5 3 2 
8 5 2 3 
8 2 5 3 
8 2 3 5 

1382 7575926246408878334 2 6
5 6 1 8 2 10 
6 5 1 8 2 10 

303 1334233113274633272 2 6
2 5 3 0 1 8 
5 2 3 0 1 8 

1385 11772344889860055754 8 6
3 8 5 10 0 6 
3 8 10 5 0 6 
5 10 8 3 0 6 
5 10 3 8 0 6 
8 3 5 10 0 6 
8 3 10 5 0 6 
10 5 3 8 0 6 
10 5 8 3 0 6 

817 2439390951950820807 6 5
0 4 5 8 9 
0 5 4 8 9 
4 0 5 8 9 
4 5 0 8 9 
5 4 0 8 9 
5 0 4 8 9 

1358 14767469976261048983 4 6
3 6 2 10 1 8 
3 6 10 2 1 8 
6 3 2 10 1 8 
6 3 10 2 1 8 

2264 15669041373866470253 6 5
3 4 11 6 7 
3 11 4 6 7 
4 3 11 6 7 
4 11 3 6 7 
11 4 3 6 7 
11 3 4 6 7 

46 11311692471758655814 6 4
1 2 3 5 
1 2 5 3 
1 3 2 5 
1 3 5 2 
1 5 3 2 
1 5 2 3 

1576 16843014019913416440 24 4
3 5 9 10 
3 5 10 9 
3 9 5 10 
3 9 10 5 
3 10 9 5 
3 10 5 9 
5 3 9 10 
5 3 10 9 
5 9 3 10 
5 9 10 3 
5 10 9 3 
5 10 3 9 
9 5 3 10 
9 5 10 3 
9 3 5 10 
9 3 10 5 
9 10 3 5 
9 10 5 3 
10 5 9 3 
10 5 3 9 
10 9 5 3 
10 9 3 5 
10 3 9 5 
10 3 5 9 

440 852318033818440602 4 5
7 8 5 4 3 
7 8 4 5 3 
8 7 5 4 3 
8 7 4 5 3 

2658 4632301575580520879 6 5
5 6 11 1 9 
5 11 6 1 9 
6 5 11 1 9 
6 11 5 1 9 
11 5 6 1 9 
11 6 5 1 9 

2090 11311692471758655814 6 4
1 3 5 11 
1 3 11 5 
1 5 3 11 
1 5 11 3 
1 11 5 3 
1 11 3 5 

3226 8034252278935889564 2 6
3 7 4 1 11 10 
7 3 4 1 11 10 

1008 5610631096340882136 8 6
4 5 6 7 8 9 
4 5 7 6 9 8 
4 5 8 9 6 7 
4 5 9 8 7 6 
5 4 6 7 8 9 
5 4 7 6 9 8 
5 4 8 9 6 7 
5 4 9 8 7 6 

31 13967495584906605377 8 5
0 3 2 4 1 
0 3 4 2 1 
2 4 0 3 1 
2 4 3 0 1 
3 0 2 4 1 
3 0 4 2 1 
4 2 3 0 1 
4 2 0 3 1 

2168 852318033818440602 4 5
6 11 3 4 5 
6 11 4 3 5 
11 6 4 3 5 
11 6 3 4 5 

1059 8623097159091425658 6 4
1 0 5 10 
1 0 10 5 
1 5 0 10 
1 5 10 0 
1 10 5 0 
1 10 0 5 

3250 13022732614101927636 2 6
1 4 5 7 11 10 
1 4 7 5 11 10 

2141 4190761804242086191 2 6
3 4 6 0 11 2 
4 3 6 0 11 2 

2106 664175736414921164 2 5
1 11 5 3 4 
1 11 3 5 4 

2674 8251360394433141114 2 6
5 6 4 11 1 9 
6 5 4 11 1 9 

1565 3838802720496618203 2 6
0 3 4 9 10 2 
3 0 4 9 10 2 

1592 852318033818440602 4 5
9 10 5 3 4 
9 10 3 5 4 
10 9 5 3 4 
10 9 3 5 4 

1051 5525208411259477938 4 5
0 3 4 10 1 
0 3 10 4 1 
3 0 4 10 1 
3 0 10 4 1 

307 8285550544909107253 6 5
0 4 5 1 8 
0 5 4 1 8 
4 0 5 1 8 
4 5 0 1 8 
5 4 0 1 8 
5 0 4 1 8 

2348 17498980938774220750 6 5
3 5 8 11 2 
3 8 5 11 2 
5 3 8 11 2 
5 8 3 11 2 
8 3 5 11 2 
8 5 3 11 2 

1266 3774195623115560460 1 6
1 4 5 10 7 6 

468 5573958986186089707 12 5
2 4 8 7 6 
2 4 8 6 7 
2 8 4 7 6 
2 8 4 6 7 
4 2 8 7 6 
4 2 8 6 7 
4 8 2 7 6 
4 8 2 6 7 
8 4 2 7 6 
8 4 2 6 7 
8 2 4 7 6 
8 2 4 6 7 

1577 15476917387195100497 4 5
5 10 9 3 0 
5 10 3 9 0 
10 5 3 9 0 
10 5 9 3 0 

1329 12090042794949843262 4 5
0 5 4 8 10 
0 5 8 4 10 
5 0 4 8 10 
5 0 8 4 10 

220 2439390951950820807 6 5
2 3 4 6 7 
2 4 3 6 7 
3 2 4 6 7 
3 4 2 6 7 
4 3 2 6 7 
4 2 3 6 7 

350 4811061870291747178 4 6
2 4 3 6 1 8 
2 4 6 3 1 8 
4 2 3 6 1 8 
4 2 6 3 1 8 

1432 852318033818440602 4 5
3 7 4 10 8 
3 7 10 4 8 
7 3 4 10 8 
7 3 10 4 8 

1202 374517227452220923 2 5
1 4 5 7 10 
1 4 7 5 10 

93 12786866701162581528 6 5
2 3 4 6 0 
2 4 3 6 0 
3 2 4 6 0 
3 4 2 6 0 
4 2 3 6 0 
4 3 2 6 0 

634 11093628196382049303 2 6
4 5 6 3 1 9 
5 4 6 3 1 9 

1716 9696183292496920526 8 6
4 9 5 7 10 2 
4 9 7 5 10 2 
5 7 4 9 10 2 
5 7 9 4 10 2 
7 5 4 9 10 2 
7 5 9 4 10 2 
9 4 5 7 10 2 
9 4 7 5 10 2 

359 7575926246408878334 2 6
2 5 1 8 6 0 
5 2 1 8 6 0 

1130 12593852472169688758 2 5
1 3 5 10 6 
1 3 10 5 6 

102 8623097159091425658 6 4
1 2 5 6 
1 2 6 5 
1 5 2 6 
1 5 6 2 
1 6 5 2 
1 6 2 5 

2266 8034252278935889564 2 6
4 11 3 1 7 6 
11 4 3 1 7 6 

2146 6502632244296645711 6 4
1 5 6 11 
1 5 11 6 
1 6 5 11 
1 6 11 5 
1 11 6 5 
1 11 5 6 

2730 11944747361206296284 2 6
5 11 3 7 1 9 
11 5 3 7 1 9 

1621 16549749828247609268 4 6
4 9 0 6 10 2 
4 9 6 0 10 2 
9 4 6 0 10 2 
9 4 0 6 10 2 

1648 852318033818440602 4 5
4 9 6 5 10 
4 9 5 6 10 
9 4 6 5 10 
9 4 5 6 10 

1107 1174652836471451135 4 5
1 4 10 6 0 
1 4 10 0 6 
1 10 4 6 0 
1 10 4 0 6 

620 17692198270054453466 4 5
3 9 5 2 6 
3 9 2 5 6 
9 3 5 2 6 
9 3 2 5 6 

1702 17731464564693914406 2 6
5 7 1 9 10 2 
7 5 1 9 10 2 

614 3334262549458201999 6 5
2 5 6 1 9 
2 6 5 1 9 
5 2 6 1 9 
5 6 2 1 9 
6 2 5 1 9 
6 5 2 1 9 

868 5573958986186089707 12 5
2 5 6 8 9 
2 5 6 9 8 
2 6 5 8 9 
2 6 5 9 8 
5 2 6 8 9 
5 2 6 9 8 
5 6 2 8 9 
5 6 2 9 8 
6 5 2 8 9 
6 5 2 9 8 
6 2 5 8 9 
6 2 5 9 8 

2329 17692198270054453466 4 5
4 11 0 3 8 
4 11 3 0 8 
11 4 3 0 8 
11 4 0 3 8 

111 8567017167932274801 2 6
1 3 2 5 0 6 
1 3 5 2 0 6 

1734 12916549961709048378 4 6
1 9 6 7 2 10 
1 9 6 7 10 2 
1 9 7 6 2 10 
1 9 7 6 10 2 

625 1031511967050065677 6 5
4 5 9 6 0 
4 9 5 6 0 
5 4 9 6 0 
5 9 4 6 0 
9 4 5 6 0 
9 5 4 6 0 

3384 228510844930607347 2 6
3 5 8 4 11 10 
5 3 8 4 11 10 

2275 3193782172962306421 2 6
1 5 11 6 7 0 
1 11 5 6 7 0 

1166 13645085218199303101 4 5
1 3 7 2 10 
1 3 7 10 2 
1 7 3 2 10 
1 7 3 10 2 

1861 6234689984292782995 16 6
8 9 6 0 2 10 
8 9 6 0 10 2 
8 9 0 6 2 10 
8 9 0 6 10 2 
8 9 2 10 6 0 
8 9 2 10 0 6 
8 9 10 2 0 6 
8 9 10 2 6 0 
9 8 6 0 2 10 
9 8 6 0 10 2 
9 8 2 10 0 6 
9 8 2 10 6 0 
9 8 0 6 2 10 
9 8 0 6 10 2 
9 8 10 2 0 6 
9 8 10 2 6 0 

752 15669041373866470253 6 5
4 5 9 6 7 
4 9 5 6 7 
5 4 9 6 7 
5 9 4 6 7 
9 5 4 6 7 
9 4 5 6 7 

2402 8685062363700195845 6 5
5 6 11 1 8 
5 11 6 1 8 
6 5 11 1 8 
6 11 5 1 8 
11 5 6 1 8 
11 6 5 1 8 

1293 3789797395801390717 12 5
0 3 8 2 10 
0 3 8 10 2 
0 8 3 2 10 
0 8 3 10 2 
3 0 8 2 10 
3 0 8 10 2 
3 8 0 2 10 
3 8 0 10 2 
8 3 0 2 10 
8 3 0 10 2 
8 0 3 2 10 
8 0 3 10 2 

1834 13730542811270005310 6 6
3 5 10 1 9 8 
3 10 5 1 9 8 
5 3 10 1 9 8 
5 10 3 1 9 8 
10 3 5 1 9 8 
10 5 3 1 9 8 

371 1503253175656321687 2 6
4 5 1 8 0 6 
5 4 1 8 0 6 

2278 16536535488056430897 1 6
1 5 6 7 11 2 

3107 18163425054610292623 2 5
1 0 5 10 11 
1 5 0 10 11 

1484 2193097090793837086 4 6
3 8 2 10 7 6 
3 8 10 2 7 6 
8 3 2 10 7 6 
8 3 10 2 7 6 

3234 7543583020423842894 2 5
1 5 7 10 11 
1 7 5 10 11 

3288 5610631096340882136 8 6
3 4 6 7 10 11 
3 4 7 6 11 10 
3 4 10 11 6 7 
3 4 11 10 7 6 
4 3 6 7 10 11 
4 3 7 6 11 10 
4 3 10 11 6 7 
4 3 11 10 7 6 

1070 4104382227020407696 2 5
1 3 5 2 10 
1 5 3 2 10 

1178 7974155120411633739 4 5
3 7 4 10 1 
3 7 10 4 1 
7 3 4 10 1 
7 3 10 4 1 

1305 12090042794949843262 4 5
0 3 4 10 8 
0 3 10 4 8 
3 0 4 10 8 
3 0 10 4 8 

3496 12371212334996106160 2 6
3 8 5 7 10 11 
8 3 5 7 10 11 

2387 2854402676748479716 4 6
4 11 0 6 1 8 
4 11 6 0 1 8 
11 4 6 0 1 8 
11 4 0 6 1 8 

1067 8233147740416037160 2 5
1 3 5 10 0 
1 3 10 5 0 

1081 12090042794949843262 4 5
0 10 4 3 5 
0 10 3 4 5 
10 0 4 3 5 
10 0 3 4 5 

2163 16909532664747127941 1 6
1 4 5 11 0 6 

437 1184509719763002632 2 6
4 8 5 2 7 0 
8 4 5 2 7 0 

2162 8264097564359119393 2 5
1 4 5 6 11 
1 4 6 5 11 

1053 12786866701162581528 6 5
0 3 4 10 2 
0 4 3 10 2 
3 0 4 10 2 
3 4 0 10 2 
4 3 0 10 2 
4 0 3 10 2 

1594 11093628196382049303 2 6
3 5 10 4 1 9 
5 3 10 4 1 9 

2135 7624362003161218244 4 6
1 4 0 6 2 11 
1 4 0 6 11 2 
1 4 6 0 2 11 
1 4 6 0 11 2 

1180 1031511967050065677 6 5
3 4 7 10 2 
3 7 4 10 2 
4 3 7 10 2 
4 7 3 10 2 
7 3 4 10 2 
7 4 3 10 2 

2262 12579051213359070677 4 6
1 4 6 7 2 11 
1 4 6 7 11 2 
1 4 7 6 2 11 
1 4 7 6 11 2 

1420 9508408847464364197 12 5
3 7 8 2 10 
3 7 8 10 2 
3 8 7 2 10 
3 8 7 10 2 
7 3 8 2 10 
7 3 8 10 2 
7 8 3 2 10 
7 8 3 10 2 
8 3 7 2 10 
8 3 7 10 2 
8 7 3 2 10 
8 7 3 10 2 

311 1334233113274633272 2 6
0 5 4 2 1 8 
5 0 4 2 1 8 

1393 13008496260309061241 2 6
4 8 5 10 0 6 
8 4 5 10 0 6 

1082 12593852472169688758 2 5
1 10 5 3 4 
1 10 3 5 4 

1095 15075794030168079009 8 5
1 0 6 2 10 
1 0 6 10 2 
1 2 10 6 0 
1 2 10 0 6 
1 6 0 2 10 
1 6 0 10 2 
1 10 2 6 0 
1 10 2 0 6 

748 15596753181347747476 4 6
3 9 5 2 6 7 
3 9 2 5 6 7 
9 3 5 2 6 7 
9 3 2 5 6 7 

1578 2583777673558335768 6 5
3 5 10 1 9 
3 10 5 1 9 
5 3 10 1 9 
5 10 3 1 9 
10 3 5 1 9 
10 5 3 1 9 

469 7989226640046038767 6 6
2 4 8 6 7 0 
2 8 4 6 7 0 
4 2 8 6 7 0 
4 8 2 6 7 0 
8 2 4 6 7 0 
8 4 2 6 7 0 

442 3048011327434985100 2 6
4 5 7 3 1 8 
5 4 7 3 1 8 

1551 2010201063147931826 4 6
0 3 2 10 1 9 
0 3 10 2 1 9 
3 0 2 10 1 9 
3 0 10 2 1 9 

174 664175736414921164 2 5
1 3 2 5 7 
1 3 5 2 7 

2392 852318033818440602 4 5
4 11 6 3 8 
4 11 3 6 8 
11 4 6 3 8 
11 4 3 6 8 

125 13008496260309061241 2 6
3 4 2 5 6 0 
4 3 2 5 6 0 

1234 5025962247365314646 4 5
1 4 10 7 6 
1 4 10 6 7 
1 10 4 7 6 
1 10 4 6 7 

1116 12786866701162581528 6 5
3 4 6 2 10 
3 6 4 2 10 
4 3 6 2 10 
4 6 3 2 10 
6 3 4 2 10 
6 4 3 2 10 

95 3630429125347668874 2 6
2 4 3 1 0 6 
4 2 3 1 0 6 

3395 2376573103041270213 4 6
1 8 10 11 6 0 
1 8 10 11 0 6 
1 8 11 10 0 6 
1 8 11 10 6 0 

1177 17498980938774220750 6 5
3 4 10 7 0 
3 10 4 7 0 
4 3 10 7 0 
4 10 3 7 0 
10 3 4 7 0 
10 4 3 7 0 

1745 16619861267869245142 6 6
4 9 10 6 7 0 
4 10 9 6 7 0 
9 4 10 6 7 0 
9 10 4 6 7 0 
10 4 9 6 7 0 
10 9 4 6 7 0 

636 2226890699318929390 1 6
6 9 2 3 5 4 

3368 15669041373866470253 6 5
3 5 8 11 10 
3 8 5 11 10 
5 3 8 11 10 
5 8 3 11 10 
8 5 3 11 10 
8 3 5 11 10 

2259 10866810496797204609 2 6
1 4 11 6 7 0 
1 11 4 6 7 0 

190 4776129581723900694 4 6
1 2 7 4 3 5 
1 3 4 7 2 5 
1 4 3 2 7 5 
1 7 2 3 4 5 

2408 852318033818440602 4 5
5 11 8 3 6 
5 11 3 8 6 
11 5 8 3 6 
11 5 3 8 6 

1326 1503253175656321687 2 6
3 5 1 8 2 10 
5 3 1 8 2 10 

3341 7989226640046038767 6 6
0 3 8 10 11 2 
0 8 3 10 11 2 
3 0 8 10 11 2 
3 8 0 10 11 2 
8 3 0 10 11 2 
8 0 3 10 11 2 

1123 14795686909076018073 2 5
1 5 10 0 6 
1 10 5 0 6 

3468 16619861267869245142 6 6
3 7 8 10 11 2 
3 8 7 10 11 2 
7 3 8 10 11 2 
7 8 3 10 11 2 
8 3 7 10 11 2 
8 7 3 10 11 2 

1250 7543583020423842894 2 5
1 5 10 7 6 
1 10 5 7 6 

1452 5297410737274776732 2 6
3 8 5 7 10 2 
8 3 5 7 10 2 

343 5190504806263114440 4 6
2 4 0 6 1 8 
2 4 6 0 1 8 
4 2 0 6 1 8 
4 2 6 0 1 8 

884 6590687090933055534 2 6
5 6 4 2 9 8 
6 5 4 2 9 8 

1114 1121979242930329111 8 5
3 6 4 10 1 
3 6 10 4 1 
4 10 6 3 1 
4 10 3 6 1 
6 3 4 10 1 
6 3 10 4 1 
10 4 3 6 1 
10 4 6 3 1 

159 6415484716801378774 4 6
2 4 3 1 0 7 
2 4 3 1 7 0 
4 2 3 1 0 7 
4 2 3 1 7 0 

2350 5390320677505775296 2 6
3 5 1 8 11 2 
5 3 1 8 11 2 

1241 7202249481153102887 6 6
3 4 10 7 6 0 
3 10 4 7 6 0 
4 3 10 7 6 0 
4 10 3 7 6 0 
10 3 4 7 6 0 
10 4 3 7 6 0 

828 4944312786283715841 2 6
3 5 2 4 8 9 
5 3 2 4 8 9 

1369 13008496260309061241 2 6
4 10 3 8 0 6 
10 4 3 8 0 6 

3114 1206374399508656106 2 5
1 3 5 11 10 
1 5 3 11 10 

2424 1824805582785272451 4 6
11 4 5 8 6 3 
11 5 4 6 8 3 
11 6 8 5 4 3 
11 8 6 4 5 3 

1315 14034922122814792548 6 5
0 5 10 1 8 
0 10 5 1 8 
5 0 10 1 8 
5 10 0 1 8 
10 5 0 1 8 
10 0 5 1 8 

414 14054044329901801685 4 6
3 7 4 2 1 8 
3 7 2 4 1 8 
7 3 2 4 1 8 
7 3 4 2 1 8 

1496 228510844930607347 2 6
4 10 3 8 7 6 
10 4 3 8 7 6 

3660 16619861267869245142 6 6
3 6 9 10 11 2 
3 9 6 10 11 2 
6 3 9 10 11 2 
6 9 3 10 11 2 
9 3 6 10 11 2 
9 6 3 10 11 2 

1442 8685062363700195845 6 5
5 7 10 1 8 
5 10 7 1 8 
7 5 10 1 8 
7 10 5 1 8 
10 5 7 1 8 
10 7 5 1 8 

492 561839936952577197 4 6
3 8 5 2 7 6 
3 8 2 5 7 6 
8 3 5 2 7 6 
8 3 2 5 7 6 

1613 16549749828247609268 4 6
3 9 2 10 6 0 
3 9 10 2 6 0 
9 3 2 10 6 0 
9 3 10 2 6 0 

504 228510844930607347 2 6
4 5 8 3 7 6 
5 4 8 3 7 6 

559 11944747361206296284 2 6
2 5 3 0 1 9 
5 2 3 0 1 9 

1641 2233914167423949197 4 6
3 9 5 10 6 0 
3 9 10 5 6 0 
9 3 5 10 6 0 
9 3 10 5 6 0 

497 7202249481153102887 6 6
4 5 8 7 6 0 
4 8 5 7 6 0 
5 4 8 7 6 0 
5 8 4 7 6 0 
8 4 5 7 6 0 
8 5 4 7 6 0 

470 15342241116772421366 4 6
2 4 6 7 1 8 
2 4 7 6 1 8 
4 2 6 7 1 8 
4 2 7 6 1 8 

1579 10583185537291315203 2 6
5 10 3 0 1 9 
10 5 3 0 1 9 

1625 5297410737274776732 2 6
4 10 3 9 6 0 
10 4 3 9 6 0 

2166 10665800609638274444 2 6
1 4 5 6 11 2 
1 4 6 5 11 2 

567 11944747361206296284 2 6
0 5 4 2 1 9 
5 0 4 2 1 9 

1649 6025244276894737505 2 6
4 9 5 10 6 0 
9 4 5 10 6 0 

571 11944747361206296284 2 6
4 5 0 3 1 9 
5 4 0 3 1 9 

1714 6752676924453632999 2 6
5 7 4 10 1 9 
7 5 4 10 1 9 

605 3838802720496618203 2 6
2 4 3 9 6 0 
4 2 3 9 6 0 

1146 4349051473326772119 4 6
1 3 4 6 10 5 
1 4 3 10 6 5 
1 6 10 3 4 5 
1 10 6 4 3 5 

1708 4122801265634653325 2 6
3 9 5 7 10 2 
9 3 5 7 10 2 

599 2010201063147931826 4 6
2 4 0 6 1 9 
2 4 6 0 1 9 
4 2 0 6 1 9 
4 2 6 0 1 9 

1113 12786866701162581528 6 5
3 4 10 0 6 
3 10 4 0 6 
4 3 10 0 6 
4 10 3 0 6 
10 3 4 0 6 
10 4 3 0 6 

2222 3928663519459618005 2 6
1 3 5 7 2 11 
1 3 5 7 11 2 

2792 12734346366657545445 8 6
3 9 5 11 6 7 
3 9 11 5 6 7 
5 11 9 3 6 7 
5 11 3 9 6 7 
9 3 5 11 6 7 
9 3 11 5 6 7 
11 5 9 3 6 7 
11 5 3 9 6 7 

574 11944747361206296284 2 6
3 5 2 4 1 9 
5 3 2 4 1 9 

1115 9745140832796331933 2 6
4 10 3 1 0 6 
10 4 3 1 0 6 

1656 1824805582785272451 4 6
9 4 3 10 6 5 
9 6 10 3 4 5 
9 3 4 6 10 5 
9 10 6 4 3 5 

615 6604847764179004411 2 6
2 5 1 9 6 0 
5 2 1 9 6 0 

621 718765721817174227 4 6
3 9 5 2 6 0 
3 9 2 5 6 0 
9 3 2 5 6 0 
9 3 5 2 6 0 

627 11806359723424088118 2 6
4 5 1 9 0 6 
5 4 1 9 0 6 

629 18012025924402869447 2 6
4 9 5 2 6 0 
9 4 5 2 6 0 

2904 4769614433547241235 8 6
3 6 4 11 8 9 
3 6 11 4 8 9 
4 11 6 3 9 8 
4 11 3 6 9 8 
6 3 4 11 8 9 
6 3 11 4 8 9 
11 4 6 3 9 8 
11 4 3 6 9 8 

686 11944747361206296284 2 6
2 5 3 7 1 9 
5 2 3 7 1 9 

1768 4769614433547241235 8 6
3 9 5 10 7 6 
3 9 10 5 7 6 
5 10 9 3 6 7 
5 10 3 9 6 7 
9 3 5 10 7 6 
9 3 10 5 7 6 
10 5 9 3 6 7 
10 5 3 9 6 7 

691 8154800374747979077 4 6
4 5 1 9 7 0 
4 5 1 9 0 7 
5 4 1 9 7 0 
5 4 1 9 0 7 

2916 8841205535592364760 4 6
5 6 8 9 11 2 
5 6 9 8 11 2 
6 5 8 9 11 2 
6 5 9 8 11 2 

698 11944747361206296284 2 6
4 5 7 3 1 9 
5 4 7 3 1 9 

2912 9427258437046237397 12 5
5 6 11 9 8 
5 6 11 8 9 
5 11 6 9 8 
5 11 6 8 9 
6 5 11 9 8 
6 5 11 8 9 
6 11 5 9 8 
6 11 5 8 9 
11 6 5 9 8 
11 6 5 8 9 
11 5 6 9 8 
11 5 6 8 9 

694 11944747361206296284 2 6
5 7 4 2 1 9 
7 5 4 2 1 9 

126 3950994295987861058 1 6
1 2 6 4 3 5 

2344 16843014019913416440 24 4
3 5 8 11 
3 5 11 8 
3 8 5 11 
3 8 11 5 
3 11 8 5 
3 11 5 8 
5 3 8 11 
5 3 11 8 
5 8 3 11 
5 8 11 3 
5 11 8 3 
5 11 3 8 
8 5 3 11 
8 5 11 3 
8 3 5 11 
8 3 11 5 
8 11 3 5 
8 11 5 3 
11 5 8 3 
11 5 3 8 
11 8 5 3 
11 8 3 5 
11 3 8 5 
11 3 5 8 

1235 16723129302374778752 2 6
1 4 10 6 7 0 
1 10 4 6 7 0 

1776 12371212334996106160 2 6
4 9 5 10 7 6 
9 4 5 10 7 6 

1841 3895734981893710113 2 6
0 5 4 10 9 8 
5 0 4 10 9 8 

732 4883031282816119501 2 6
2 4 3 9 6 7 
4 2 3 9 6 7 

3464 9427258437046237397 12 5
3 7 8 10 11 
3 7 8 11 10 
3 8 7 10 11 
3 8 7 11 10 
7 3 8 10 11 
7 3 8 11 10 
7 8 3 10 11 
7 8 3 11 10 
8 7 3 10 11 
8 7 3 11 10 
8 3 7 10 11 
8 3 7 11 10 

2355 4419934490238680150 2 6
0 5 4 11 1 8 
5 0 4 11 1 8 

726 11669464214108144494 4 6
2 4 6 7 1 9 
2 4 7 6 1 9 
4 2 6 7 1 9 
4 2 7 6 1 9 

1240 15669041373866470253 6 5
3 4 10 7 6 
3 10 4 7 6 
4 3 10 7 6 
4 10 3 7 6 
10 4 3 7 6 
10 3 4 7 6 

2349 1184509719763002632 2 6
3 8 5 0 11 2 
8 3 5 0 11 2 

742 16366828338633442144 2 6
2 5 1 9 6 7 
5 2 1 9 6 7 

670 15217761884577431911 8 6
2 4 3 7 1 9 
2 4 7 3 1 9 
3 7 4 2 1 9 
3 7 2 4 1 9 
4 2 3 7 1 9 
4 2 7 3 1 9 
7 3 2 4 1 9 
7 3 4 2 1 9 

1752 12371212334996106160 2 6
4 10 3 9 6 7 
10 4 3 9 6 7 

754 882676202639253357 2 6
4 5 1 9 7 6 
5 4 1 9 7 6 

186 664175736414921164 2 5
1 7 4 5 3 
1 7 5 4 3 

1295 5190504806263114440 4 6
0 3 2 10 1 8 
0 3 10 2 1 8 
3 0 2 10 1 8 
3 0 10 2 1 8 

1836 8517103059756136316 2 6
3 5 9 8 10 2 
5 3 9 8 10 2 

753 9140668311032533749 6 6
4 5 9 6 7 0 
4 9 5 6 7 0 
5 4 9 6 7 0 
5 9 4 6 7 0 
9 4 5 6 7 0 
9 5 4 6 7 0 

813 4944312786283715841 2 6
2 5 3 0 8 9 
5 2 3 0 8 9 

760 228510844930607347 2 6
4 5 9 3 6 7 
5 4 9 3 6 7 

821 4944312786283715841 2 6
0 5 4 2 8 9 
5 0 4 2 8 9 

797 9722979461760547237 8 6
0 3 2 4 8 9 
0 3 4 2 8 9 
2 4 3 0 8 9 
2 4 0 3 8 9 
3 0 2 4 8 9 
3 0 4 2 8 9 
4 2 3 0 8 9 
4 2 0 3 8 9 

1338 7252031408551241653 2 6
3 5 10 4 1 8 
5 3 10 4 1 8 

814 17389933587645551980 6 6
2 3 5 1 9 8 
2 5 3 1 9 8 
3 2 5 1 9 8 
3 5 2 1 9 8 
5 2 3 1 9 8 
5 3 2 1 9 8 

1896 228510844930607347 2 6
5 10 3 6 9 8 
10 5 3 6 9 8 

825 4944312786283715841 2 6
4 5 0 3 8 9 
5 4 0 3 8 9 

860 561839936952577197 4 6
3 6 4 2 9 8 
3 6 2 4 9 8 
6 3 4 2 9 8 
6 3 2 4 9 8 

853 5646035700569632052 4 6
2 4 0 6 8 9 
2 4 6 0 8 9 
4 2 0 6 8 9 
4 2 6 0 8 9 

285 380262724330119809 8 5
0 3 2 4 8 
0 3 4 2 8 
2 4 3 0 8 
2 4 0 3 8 
3 0 2 4 8 
3 0 4 2 8 
4 2 3 0 8 
4 2 0 3 8 

1394 7252031408551241653 2 6
5 6 4 10 1 8 
6 5 4 10 1 8 

3087 10866810496797204609 2 6
1 0 3 10 11 2 
1 3 0 10 11 2 

869 17850062248467779349 4 6
2 5 8 9 6 0 
2 5 9 8 6 0 
5 2 8 9 6 0 
5 2 9 8 6 0 

876 3895734981893710113 2 6
2 5 3 6 9 8 
5 2 3 6 9 8 

819 17389933587645551980 6 6
0 4 5 1 9 8 
0 5 4 1 9 8 
4 0 5 1 9 8 
4 5 0 1 9 8 
5 4 0 1 9 8 
5 0 4 1 9 8 

3099 9376552546463969225 2 6
0 3 4 1 11 10 
3 0 4 1 11 10 

881 8517103059756136316 2 6
4 5 9 8 6 0 
5 4 9 8 6 0 

3640 228510844930607347 2 6
3 5 9 4 10 11 
5 3 9 4 10 11 

313 12090042794949843262 4 5
0 8 4 5 3 
0 8 5 4 3 
8 0 4 5 3 
8 0 5 4 3 

1422 2854402676748479716 4 6
3 7 2 10 1 8 
3 7 10 2 1 8 
7 3 2 10 1 8 
7 3 10 2 1 8 

888 228510844930607347 2 6
4 5 6 3 9 8 
5 4 6 3 9 8 

924 15596753181347747476 4 6
3 7 4 2 8 9 
3 7 2 4 8 9 
7 3 4 2 8 9 
7 3 2 4 8 9 

945 9922455802016797330 2 6
4 5 8 9 7 0 
5 4 8 9 7 0 

940 4883031282816119501 2 6
2 5 3 7 8 9 
5 2 3 7 8 9 

948 17346163999987561741 2 6
5 7 4 2 8 9 
7 5 4 2 8 9 

3170 7543583020423842894 2 5
1 5 6 11 10 
1 6 5 11 10 

952 228510844930607347 2 6
4 5 7 3 8 9 
5 4 7 3 8 9 

3164 7202249481153102887 6 6
3 4 6 11 10 2 
3 6 4 11 10 2 
4 3 6 11 10 2 
4 6 3 11 10 2 
6 3 4 11 10 2 
6 4 3 11 10 2 

946 9545818815247247060 6 6
4 5 7 1 9 8 
4 7 5 1 9 8 
5 4 7 1 9 8 
5 7 4 1 9 8 
7 4 5 1 9 8 
7 5 4 1 9 8 

980 1943110729160799581 4 6
2 4 6 7 8 9 
2 4 7 6 8 9 
4 2 6 7 8 9 
4 2 7 6 8 9 

1079 8567017167932274801 2 6
1 4 0 5 2 10 
1 4 5 0 2 10 

1085 13008496260309061241 2 6
3 4 0 5 10 2 
4 3 0 5 10 2 

1626 11544807415393557969 8 6
3 6 4 10 1 9 
3 6 10 4 1 9 
4 10 6 3 1 9 
4 10 3 6 1 9 
6 3 4 10 1 9 
6 3 10 4 1 9 
10 4 3 6 1 9 
10 4 6 3 1 9 

1103 14014348978442207933 2 6
1 3 2 10 0 6 
1 3 10 2 0 6 

1644 6025244276894737505 2 6
3 9 5 6 10 2 
9 3 5 6 10 2 

1111 14014348978442207933 2 6
1 4 0 6 2 10 
1 4 6 0 2 10 

543 15217761884577431911 8 6
0 3 2 4 1 9 
0 3 4 2 1 9 
2 4 0 3 1 9 
2 4 3 0 1 9 
3 0 2 4 1 9 
3 0 4 2 1 9 
4 2 3 0 1 9 
4 2 0 3 1 9 

1652 2233914167423949197 4 6
4 9 5 6 10 2 
4 9 6 5 10 2 
9 4 5 6 10 2 
9 4 6 5 10 2 

2226 664175736414921164 2 5
1 4 5 7 11 
1 4 7 5 11 

1117 1624721308297944198 8 6
3 4 0 6 2 10 
3 4 2 10 0 6 
3 4 6 0 10 2 
3 4 10 2 6 0 
4 3 2 10 0 6 
4 3 0 6 2 10 
4 3 6 0 10 2 
4 3 10 2 6 0 

2227 3928663519459618005 2 6
1 4 5 11 7 0 
1 4 5 11 0 7 

1118 9745140832796331933 2 6
3 6 4 1 2 10 
6 3 4 1 2 10 

1134 2558627615971354005 1 6
1 3 5 6 2 10 

1131 11117279723462092457 2 6
1 3 5 10 0 6 
1 3 10 5 0 6 

1139 2558627615971354005 1 6
1 4 5 10 0 6 

1127 16646974984497567883 4 6
1 5 2 10 0 6 
1 5 0 6 2 10 
1 5 6 0 10 2 
1 5 10 2 6 0 

1142 11117279723462092457 2 6
1 4 5 6 2 10 
1 4 6 5 2 10 

1148 13008496260309061241 2 6
3 4 6 5 2 10 
4 3 6 5 2 10 

1689 7454461789564251683 2 6
4 10 3 9 7 0 
10 4 3 9 7 0 

3339 15342241116772421366 4 6
0 3 10 11 1 8 
0 3 11 10 1 8 
3 0 10 11 1 8 
3 0 11 10 1 8 

2230 18345114446371910486 4 6
1 4 5 7 2 11 
1 4 5 7 11 2 
1 4 7 5 2 11 
1 4 7 5 11 2 

2290 7437719866410298065 1 6
1 4 5 11 7 6 

1181 4190761804242086191 2 6
3 4 10 2 7 0 
4 3 10 2 7 0 

1179 8872881745763566999 2 6
4 10 3 1 7 0 
10 4 3 1 7 0 

1720 1824805582785272451 4 6
10 4 5 9 7 3 
10 5 4 7 9 3 
10 7 9 5 4 3 
10 9 7 4 5 3 

3409 2193097090793837086 4 6
4 8 6 0 11 10 
4 8 0 6 11 10 
8 4 6 0 11 10 
8 4 0 6 11 10 

1191 17753006485950265023 1 6
1 5 10 2 7 0 

1195 10665800609638274444 2 6
1 3 5 10 7 0 
1 3 10 5 7 0 

3416 228510844930607347 2 6
3 6 4 8 11 10 
6 3 4 8 11 10 

1198 16909532664747127941 1 6
1 3 5 7 2 10 

1209 9888572650096077306 2 6
3 4 10 5 7 0 
4 3 10 5 7 0 

1210 1971400291496473621 1 6
1 7 10 3 4 5 

114 11273311492949096519 6 4
1 4 5 6 
1 4 6 5 
1 5 4 6 
1 5 6 4 
1 6 5 4 
1 6 4 5 

1223 7260611452834519425 2 6
1 2 10 6 7 0 
1 10 2 6 7 0 

103 14795686909076018073 2 5
1 2 5 6 0 
1 5 2 6 0 

1212 4122801265634653325 2 6
3 4 7 5 10 2 
4 3 7 5 10 2 

1230 5007394812141737055 2 6
1 3 2 10 7 6 
1 3 10 2 7 6 

2347 16080768595751491892 2 6
5 11 3 0 1 8 
11 5 3 0 1 8 

1238 16205867201739386336 2 6
1 4 6 7 2 10 
1 4 7 6 2 10 

2353 16272028447959098298 4 5
4 8 5 0 11 
4 8 0 5 11 
8 4 5 0 11 
8 4 0 5 11 

1244 8517103059756136316 2 6
3 4 7 6 10 2 
4 3 7 6 10 2 

2360 852318033818440602 4 5
8 11 5 3 4 
8 11 3 5 4 
11 8 5 3 4 
11 8 3 5 4 

1251 8306711571628244483 2 6
1 5 10 7 6 0 
1 10 5 7 6 0 

115 4104382227020407696 2 5
1 4 5 0 6 
1 5 4 0 6 

2333 9197999651535379497 2 6
0 3 4 8 11 2 
3 0 4 8 11 2 

1242 5540564154157459835 2 6
4 10 3 1 7 6 
10 4 3 1 7 6 

1254 1574579319940294443 1 6
1 5 7 6 10 2 

1258 2778116110930364455 2 6
1 3 5 10 7 6 
1 3 10 5 7 6 

2418 5841634600703285934 2 6
5 6 4 11 1 8 
6 5 4 11 1 8 

1309 12216236925529264147 2 6
0 3 4 8 2 10 
3 0 4 8 2 10 

2416 12729916853582679963 8 5
4 8 6 5 11 
4 8 5 6 11 
5 6 4 8 11 
5 6 8 4 11 
6 5 4 8 11 
6 5 8 4 11 
8 4 6 5 11 
8 4 5 6 11 

1307 4811061870291747178 4 6
0 3 4 10 1 8 
0 3 10 4 1 8 
3 0 4 10 1 8 
3 0 10 4 1 8 

1848 228510844930607347 2 6
3 5 10 4 9 8 
5 3 10 4 9 8 

2389 17904701270138616053 4 6
4 8 0 6 11 2 
4 8 6 0 11 2 
8 4 6 0 11 2 
8 4 0 6 11 2 

214 11823525391913838115 4 5
1 2 4 6 7 
1 2 4 7 6 
1 4 2 6 7 
1 4 2 7 6 

1323 7094172301627771613 2 6
5 10 3 0 1 8 
10 5 3 0 1 8 

1319 7575926246408878334 2 6
0 5 1 8 10 2 
5 0 1 8 10 2 

231 2162450749976658179 2 6
1 2 5 6 7 0 
1 5 2 6 7 0 

1340 13008496260309061241 2 6
3 5 8 4 2 10 
5 3 8 4 2 10 

222 9376552546463969225 2 6
2 4 3 1 7 6 
4 2 3 1 7 6 

1331 421477689551071062 2 6
0 5 4 10 1 8 
5 0 4 10 1 8 

1333 3768522800081854864 8 6
0 5 4 8 2 10 
0 5 8 4 2 10 
4 8 0 5 10 2 
4 8 5 0 10 2 
5 0 4 8 2 10 
5 0 8 4 2 10 
8 4 5 0 10 2 
8 4 0 5 10 2 

2460 14369924367906675065 2 6
3 7 4 8 11 2 
7 3 4 8 11 2 

242 1206374399508656106 2 5
1 4 5 7 6 
1 5 4 7 6 

1351 10263375628347759971 8 6
1 8 2 10 0 6 
1 8 2 10 6 0 
1 8 6 0 2 10 
1 8 6 0 10 2 
1 8 0 6 2 10 
1 8 0 6 10 2 
1 8 10 2 0 6 
1 8 10 2 6 0 

1892 17850062248467779349 4 6
5 6 8 9 2 10 
5 6 9 8 2 10 
6 5 8 9 2 10 
6 5 9 8 2 10 

1337 14498150133182066701 4 6
0 3 5 8 10 4 
0 5 3 10 8 4 
0 8 10 3 5 4 
0 10 8 5 3 4 

1357 10387641476482099336 4 6
3 8 2 10 0 6 
3 8 10 2 0 6 
8 3 2 10 0 6 
8 3 10 2 0 6 

2472 852318033818440602 4 5
3 8 5 11 7 
3 8 11 5 7 
8 3 5 11 7 
8 3 11 5 7 

1363 14767469976261048983 4 6
4 10 0 6 1 8 
4 10 6 0 1 8 
10 4 6 0 1 8 
10 4 0 6 1 8 

1904 228510844930607347 2 6
5 6 4 10 9 8 
6 5 4 10 9 8 

2474 3048011327434985100 2 6
5 11 3 7 1 8 
11 5 3 7 1 8 

1365 10387641476482099336 4 6
4 8 0 6 2 10 
4 8 6 0 2 10 
8 4 6 0 2 10 
8 4 0 6 2 10 

2481 7454461789564251683 2 6
4 8 5 11 7 0 
8 4 5 11 7 0 

1372 13008496260309061241 2 6
3 6 4 8 2 10 
6 3 4 8 2 10 

2488 1824805582785272451 4 6
8 4 3 11 7 5 
8 7 11 3 4 5 
8 3 4 7 11 5 
8 11 7 4 3 5 

1379 7575926246408878334 2 6
5 10 1 8 0 6 
10 5 1 8 0 6 

1370 9095602865266907852 8 6
3 6 4 10 1 8 
3 6 10 4 1 8 
4 10 6 3 1 8 
4 10 3 6 1 8 
6 3 4 10 1 8 
6 3 10 4 1 8 
10 4 3 6 1 8 
10 4 6 3 1 8 

1386 7252031408551241653 2 6
5 10 3 6 1 8 
10 5 3 6 1 8 

1388 13008496260309061241 2 6
3 8 5 6 2 10 
8 3 5 6 2 10 

287 8068377868725453075 8 6
0 3 2 4 1 8 
0 3 4 2 1 8 
2 4 0 3 1 8 
2 4 3 0 1 8 
3 0 2 4 1 8 
3 0 4 2 1 8 
4 2 3 0 1 8 
4 2 0 3 1 8 

1396 11772344889860055754 8 6
4 8 5 6 2 10 
4 8 6 5 2 10 
5 6 4 8 2 10 
5 6 8 4 2 10 
6 5 4 8 2 10 
6 5 8 4 2 10 
8 4 5 6 2 10 
8 4 6 5 2 10 

3651 12916549961709048378 4 6
1 9 10 11 6 0 
1 9 10 11 0 6 
1 9 11 10 0 6 
1 9 11 10 6 0 

1433 9888572650096077306 2 6
4 10 3 8 7 0 
10 4 3 8 7 0 

1436 6025244276894737505 2 6
3 7 4 8 10 2 
7 3 4 8 10 2 

1434 17905052751253323495 4 6
3 7 4 10 1 8 
3 7 10 4 1 8 
7 3 4 10 1 8 
7 3 10 4 1 8 

1443 4501346429850041077 2 6
5 10 1 8 7 0 
10 5 1 8 7 0 

1449 4883030963355294027 8 6
3 8 5 10 7 0 
3 8 10 5 7 0 
5 10 8 3 7 0 
5 10 3 8 7 0 
8 3 5 10 7 0 
8 3 10 5 7 0 
10 5 3 8 7 0 
10 5 8 3 7 0 

341 3789797395801390717 12 5
2 4 8 6 0 
2 4 8 0 6 
2 8 4 6 0 
2 8 4 0 6 
4 2 8 6 0 
4 2 8 0 6 
4 8 2 6 0 
4 8 2 0 6 
8 2 4 6 0 
8 2 4 0 6 
8 4 2 6 0 
8 4 2 0 6 

1450 5841634600703285934 2 6
5 10 3 7 1 8 
10 5 3 7 1 8 

349 12216236925529264147 2 6
2 4 3 8 0 6 
4 2 3 8 0 6 

1458 1244990723641537753 2 6
5 7 4 10 1 8 
7 5 4 10 1 8 

348 12090042794949843262 4 5
2 4 3 6 8 
2 4 6 3 8 
4 2 3 6 8 
4 2 6 3 8 

1457 9888572650096077306 2 6
4 8 5 10 7 0 
8 4 5 10 7 0 

3696 4769614433547241235 8 6
4 9 6 5 11 10 
4 9 5 6 11 10 
5 6 4 9 10 11 
5 6 9 4 10 11 
6 5 4 9 10 11 
6 5 9 4 10 11 
9 4 6 5 11 10 
9 4 5 6 11 10 

2587 15217761884577431911 8 6
0 3 4 11 1 9 
0 3 11 4 1 9 
3 0 4 11 1 9 
3 0 11 4 1 9 
4 11 3 0 1 9 
4 11 0 3 1 9 
11 4 3 0 1 9 
11 4 0 3 1 9 

369 12786866701162581528 6 5
4 5 8 0 6 
4 8 5 0 6 
5 4 8 0 6 
5 8 4 0 6 
8 4 5 0 6 
8 5 4 0 6 

1478 2376573103041270213 4 6
1 8 6 7 2 10 
1 8 6 7 10 2 
1 8 7 6 2 10 
1 8 7 6 10 2 

3682 4759094215550550572 2 6
5 6 1 9 11 10 
6 5 1 9 11 10 

1464 1824805582785272451 4 6
7 5 3 10 8 4 
7 3 5 8 10 4 
7 8 10 3 5 4 
7 10 8 5 3 4 

1490 11291979440481677419 4 6
4 10 6 7 1 8 
4 10 7 6 1 8 
10 4 6 7 1 8 
10 4 7 6 1 8 

1506 591671902245826584 2 6
5 10 1 8 7 6 
10 5 1 8 7 6 

2672 852318033818440602 4 5
5 6 4 9 11 
5 6 9 4 11 
6 5 4 9 11 
6 5 9 4 11 

1563 12106030633697921406 4 6
0 3 4 10 1 9 
0 3 10 4 1 9 
3 0 4 10 1 9 
3 0 10 4 1 9 

1581 18012025924402869447 2 6
3 9 5 0 10 2 
9 3 5 0 10 2 

1575 6604847764179004411 2 6
0 5 1 9 10 2 
5 0 1 9 10 2 

1589 718765721817174227 4 6
4 9 0 5 10 2 
4 9 5 0 10 2 
9 4 5 0 10 2 
9 4 0 5 10 2 

1593 2226890699318929390 1 6
10 9 0 4 5 3 

1614 3998923969489975854 4 6
3 6 2 10 1 9 
3 6 10 2 1 9 
6 3 2 10 1 9 
6 3 10 2 1 9 

2155 10205134799724088474 2 6
1 3 5 11 0 6 
1 3 11 5 0 6 

1619 3998923969489975854 4 6
4 10 0 6 1 9 
4 10 6 0 1 9 
10 4 6 0 1 9 
10 4 0 6 1 9 

1628 5297410737274776732 2 6
3 6 4 9 10 2 
6 3 4 9 10 2 

2169 4122801265634653325 2 6
3 4 11 5 6 0 
4 3 11 5 6 0 

1635 6604847764179004411 2 6
5 10 1 9 0 6 
10 5 1 9 0 6 

1638 6604847764179004411 2 6
5 6 1 9 2 10 
6 5 1 9 2 10 

1642 11093628196382049303 2 6
5 10 3 6 1 9 
10 5 3 6 1 9 

1650 11093628196382049303 2 6
5 6 4 10 1 9 
6 5 4 10 1 9 

1692 4122801265634653325 2 6
3 7 4 9 10 2 
7 3 4 9 10 2 

1699 2823271083572062714 2 6
5 10 1 9 7 0 
10 5 1 9 7 0 

1690 3749264510105120316 4 6
3 7 4 10 1 9 
3 7 10 4 1 9 
7 3 4 10 1 9 
7 3 10 4 1 9 

604 16272028447959098298 4 5
3 6 4 2 9 
3 6 2 4 9 
6 3 4 2 9 
6 3 2 4 9 

1713 14369924367906675065 2 6
4 9 5 10 7 0 
9 4 5 10 7 0 

1705 6246119687339142347 4 6
5 10 9 3 7 0 
5 10 3 9 7 0 
10 5 3 9 7 0 
10 5 9 3 7 0 

1740 2193097090793837086 4 6
3 9 2 10 6 7 
3 9 10 2 6 7 
9 3 2 10 6 7 
9 3 10 2 6 7 

1762 4759094215550550572 2 6
5 10 1 9 7 6 
10 5 1 9 7 6 

1817 561839936952577197 4 6
4 10 0 3 9 8 
4 10 3 0 9 8 
10 4 3 0 9 8 
10 4 0 3 9 8 

1833 6590687090933055534 2 6
5 10 3 0 9 8 
10 5 3 0 9 8 

1829 17850062248467779349 4 6
0 5 8 9 10 2 
0 5 9 8 10 2 
5 0 8 9 10 2 
5 0 9 8 10 2 

1827 1154591213966599063 6 6
0 5 10 1 9 8 
0 10 5 1 9 8 
5 0 10 1 9 8 
5 10 0 1 9 8 
10 5 0 1 9 8 
10 0 5 1 9 8 

1868 2193097090793837086 4 6
3 6 2 10 9 8 
3 6 10 2 9 8 
6 3 2 10 9 8 
6 3 10 2 9 8 

2409 2233914167423949197 4 6
5 11 8 3 6 0 
5 11 3 8 6 0 
11 5 3 8 6 0 
11 5 8 3 6 0 

1889 17850062248467779349 4 6
5 10 8 9 0 6 
5 10 9 8 0 6 
10 5 8 9 0 6 
10 5 9 8 0 6 

1880 12734346366657545445 8 6
3 6 4 10 9 8 
3 6 10 4 9 8 
4 10 6 3 9 8 
4 10 3 6 9 8 
6 3 4 10 9 8 
6 3 10 4 9 8 
10 4 6 3 9 8 
10 4 3 6 9 8 

1953 8841205535592364760 4 6
5 10 8 9 7 0 
5 10 9 8 7 0 
10 5 8 9 7 0 
10 5 9 8 7 0 

1956 10646481241042548423 4 6
5 7 8 9 10 2 
5 7 9 8 10 2 
7 5 8 9 10 2 
7 5 9 8 10 2 

1944 4769614433547241235 8 6
3 7 4 10 9 8 
3 7 10 4 9 8 
4 10 7 3 8 9 
4 10 3 7 8 9 
7 3 4 10 9 8 
7 3 10 4 9 8 
10 4 7 3 8 9 
10 4 3 7 8 9 

1954 10293209991100499993 6 6
5 7 10 1 9 8 
5 10 7 1 9 8 
7 5 10 1 9 8 
7 10 5 1 9 8 
10 5 7 1 9 8 
10 7 5 1 9 8 

1960 12371212334996106160 2 6
5 10 3 7 8 9 
10 5 3 7 8 9 

1968 12371212334996106160 2 6
5 7 4 10 9 8 
7 5 4 10 9 8 

2016 488542594256355252 4 6
5 10 8 9 7 6 
5 10 9 8 7 6 
10 5 8 9 7 6 
10 5 9 8 7 6 

2095 3928663519459618005 2 6
1 3 5 0 2 11 
1 3 5 0 11 2 

2103 18345114446371910486 4 6
1 4 0 5 2 11 
1 4 0 5 11 2 
1 4 5 0 2 11 
1 4 5 0 11 2 

2110 10258792257132434567 4 6
3 5 1 4 2 11 
3 5 1 4 11 2 
5 3 1 4 2 11 
5 3 1 4 11 2 

2079 6415484716801378774 4 6
0 3 4 1 2 11 
0 3 4 1 11 2 
3 0 4 1 2 11 
3 0 4 1 11 2 

2151 17753006485950265023 1 6
1 5 6 0 11 2 

2139 2303721535913387343 2 6
4 11 3 1 0 6 
11 4 3 1 0 6 

2170 1971400291496473621 1 6
1 11 6 4 3 5 

1063 14795686909076018073 2 5
1 0 5 10 2 
1 5 0 10 2 

2172 9888572650096077306 2 6
3 4 6 5 11 2 
4 3 6 5 11 2 

2203 6415484716801378774 4 6
4 11 3 1 7 0 
4 11 3 1 0 7 
11 4 3 1 7 0 
11 4 3 1 0 7 

2206 6415484716801378774 4 6
3 7 4 1 2 11 
3 7 4 1 11 2 
7 3 4 1 2 11 
7 3 4 1 11 2 

2234 4776129581723900694 4 6
1 3 4 7 11 5 
1 4 3 11 7 5 
1 7 11 3 4 5 
1 11 7 4 3 5 

47 664175736414921164 2 5
1 3 2 5 0 
1 3 5 2 0 

2265 9140668311032533749 6 6
3 4 11 6 7 0 
3 11 4 6 7 0 
4 3 11 6 7 0 
4 11 3 6 7 0 
11 3 4 6 7 0 
11 4 3 6 7 0 

1187 8872214736889773835 2 5
1 5 10 7 0 
1 10 5 7 0 

2296 228510844930607347 2 6
3 4 11 5 6 7 
4 3 11 5 6 7 

3440 12734346366657545445 8 6
4 8 6 5 11 10 
4 8 5 6 11 10 
5 6 4 8 11 10 
5 6 8 4 11 10 
6 5 4 8 11 10 
6 5 8 4 11 10 
8 4 6 5 11 10 
8 4 5 6 11 10 

1222 14226951147164851013 4 5
1 6 7 2 10 
1 6 7 10 2 
1 7 6 2 10 
1 7 6 10 2 

2331 14054044329901801685 4 6
4 11 3 0 1 8 
4 11 0 3 1 8 
11 4 3 0 1 8 
11 4 0 3 1 8 

2361 2226890699318929390 1 6
8 11 0 4 3 5 

3466 17161979008209739903 4 6
3 7 10 11 1 8 
3 7 11 10 1 8 
7 3 10 11 1 8 
7 3 11 10 1 8 

2357 8762293650627267097 4 6
4 8 0 5 11 2 
4 8 5 0 11 2 
8 4 5 0 11 2 
8 4 0 5 11 2 

2362 3048011327434985100 2 6
3 5 11 4 1 8 
5 3 11 4 1 8 

2364 9888572650096077306 2 6
3 5 8 4 11 2 
5 3 8 4 11 2 

175 18345114446371910486 4 6
1 3 2 5 0 7 
1 3 2 5 7 0 
1 3 5 2 0 7 
1 3 5 2 7 0 

2393 6025244276894737505 2 6
4 11 3 8 6 0 
11 4 3 8 6 0 

178 11311692471758655814 6 4
1 4 5 7 
1 4 7 5 
1 5 4 7 
1 5 7 4 
1 7 5 4 
1 7 4 5 

2396 9888572650096077306 2 6
3 6 4 8 11 2 
6 3 4 8 11 2 

