bhabha2npb[0,0,0,0,0,0,0,0,0]*(-a4+d-a5-a2-a3-2*a0)
bhabha2npb[1,0,0,0,0,0,0,0,0]*(-2*a0)
bhabha2npb[-1,0,1,0,0,0,0,0,0]*(-a2)
bhabha2npb[0,-1,1,0,0,0,0,0,0]*(a2)
bhabha2npb[-1,0,0,0,0,1,0,0,0]*(-a5)
bhabha2npb[-1,0,0,1,0,0,0,0,0]*(-a3)
bhabha2npb[-1,0,0,0,1,0,0,0,0]*(-a4)

bhabha2npb[0,0,0,0,0,0,0,0,0]*(d-2*a1-a8-a2-a6-a7)
bhabha2npb[0,1,0,0,0,0,0,0,0]*(-2*a1)
bhabha2npb[-1,0,1,0,0,0,0,0,0]*(a2)
bhabha2npb[0,-1,1,0,0,0,0,0,0]*(-a2)
bhabha2npb[0,-1,0,0,0,0,0,0,1]*(-a8)
bhabha2npb[0,-1,0,0,0,0,1,0,0]*(-a6)
bhabha2npb[0,-1,0,0,0,0,0,1,0]*(-a7)

bhabha2npb[0,0,0,0,0,0,0,0,0]*(-a3+a0)
bhabha2npb[1,0,0,-1,0,0,0,0,0]*(-a0)
bhabha2npb[1,0,0,0,0,0,0,0,0]*(2*a0)
bhabha2npb[-1,0,1,0,0,0,0,0,0]*(a2)
bhabha2npb[0,-1,1,0,0,0,0,0,0]*(a2)
bhabha2npb[0,0,1,-1,0,0,0,0,0]*(-a2)
bhabha2npb[0,0,1,0,0,0,-1,0,0]*(-a2)
bhabha2npb[0,0,1,0,0,0,0,0,0]*(4*a2)
bhabha2npb[-1,0,0,1,0,0,0,0,0]*(a3)
bhabha2npb[0,0,0,0,0,1,0,0,0]*(5*a5)
bhabha2npb[-1,0,0,0,1,0,0,0,0]*(a4)
bhabha2npb[0,0,0,-1,1,0,0,0,0]*(-a4)
bhabha2npb[0,0,0,0,1,0,0,0,0]*(7*a4)
bhabha2npb[-1,0,0,0,0,1,0,0,0]*(a5)
bhabha2npb[0,0,0,-1,0,1,0,0,0]*(-a5)

bhabha2npb[0,0,0,0,0,0,0,0,0]*(a1-a6)
bhabha2npb[0,1,0,0,0,0,-1,0,0]*(-a1)
bhabha2npb[0,1,0,0,0,0,0,0,0]*(2*a1)
bhabha2npb[-1,0,1,0,0,0,0,0,0]*(a2)
bhabha2npb[0,-1,1,0,0,0,0,0,0]*(a2)
bhabha2npb[0,0,1,-1,0,0,0,0,0]*(-a2)
bhabha2npb[0,0,1,0,0,0,-1,0,0]*(-a2)
bhabha2npb[0,0,1,0,0,0,0,0,0]*(4*a2)
bhabha2npb[0,-1,0,0,0,0,1,0,0]*(a6)
bhabha2npb[0,0,0,0,0,0,0,0,1]*(5*a8)
bhabha2npb[0,-1,0,0,0,0,0,1,0]*(a7)
bhabha2npb[0,0,0,0,0,0,-1,1,0]*(-a7)
bhabha2npb[0,0,0,0,0,0,0,1,0]*(7*a7)
bhabha2npb[0,-1,0,0,0,0,0,0,1]*(a8)
bhabha2npb[0,0,0,0,0,0,-1,0,1]*(-a8)

bhabha2npb[0,0,0,0,0,0,0,0,0]*(-a4+a0)
bhabha2npb[1,0,0,0,-1,0,0,0,0]*(-a0)
bhabha2npb[1,0,0,0,0,0,0,0,0]*(2*a0)
bhabha2npb[-1,0,1,0,0,0,0,0,0]*(a2)
bhabha2npb[0,-1,1,0,0,0,0,0,0]*(a2)
bhabha2npb[0,0,1,0,-1,0,0,0,0]*(-a2)
bhabha2npb[0,0,1,0,0,0,0,-1,0]*(-a2)
bhabha2npb[0,0,1,0,0,0,0,0,0]*(4*a2)
bhabha2npb[-1,0,0,1,0,0,0,0,0]*(a3)
bhabha2npb[0,0,0,1,-1,0,0,0,0]*(-a3)
bhabha2npb[0,0,0,1,0,0,0,0,0]*(7*a3)
bhabha2npb[-1,0,0,0,1,0,0,0,0]*(a4)
bhabha2npb[0,0,0,0,0,1,0,0,0]*(-4*a5)
bhabha2npb[-1,0,0,0,0,1,0,0,0]*(a5)
bhabha2npb[0,0,0,0,-1,1,0,0,0]*(-a5)

bhabha2npb[0,0,0,0,0,0,0,0,0]*(a1-a7)
bhabha2npb[0,1,0,0,0,0,0,-1,0]*(-a1)
bhabha2npb[0,1,0,0,0,0,0,0,0]*(2*a1)
bhabha2npb[-1,0,1,0,0,0,0,0,0]*(a2)
bhabha2npb[0,-1,1,0,0,0,0,0,0]*(a2)
bhabha2npb[0,0,1,0,-1,0,0,0,0]*(-a2)
bhabha2npb[0,0,1,0,0,0,0,-1,0]*(-a2)
bhabha2npb[0,0,1,0,0,0,0,0,0]*(4*a2)
bhabha2npb[0,-1,0,0,0,0,1,0,0]*(a6)
bhabha2npb[0,0,0,0,0,0,1,-1,0]*(-a6)
bhabha2npb[0,0,0,0,0,0,1,0,0]*(7*a6)
bhabha2npb[0,-1,0,0,0,0,0,1,0]*(a7)
bhabha2npb[0,0,0,0,0,0,0,0,1]*(-4*a8)
bhabha2npb[0,-1,0,0,0,0,0,0,1]*(a8)
bhabha2npb[0,0,0,0,0,0,0,-1,1]*(-a8)

bhabha2npb[0,0,0,0,0,0,0,0,0]*(-a5+a0)
bhabha2npb[1,0,0,0,0,-1,0,0,0]*(-a0)
bhabha2npb[1,0,0,0,0,0,0,0,0]*(2*a0)
bhabha2npb[-1,0,1,0,0,0,0,0,0]*(a2)
bhabha2npb[0,-1,1,0,0,0,0,0,0]*(a2)
bhabha2npb[0,0,1,0,0,-1,0,0,0]*(-a2)
bhabha2npb[0,0,1,0,0,0,0,0,-1]*(-a2)
bhabha2npb[0,0,1,0,0,0,0,0,0]*(4*a2)
bhabha2npb[-1,0,0,1,0,0,0,0,0]*(a3)
bhabha2npb[0,0,0,1,0,-1,0,0,0]*(-a3)
bhabha2npb[0,0,0,1,0,0,0,0,0]*(5*a3)
bhabha2npb[-1,0,0,0,1,0,0,0,0]*(a4)
bhabha2npb[0,0,0,0,1,-1,0,0,0]*(-a4)
bhabha2npb[0,0,0,0,1,0,0,0,0]*(-4*a4)
bhabha2npb[-1,0,0,0,0,1,0,0,0]*(a5)

bhabha2npb[0,0,0,0,0,0,0,0,0]*(a1-a8)
bhabha2npb[0,1,0,0,0,0,0,0,-1]*(-a1)
bhabha2npb[0,1,0,0,0,0,0,0,0]*(2*a1)
bhabha2npb[-1,0,1,0,0,0,0,0,0]*(a2)
bhabha2npb[0,-1,1,0,0,0,0,0,0]*(a2)
bhabha2npb[0,0,1,0,0,-1,0,0,0]*(-a2)
bhabha2npb[0,0,1,0,0,0,0,0,-1]*(-a2)
bhabha2npb[0,0,1,0,0,0,0,0,0]*(4*a2)
bhabha2npb[0,-1,0,0,0,0,1,0,0]*(a6)
bhabha2npb[0,0,0,0,0,0,1,0,-1]*(-a6)
bhabha2npb[0,0,0,0,0,0,1,0,0]*(5*a6)
bhabha2npb[0,-1,0,0,0,0,0,1,0]*(a7)
bhabha2npb[0,0,0,0,0,0,0,1,-1]*(-a7)
bhabha2npb[0,0,0,0,0,0,0,1,0]*(-4*a7)
bhabha2npb[0,-1,0,0,0,0,0,0,1]*(a8)

bhabha2npb[-1,1,0,0,0,0,0,0,0]*(a1)
bhabha2npb[0,0,0,0,0,0,0,0,0]*(a1-a2)
bhabha2npb[0,1,-1,0,0,0,0,0,0]*(-a1)
bhabha2npb[0,1,0,0,0,0,0,0,0]*(2*a1)
bhabha2npb[-1,0,1,0,0,0,0,0,0]*(-a2)
bhabha2npb[0,-1,1,0,0,0,0,0,0]*(a2)
bhabha2npb[0,0,0,0,0,0,0,0,1]*(4*a8)
bhabha2npb[-1,0,0,0,0,0,1,0,0]*(2*a6)
bhabha2npb[0,-1,0,0,0,0,1,0,0]*(a6)
bhabha2npb[0,0,-1,0,0,0,1,0,0]*(-a6)
bhabha2npb[0,0,0,-1,0,0,1,0,0]*(-a6)
bhabha2npb[0,0,0,0,0,0,1,0,0]*(4*a6)
bhabha2npb[-1,0,0,0,0,0,0,1,0]*(2*a7)
bhabha2npb[0,-1,0,0,0,0,0,1,0]*(a7)
bhabha2npb[0,0,-1,0,0,0,0,1,0]*(-a7)
bhabha2npb[0,0,0,0,-1,0,0,1,0]*(-a7)
bhabha2npb[0,0,0,0,0,0,0,1,0]*(4*a7)
bhabha2npb[-1,0,0,0,0,0,0,0,1]*(2*a8)
bhabha2npb[0,-1,0,0,0,0,0,0,1]*(a8)
bhabha2npb[0,0,-1,0,0,0,0,0,1]*(-a8)
bhabha2npb[0,0,0,0,0,-1,0,0,1]*(-a8)

bhabha2npb[0,0,0,0,0,0,0,0,0]*(-a2+a0)
bhabha2npb[1,-1,0,0,0,0,0,0,0]*(a0)
bhabha2npb[1,0,-1,0,0,0,0,0,0]*(-a0)
bhabha2npb[1,0,0,0,0,0,0,0,0]*(2*a0)
bhabha2npb[-1,0,1,0,0,0,0,0,0]*(a2)
bhabha2npb[0,-1,1,0,0,0,0,0,0]*(-a2)
bhabha2npb[0,0,0,0,0,1,0,0,0]*(4*a5)
bhabha2npb[-1,0,0,1,0,0,0,0,0]*(a3)
bhabha2npb[0,-1,0,1,0,0,0,0,0]*(2*a3)
bhabha2npb[0,0,-1,1,0,0,0,0,0]*(-a3)
bhabha2npb[0,0,0,1,0,0,-1,0,0]*(-a3)
bhabha2npb[0,0,0,1,0,0,0,0,0]*(4*a3)
bhabha2npb[-1,0,0,0,1,0,0,0,0]*(a4)
bhabha2npb[0,-1,0,0,1,0,0,0,0]*(2*a4)
bhabha2npb[0,0,-1,0,1,0,0,0,0]*(-a4)
bhabha2npb[0,0,0,0,1,0,0,-1,0]*(-a4)
bhabha2npb[0,0,0,0,1,0,0,0,0]*(4*a4)
bhabha2npb[-1,0,0,0,0,1,0,0,0]*(a5)
bhabha2npb[0,-1,0,0,0,1,0,0,0]*(2*a5)
bhabha2npb[0,0,-1,0,0,1,0,0,0]*(-a5)
bhabha2npb[0,0,0,0,0,1,0,0,-1]*(-a5)

