498 3554625641990904541 1 6
4 1 5 6 8 7 

490 3554625641990904541 1 6
3 1 5 6 7 8 

504 9956044197719473304 2 6
5 6 3 4 8 7 
5 6 4 3 7 8 

486 10765101758531577568 2 6
1 5 6 2 7 8 
1 5 6 2 8 7 

483 13723568203220542288 2 6
5 6 0 1 7 8 
5 6 0 1 8 7 

500 17852480585277649924 1 6
4 5 6 2 8 7 

497 6270690066588158536 1 6
4 0 5 6 8 7 

489 6270690066588158536 1 6
3 0 5 6 7 8 

492 17852480585277649924 1 6
3 5 6 2 7 8 

485 1535901794604346051 2 6
0 5 6 2 7 8 
0 5 6 2 8 7 

474 4716246587805141293 2 6
6 7 8 4 3 1 
6 8 7 3 4 1 

470 13142311590048548393 1 6
6 4 1 2 8 7 

467 2142206928275950851 1 6
6 8 7 4 0 1 

462 13142311590048548393 1 6
6 3 1 2 7 8 

476 186292643791967561 2 6
6 3 4 2 8 7 
6 4 3 2 7 8 

459 2142206928275950851 1 6
6 7 8 3 0 1 

473 7112077229642113947 2 6
6 7 8 4 3 0 
6 8 7 3 4 0 

455 12227642324883369190 2 6
6 1 0 2 7 8 
6 1 0 2 8 7 

469 17562448722961961993 1 6
6 4 0 2 8 7 

442 10959216453834946080 2 6
5 7 8 4 3 1 
5 8 7 3 4 1 

461 17562448722961961993 1 6
6 3 0 2 7 8 

435 17414621268942711862 1 6
5 8 7 4 0 1 

438 7405254365001363646 1 6
5 4 1 2 8 7 

430 7405254365001363646 1 6
5 3 1 2 7 8 

427 17414621268942711862 1 6
5 7 8 3 0 1 

444 11289742321978543663 2 6
5 3 4 2 8 7 
5 4 3 2 7 8 

441 4286934606167818624 2 6
5 7 8 4 3 0 
5 8 7 3 4 0 

423 14660925492077900421 2 6
5 1 0 2 7 8 
5 1 0 2 8 7 

437 17918491154422977770 1 6
5 4 0 2 8 7 

429 17918491154422977770 1 6
5 3 0 2 7 8 

414 8132296289130230005 4 6
2 7 8 4 3 1 
2 7 8 3 4 1 
2 8 7 4 3 1 
2 8 7 3 4 1 

411 890073889092904788 4 6
7 8 3 4 0 1 
7 8 4 3 0 1 
8 7 3 4 0 1 
8 7 4 3 0 1 

413 3527340654800663430 4 6
2 7 8 4 3 0 
2 7 8 3 4 0 
2 8 7 4 3 0 
2 8 7 3 4 0 

407 15041896705427208582 2 6
4 0 1 2 7 8 
4 0 1 2 8 7 

399 15041896705427208582 2 6
3 0 1 2 7 8 
3 0 1 2 8 7 

378 4968255297549864714 1 6
8 5 6 4 3 1 

374 8314295010570997826 1 6
4 1 2 8 5 6 

371 2153310081166980171 1 6
8 5 6 4 0 1 

366 1592816360903501379 1 6
2 8 3 1 5 6 

359 16070715467267379958 1 6
5 6 2 8 1 0 

363 11147100492960607884 1 6
8 5 6 3 0 1 

380 13068118046783101802 1 6
2 8 5 6 4 3 

377 224294658175400295 1 6
8 5 6 4 3 0 

373 17534363469851852911 1 6
4 0 2 8 5 6 

365 16671224672980982928 1 6
3 0 2 8 5 6 

347 11721042077433914628 2 6
6 8 4 3 0 1 
8 6 4 3 0 1 

350 5464271561882034624 1 6
6 2 8 4 3 1 

343 18381600562818927099 1 6
6 2 8 4 1 0 

349 1752676437410916936 1 6
6 2 8 4 3 0 

335 3587369303479344947 1 6
6 2 8 3 1 0 

318 15694524922344074318 1 6
5 2 8 4 3 1 

315 14951488910177374620 1 6
5 8 4 3 0 1 

311 14793410429570053901 1 6
5 2 8 4 1 0 

303 15378548275394907587 1 6
5 2 8 3 1 0 

317 1125311866377306062 1 6
5 2 8 4 3 0 

287 12065209998846163124 2 6
2 8 3 4 0 1 
2 8 4 3 0 1 

246 1592816360903501379 1 6
2 7 4 1 5 6 

250 4968255297549864714 1 6
7 5 6 3 4 1 

243 11147100492960607884 1 6
7 5 6 4 0 1 

238 8314295010570997826 1 6
3 1 2 7 5 6 

231 16070715467267379958 1 6
5 6 2 7 1 0 

235 2153310081166980171 1 6
7 5 6 3 0 1 

252 13068118046783101802 1 6
2 7 5 6 3 4 

249 224294658175400295 1 6
7 5 6 3 4 0 

245 16671224672980982928 1 6
4 0 2 7 5 6 

237 17534363469851852911 1 6
3 0 2 7 5 6 

222 5464271561882034624 1 6
6 2 7 3 4 1 

219 11721042077433914628 2 6
6 7 3 4 0 1 
7 6 3 4 0 1 

207 18381600562818927099 1 6
6 2 7 3 1 0 

215 3587369303479344947 1 6
6 2 7 4 1 0 

221 1752676437410916936 1 6
6 2 7 3 4 0 

190 15694524922344074318 1 6
5 2 7 3 4 1 

183 15378548275394907587 1 6
5 2 7 4 1 0 

187 14951488910177374620 1 6
5 7 3 4 0 1 

189 1125311866377306062 1 6
5 2 7 3 4 0 

175 14793410429570053901 1 6
5 2 7 3 1 0 

159 12065209998846163124 2 6
2 7 3 4 0 1 
2 7 4 3 0 1 

126 14561513230986921992 2 6
2 5 6 4 3 1 
2 5 6 3 4 1 

63 6983171037842727992 4 6
2 5 3 4 1 0 
2 5 4 3 1 0 
5 2 3 4 1 0 
5 2 4 3 1 0 

119 6769515481660443002 1 6
2 5 6 4 1 0 

123 11510823492290768031 2 6
5 6 3 4 0 1 
5 6 4 3 0 1 

125 13415690311129542812 2 6
2 5 6 4 3 0 
2 5 6 3 4 0 

111 6769515481660443002 1 6
2 5 6 3 1 0 

95 15988624778022794761 2 6
2 6 3 4 1 0 
2 6 4 3 1 0 

482 967609743256294479 2 5
1 5 6 7 8 
1 5 6 8 7 

496 13419747555118098859 1 5
4 5 6 8 7 

488 13419747555118098859 1 5
3 5 6 7 8 

481 4661978760077355478 2 5
0 5 6 7 8 
0 5 6 8 7 

484 12671376597842841005 2 5
5 6 2 7 8 
5 6 2 8 7 

466 16737830334375412897 1 5
6 4 1 8 7 

454 849797404349087801 4 5
1 6 2 7 8 
1 6 2 8 7 
6 1 2 7 8 
6 1 2 8 7 

458 16737830334375412897 1 5
6 3 1 7 8 

472 2540194480647995558 2 5
6 4 3 7 8 
6 3 4 8 7 

451 18100835654252824422 2 5
6 0 1 7 8 
6 0 1 8 7 

468 8598414665655027762 1 5
4 6 2 8 7 

465 9799439111936917239 1 5
6 4 0 8 7 

457 9799439111936917239 1 5
6 3 0 7 8 

460 8598414665655027762 1 5
3 6 2 7 8 

453 9635916385005773214 2 5
0 6 2 7 8 
0 6 2 8 7 

434 5234057345307230079 1 5
5 4 1 8 7 

426 5234057345307230079 1 5
5 3 1 7 8 

419 18398360872751480135 2 5
5 0 1 7 8 
5 0 1 8 7 

422 8259646680289760488 2 5
5 1 2 7 8 
5 1 2 8 7 

440 13246665977522149970 2 5
5 4 3 7 8 
5 3 4 8 7 

436 18122282496688370219 2 5
4 5 2 8 7 
5 4 2 8 7 

433 13843821778131982899 1 5
5 4 0 8 7 

428 18122282496688370219 2 5
3 5 2 7 8 
5 3 2 7 8 

425 13843821778131982899 1 5
5 3 0 7 8 

410 8229854702790897803 4 5
7 8 4 3 1 
7 8 3 4 1 
8 7 4 3 1 
8 7 3 4 1 

421 17550997749852678150 2 5
5 0 2 7 8 
5 0 2 8 7 

403 13656717089756082862 2 5
7 8 4 0 1 
8 7 4 0 1 

406 6275489921679089238 2 5
4 1 2 7 8 
4 1 2 8 7 

398 6275489921679089238 2 5
3 1 2 7 8 
3 1 2 8 7 

412 15348477826773002354 4 5
3 4 2 7 8 
3 4 2 8 7 
4 3 2 7 8 
4 3 2 8 7 

395 13656717089756082862 2 5
7 8 3 0 1 
8 7 3 0 1 

409 9123493407132419744 4 5
7 8 4 3 0 
7 8 3 4 0 
8 7 4 3 0 
8 7 3 4 0 

391 8622688165522265228 2 5
0 1 2 7 8 
0 1 2 8 7 

405 4587842902720267261 2 5
4 0 2 7 8 
4 0 2 8 7 

397 4587842902720267261 2 5
3 0 2 7 8 
3 0 2 8 7 

370 1209380303678623036 1 5
8 4 1 5 6 

278 15406660600063173003 2 4
2 8 4 1 
4 1 2 8 

21 15132312909401680392 1 3
2 4 0 

270 15406660600063173003 2 4
2 8 3 1 
3 1 2 8 

13 15132312909401680392 1 3
2 3 0 

263 1949429027439212629 1 4
2 8 0 1 

225 7468014760862260547 1 4
0 7 5 6 

210 11699471195932271526 2 4
6 7 4 1 
7 6 4 1 

202 7280204158998552156 2 4
6 7 3 1 
7 6 3 1 

216 3855116606370171433 2 4
6 7 3 4 
7 6 3 4 

135 1949429027439212629 1 4
2 7 0 1 

392 13366814545066617902 2 3
3 7 8 
3 8 7 

114 5373860658120540068 1 4
5 6 4 1 

102 1460861365064218190 1 4
2 1 5 6 

106 5373860658120540068 1 4
5 6 3 1 

116 13482312166786051139 2 4
2 4 5 6 
4 2 5 6 

120 3080512231235116810 2 4
5 6 3 4 
5 6 4 3 

226 4416077531919838335 2 4
1 7 5 6 
7 1 5 6 

99 16661932536792275378 1 4
5 6 0 1 

356 5373860658120540068 1 4
5 6 2 8 

108 13482312166786051139 2 4
2 3 5 6 
3 2 5 6 

240 12029625934560945872 1 4
4 7 5 6 

113 3414351997475690813 1 4
5 6 4 0 

232 3407052874047130810 1 4
3 7 5 6 

105 3414351997475690813 1 4
5 6 3 0 

362 7699165727598621247 1 5
8 5 6 3 1 

228 5373860658120540068 1 4
5 6 2 7 

101 12032805545754128123 1 4
2 0 5 6 

358 13521009107723832627 1 5
1 5 6 2 8 

86 12152577045520422986 1 4
2 6 4 1 

198 311993389089937251 2 4
1 6 2 7 
6 1 2 7 

71 9574891297982090472 1 4
2 6 1 0 

328 3854895435528399829 2 3
3 6 8 
3 8 6 

78 12152577045520422986 1 4
2 6 3 1 

92 8599884524454295065 2 4
2 6 4 3 
2 6 3 4 

212 6333077869789004859 1 4
4 6 2 7 

85 15457926178735384560 1 4
2 6 4 0 

342 8202407297492161261 1 5
6 4 1 2 8 

54 3350840979172127825 2 4
2 5 4 1 
5 2 4 1 

204 5069303078012082896 1 4
3 6 2 7 

77 15457926178735384560 1 4
2 6 3 0 

334 12811401127693062527 1 5
6 2 8 3 1 

58 11990823882079085441 2 4
5 3 4 1 
5 4 3 1 

46 3350840979172127825 2 4
2 5 3 1 
5 2 3 1 

293 12579938766968499258 1 4
5 0 2 8 

36 17087753756477223945 2 2
2 5 
5 2 

166 12159194040976764615 1 4
5 1 2 7 

39 909498718214995197 2 4
2 5 1 0 
5 2 1 0 

296 17034127061060784930 2 3
3 5 8 
5 3 8 

178 10678243750605623333 1 4
5 7 4 1 

51 18141429803404288025 1 4
5 4 0 1 

308 10880432878561687756 2 4
4 5 2 8 
5 4 2 8 

60 2445175737654497631 4 4
2 5 4 3 
2 5 3 4 
5 2 4 3 
5 2 3 4 

170 14505538550821850107 1 4
5 7 3 1 

43 18141429803404288025 1 4
5 3 0 1 

300 8948165776644765121 2 4
3 5 2 8 
5 3 2 8 

172 10880432878561687756 2 4
3 5 2 7 
5 3 2 7 

45 4384080337623826556 2 4
2 5 3 0 
5 2 3 0 

302 1956492784028963872 1 5
5 2 8 3 1 

180 8948165776644765121 2 4
4 5 2 7 
5 4 2 7 

53 4384080337623826556 2 4
2 5 4 0 
5 2 4 0 

310 14556229065056051670 1 5
5 2 8 4 1 

184 16654306668473350014 1 4
5 7 3 4 

57 10116442211816534569 2 4
5 3 4 0 
5 4 3 0 

314 13302104910189367149 1 5
5 8 4 3 1 

277 1599058490713225099 1 4
4 0 2 8 

20 17087753756477223945 2 2
2 4 
4 2 

150 15406660600063173003 2 4
2 7 4 1 
4 1 2 7 

23 18141429803404288025 1 4
2 4 0 1 

284 11962963340393468856 2 4
2 8 4 3 
2 8 3 4 

30 11990823882079085441 2 4
2 3 4 1 
2 4 3 1 

156 11962963340393468856 2 4
2 7 4 3 
2 7 3 4 

29 10116442211816534569 2 4
2 3 4 0 
2 4 3 0 

286 4829484002395752990 2 5
2 8 3 4 1 
2 8 4 3 1 

269 1599058490713225099 1 4
3 0 2 8 

12 17087753756477223945 2 2
2 3 
3 2 

142 15406660600063173003 2 4
2 7 3 1 
3 1 2 7 

15 18141429803404288025 1 4
2 3 0 1 

112 12858325137428765181 1 3
4 5 6 

369 11858436060550286370 1 5
8 4 0 5 6 

84 17662388742419376403 2 3
2 4 6 
4 2 6 

341 16240212310927213007 1 5
6 4 0 2 8 

97 12353299880266901135 1 3
0 5 6 

354 4416077531919838335 2 4
1 8 5 6 
8 1 5 6 

76 17662388742419376403 2 3
2 3 6 
3 2 6 

333 9864169472234381122 1 5
6 3 0 2 8 

52 10464402029777390164 6 3
2 4 5 
2 5 4 
4 2 5 
4 5 2 
5 4 2 
5 2 4 

309 4751944411800554583 1 5
5 4 0 2 8 

44 10464402029777390164 6 3
2 3 5 
2 5 3 
3 2 5 
3 5 2 
5 3 2 
5 2 3 

301 3342383118552470886 1 5
5 3 0 2 8 

56 260049142612031377 2 3
5 4 3 
5 3 4 

313 8645834680448433611 1 5
5 8 4 3 0 

165 12579938766968499258 1 4
5 0 2 7 

38 3519693191574693728 2 3
2 5 1 
5 2 1 

295 17495667590390938646 1 5
5 2 8 1 0 

292 11149028268085365730 1 3
5 2 8 

35 6963573182349030892 1 3
5 0 1 

33 1029829358612853772 1 2
5 0 

290 10706753935364593016 2 3
5 1 8 
5 8 1 

201 8914810524515998258 2 4
6 7 3 0 
7 6 3 0 

197 16730204435707812676 1 4
0 6 2 7 

70 16258839135554755291 2 3
2 1 6 
2 6 1 

327 14503067379918767565 1 5
6 2 8 1 0 

100 12858325137428765181 1 3
2 5 6 

357 16766581777374326546 1 5
0 5 6 2 8 

209 5893321555612985463 2 4
6 7 4 0 
7 6 4 0 

336 12254329342543767602 2 3
4 6 8 
4 8 6 

79 7789875933728113185 1 5
2 6 3 1 0 

5 1029829358612853772 1 2
2 0 

261 16717288327157090149 1 3
0 2 8 

7 6963573182349030892 1 3
2 0 1 

69 17548989548584559309 1 3
2 0 6 

326 311993389089937251 2 4
1 6 2 8 
6 1 2 8 

40 17087753756477223945 2 2
3 5 
5 3 

297 13996941605079618903 1 4
5 8 3 0 

48 17087753756477223945 2 2
4 5 
5 4 

305 17381358630409075809 1 4
5 8 4 0 

149 1599058490713225099 1 4
4 0 2 7 

276 11149028268085365730 1 3
4 2 8 

22 11149028268085365730 1 3
2 4 1 

279 3465735543717951256 1 5
2 8 4 0 1 

140 11149028268085365730 1 3
3 2 7 

41 15132312909401680392 1 3
5 3 0 

298 10678243750605623333 1 4
5 8 3 1 

168 9792737628942422839 2 3
3 5 7 
5 3 7 

28 260049142612031377 2 3
2 3 4 
2 4 3 

285 14645840847322955174 2 5
2 8 3 4 0 
2 8 4 3 0 

104 12858325137428765181 1 3
3 5 6 

361 1978135590213095367 1 5
8 5 6 3 0 

133 16717288327157090149 1 3
0 2 7 

148 11149028268085365730 1 3
4 2 7 

37 14833181375271073842 2 3
2 5 0 
5 2 0 

294 12159194040976764615 1 4
5 1 2 8 

164 11149028268085365730 1 3
5 2 7 

400 13366814545066617902 2 3
4 7 8 
4 8 7 

143 3465735543717951256 1 5
2 7 3 0 1 

161 321928022202047133 1 3
5 0 7 

418 352515996741112502 2 4
5 1 7 8 
5 1 8 7 

49 15132312909401680392 1 3
5 4 0 

306 14505538550821850107 1 4
5 8 4 1 

176 17034127061060784930 2 3
4 5 7 
5 4 7 

193 4869967106414314773 2 3
0 6 7 
0 7 6 

450 2050920895343327577 4 4
1 6 7 8 
1 6 8 7 
6 1 7 8 
6 1 8 7 

200 12254329342543767602 2 3
3 6 7 
3 7 6 

208 3854895435528399829 2 3
4 6 7 
4 7 6 

385 3368209209807996656 2 3
0 7 8 
0 8 7 

141 1599058490713225099 1 4
3 0 2 7 

14 11149028268085365730 1 3
2 3 1 

271 3465735543717951256 1 5
2 8 3 0 1 

268 11149028268085365730 1 3
3 2 8 

163 1260325808062692930 1 4
5 7 0 1 

420 9890512650732357778 2 4
5 2 7 8 
5 2 8 7 

177 13996941605079618903 1 4
5 7 4 0 

50 11149028268085365730 1 3
5 4 1 

307 14805425551982077445 1 5
5 8 4 0 1 

304 9792737628942422839 2 3
4 5 8 
5 4 8 

47 7763446829784138839 2 5
2 5 3 1 0 
5 2 3 1 0 

169 17381358630409075809 1 4
5 7 3 0 

42 11149028268085365730 1 3
5 3 1 

299 9759998804460183743 1 5
5 8 3 0 1 

194 6906529405458791006 6 3
1 6 7 
1 7 6 
6 1 7 
6 7 1 
7 6 1 
7 1 6 

321 4869967106414314773 2 3
0 6 8 
0 8 6 

195 5045419636908689697 2 4
6 7 0 1 
7 6 0 1 

322 6906529405458791006 6 3
1 6 8 
1 8 6 
6 1 8 
6 8 1 
8 6 1 
8 1 6 

289 321928022202047133 1 3
5 0 8 

162 10706753935364593016 2 3
5 1 7 
5 7 1 

416 13366814545066617902 2 3
5 7 8 
5 8 7 

312 16654306668473350014 1 4
5 8 4 3 

55 7763446829784138839 2 5
2 5 4 1 0 
5 2 4 1 0 

291 1260325808062692930 1 4
5 8 0 1 

325 16730204435707812676 1 4
0 6 2 8 

332 6333077869789004859 1 4
3 6 2 8 

329 5893321555612985463 2 4
6 8 3 0 
8 6 3 0 

340 5069303078012082896 1 4
4 6 2 8 

337 8914810524515998258 2 4
6 8 4 0 
8 6 4 0 

344 3855116606370171433 2 4
6 8 4 3 
8 6 4 3 

87 7789875933728113185 1 5
2 6 4 1 0 

323 5045419636908689697 2 4
6 8 0 1 
8 6 0 1 

330 11699471195932271526 2 4
6 8 3 1 
8 6 3 1 

338 7280204158998552156 2 4
6 8 4 1 
8 6 4 1 

353 7468014760862260547 1 4
0 8 5 6 

360 12029625934560945872 1 4
3 8 5 6 

103 16592220560467117355 1 5
2 5 6 1 0 

389 13061880017167166149 2 4
0 2 7 8 
0 2 8 7 

368 3407052874047130810 1 4
4 8 5 6 

393 528890259468880786 2 4
3 0 7 8 
3 0 8 7 

396 9890512650732357778 2 4
3 2 7 8 
3 2 8 7 

401 528890259468880786 2 4
4 0 7 8 
4 0 8 7 

404 9890512650732357778 2 4
4 2 7 8 
4 2 8 7 

387 12878427599672319095 2 4
0 1 7 8 
0 1 8 7 

394 17273543508590570368 2 4
3 1 7 8 
3 1 8 7 

402 17273543508590570368 2 4
4 1 7 8 
4 1 8 7 

408 14281784742527751276 4 4
3 4 7 8 
3 4 8 7 
4 3 7 8 
4 3 8 7 

151 3465735543717951256 1 5
2 7 4 0 1 

417 17193802178303115274 2 4
5 0 7 8 
5 0 8 7 

424 2143732557265139838 2 4
3 5 7 8 
5 3 7 8 

167 17495667590390938646 1 5
5 2 7 1 0 

432 2143732557265139838 2 4
4 5 8 7 
5 4 8 7 

449 17108626381751255421 2 4
0 6 7 8 
0 6 8 7 

456 9472055112188585408 1 4
3 6 7 8 

199 14503067379918767565 1 5
6 2 7 1 0 

464 9472055112188585408 1 4
4 6 8 7 

480 2551299507924137720 2 4
5 6 7 8 
5 6 8 7 

31 3977715896009301971 2 5
2 3 4 0 1 
2 4 3 0 1 

59 3977715896009301971 2 5
5 3 4 0 1 
5 4 3 0 1 

316 1916106744461055601 1 5
5 2 8 4 3 

61 5842342324945880555 4 5
2 5 3 4 0 
2 5 4 3 0 
5 2 3 4 0 
5 2 4 3 0 

93 624186609454739638 2 5
2 6 3 4 0 
2 6 4 3 0 

62 8035105586566128768 4 5
2 5 3 4 1 
2 5 4 3 1 
5 2 3 4 1 
5 2 4 3 1 

94 10987309989154754278 2 5
2 6 3 4 1 
2 6 4 3 1 

109 11083004179664456440 1 5
2 3 0 5 6 

121 9360612386004068268 2 5
5 6 4 3 0 
5 6 3 4 0 

117 11083004179664456440 1 5
2 4 0 5 6 

124 10800292375007858751 2 5
2 5 6 3 4 
2 5 6 4 3 

107 15241469137440999492 1 5
5 6 3 0 1 

364 12729040507105638627 1 5
3 2 8 5 6 

110 7707485000959051665 1 5
2 3 1 5 6 

115 15241469137440999492 1 5
5 6 4 0 1 

372 3664511182769896785 1 5
4 2 8 5 6 

118 7707485000959051665 1 5
2 4 1 5 6 

122 5607331447955287779 2 5
5 6 4 3 1 
5 6 3 4 1 

157 14645840847322955174 2 5
2 7 3 4 0 
2 7 4 3 0 

158 4829484002395752990 2 5
2 7 3 4 1 
2 7 4 3 1 

173 4751944411800554583 1 5
5 3 0 2 7 

181 3342383118552470886 1 5
5 4 0 2 7 

185 8645834680448433611 1 5
5 7 3 4 0 

188 1916106744461055601 1 5
5 2 7 3 4 

171 14805425551982077445 1 5
5 7 3 0 1 

179 9759998804460183743 1 5
5 7 4 0 1 

174 14556229065056051670 1 5
5 2 7 3 1 

186 13302104910189367149 1 5
5 7 3 4 1 

182 1956492784028963872 1 5
5 2 7 4 1 

205 16240212310927213007 1 5
6 3 0 2 7 

213 9864169472234381122 1 5
6 4 0 2 7 

220 8683537006530209099 1 5
6 2 7 3 4 

217 16801192951146691748 2 5
6 7 3 4 0 
7 6 3 4 0 

203 6797654428091533032 2 5
6 7 3 0 1 
7 6 3 0 1 

206 8202407297492161261 1 5
6 3 1 2 7 

214 12811401127693062527 1 5
6 2 7 4 1 

211 12104849964541892386 2 5
6 7 4 0 1 
7 6 4 0 1 

218 5062206546530226047 2 5
6 7 3 4 1 
7 6 3 4 1 

229 16766581777374326546 1 5
0 5 6 2 7 

233 11858436060550286370 1 5
7 3 0 5 6 

236 3664511182769896785 1 5
3 2 7 5 6 

244 12729040507105638627 1 5
4 2 7 5 6 

241 1978135590213095367 1 5
7 5 6 4 0 

248 17837758351355834498 1 5
7 5 6 3 4 

227 7608539539447568735 1 5
7 5 6 0 1 

230 13521009107723832627 1 5
1 5 6 2 7 

234 1209380303678623036 1 5
7 3 1 5 6 

242 7699165727598621247 1 5
7 5 6 4 1 

348 8683537006530209099 1 5
6 2 8 4 3 

345 16801192951146691748 2 5
6 8 4 3 0 
8 6 4 3 0 

331 12104849964541892386 2 5
6 8 3 0 1 
8 6 3 0 1 

339 6797654428091533032 2 5
6 8 4 0 1 
8 6 4 0 1 

346 5062206546530226047 2 5
6 8 4 3 1 
8 6 4 3 1 

355 7608539539447568735 1 5
8 5 6 0 1 

376 17837758351355834498 1 5
8 5 6 4 3 

