bhabha2lp[0,0,0,0,0,0,0,0,0]*(-a7+d-a8-a5-2*a2-a6)
bhabha2lp[0,0,1,0,0,0,0,0,0]*(-2*a2)
bhabha2lp[0,-1,0,0,0,1,0,0,0]*(a5)
bhabha2lp[0,0,-1,0,0,1,0,0,0]*(-a5)
bhabha2lp[0,0,-1,0,0,0,0,0,1]*(-a8)
bhabha2lp[0,0,0,0,0,1,0,0,0]*(-2*a5)
bhabha2lp[-1,0,0,0,0,0,1,0,0]*(a6)
bhabha2lp[0,0,-1,0,0,0,1,0,0]*(-a6)
bhabha2lp[0,0,-1,0,0,0,0,1,0]*(-a7)
bhabha2lp[0,0,0,0,0,0,1,0,0]*(eta*a6-a6)

bhabha2lp[0,0,0,0,0,0,0,0,0]*(-2*a0-a4+d-a1-a6-a3)
bhabha2lp[1,0,0,0,0,0,0,0,0]*(-2*eta*a0)
bhabha2lp[-1,1,0,0,0,0,0,0,0]*(-a1)
bhabha2lp[0,0,0,0,0,0,1,0,0]*(-eta*a6+a6)
bhabha2lp[0,1,0,0,0,0,0,0,0]*(-eta*a1-a1)
bhabha2lp[-1,0,0,1,0,0,0,0,0]*(-a3)
bhabha2lp[0,0,-1,0,0,0,1,0,0]*(a6)
bhabha2lp[0,0,0,1,0,0,0,0,0]*(-eta*a3)
bhabha2lp[-1,0,0,0,1,0,0,0,0]*(-a4)
bhabha2lp[-1,0,0,0,0,0,1,0,0]*(-a6)
bhabha2lp[0,0,0,0,1,0,0,0,0]*(-eta*a4)
bhabha2lp[0,-1,0,0,0,1,0,0,0]*(-a5)
bhabha2lp[0,0,-1,0,0,1,0,0,0]*(a5)
bhabha2lp[0,0,0,0,0,1,-1,0,0]*(-a5)

bhabha2lp[0,0,0,0,0,0,0,0,0]*(a7-a2)
bhabha2lp[0,0,1,0,0,0,0,-1,0]*(a2)
bhabha2lp[0,0,1,0,0,0,0,0,0]*(-2*a2)
bhabha2lp[-1,0,0,0,0,1,0,0,0]*(a5)
bhabha2lp[0,0,-1,0,0,1,0,0,0]*(-a5)
bhabha2lp[0,0,0,-1,0,1,0,0,0]*(-a5)
bhabha2lp[0,0,0,0,0,1,0,-1,0]*(a5)
bhabha2lp[0,0,0,0,0,1,0,0,0]*(eta*a5-a5)
bhabha2lp[-1,0,0,0,0,0,1,0,0]*(a6)
bhabha2lp[0,0,-1,0,0,0,1,0,0]*(-a6)
bhabha2lp[0,0,0,-1,0,0,1,0,0]*(-a6)
bhabha2lp[0,0,0,0,0,0,1,-1,0]*(a6)
bhabha2lp[0,0,0,0,0,0,1,0,0]*(eta*a6-2*a6)
bhabha2lp[0,0,-1,0,0,0,0,1,0]*(-a7)
bhabha2lp[0,0,0,0,0,0,0,0,1]*(-8*a8)
bhabha2lp[0,0,-1,0,0,0,0,0,1]*(-a8)
bhabha2lp[0,0,0,0,0,0,0,-1,1]*(a8)

bhabha2lp[0,0,0,0,0,0,0,0,0]*(-a8+a2)
bhabha2lp[0,0,1,0,0,0,0,0,-1]*(-a2)
bhabha2lp[0,0,1,0,0,0,0,0,0]*(2*a2)
bhabha2lp[-1,0,0,0,0,1,0,0,0]*(-a5)
bhabha2lp[0,0,-1,0,0,1,0,0,0]*(a5)
bhabha2lp[0,0,0,0,-1,1,0,0,0]*(a5)
bhabha2lp[0,0,0,0,0,1,0,0,-1]*(-a5)
bhabha2lp[0,0,0,0,0,1,0,0,0]*(-eta*a5+a5)
bhabha2lp[-1,0,0,0,0,0,1,0,0]*(-a6)
bhabha2lp[0,0,-1,0,0,0,1,0,0]*(a6)
bhabha2lp[0,0,0,0,-1,0,1,0,0]*(a6)
bhabha2lp[0,0,0,0,0,0,1,0,-1]*(-a6)
bhabha2lp[0,0,0,0,0,0,1,0,0]*(-eta*a6+2*a6)
bhabha2lp[0,0,-1,0,0,0,0,1,0]*(a7)
bhabha2lp[0,0,0,0,0,0,0,1,-1]*(-a7)
bhabha2lp[0,0,0,0,0,0,0,1,0]*(8*a7)
bhabha2lp[0,0,-1,0,0,0,0,0,1]*(a8)

bhabha2lp[-1,0,1,0,0,0,0,0,0]*(-a2)
bhabha2lp[0,0,0,0,0,0,0,0,0]*(-a2+a6)
bhabha2lp[0,0,1,0,0,0,-1,0,0]*(a2)
bhabha2lp[0,0,1,0,0,0,0,0,0]*(-a2-eta*a2)
bhabha2lp[0,-1,0,0,0,1,0,0,0]*(a5)
bhabha2lp[0,0,-1,0,0,1,0,0,0]*(-a5)
bhabha2lp[0,0,0,0,0,1,-1,0,0]*(a5)
bhabha2lp[-1,0,0,0,0,0,1,0,0]*(a6)
bhabha2lp[0,0,-1,0,0,0,1,0,0]*(-a6)
bhabha2lp[0,0,0,0,0,0,0,0,1]*(-a8)
bhabha2lp[0,0,0,0,0,0,1,0,0]*(eta*a6-a6)
bhabha2lp[0,0,-1,0,0,0,0,1,0]*(-a7)
bhabha2lp[0,0,0,-1,0,0,0,1,0]*(-a7)
bhabha2lp[0,0,0,0,0,0,-1,1,0]*(a7)
bhabha2lp[0,0,0,0,0,0,0,1,0]*(-a7)
bhabha2lp[0,0,-1,0,0,0,0,0,1]*(-a8)
bhabha2lp[0,0,0,0,-1,0,0,0,1]*(-a8)
bhabha2lp[0,0,0,0,0,0,-1,0,1]*(a8)

bhabha2lp[0,0,0,0,0,0,0,0,0]*(-a0-a1+a5+a6)
bhabha2lp[1,0,-1,0,0,0,0,0,0]*(-a0)
bhabha2lp[1,0,0,0,0,0,-1,0,0]*(a0)
bhabha2lp[1,0,0,0,0,0,0,0,0]*(-a0-eta*a0)
bhabha2lp[0,0,0,0,0,0,1,0,0]*(-eta*a6+a6)
bhabha2lp[0,1,-1,0,0,0,0,0,0]*(-a1)
bhabha2lp[0,1,0,0,0,-1,0,0,0]*(a1)
bhabha2lp[-1,0,0,1,0,0,0,0,0]*(-a3)
bhabha2lp[0,0,0,1,0,0,-1,0,0]*(a3)
bhabha2lp[0,0,0,1,0,0,0,-1,0]*(-a3)
bhabha2lp[0,0,0,1,0,0,0,0,0]*(-eta*a3+a3)
bhabha2lp[-1,0,0,0,1,0,0,0,0]*(-a4)
bhabha2lp[0,0,0,0,1,0,-1,0,0]*(a4)
bhabha2lp[0,0,0,0,1,0,0,0,-1]*(-a4)
bhabha2lp[0,0,0,0,1,0,0,0,0]*(-eta*a4+a4)
bhabha2lp[0,-1,0,0,0,1,0,0,0]*(-a5)
bhabha2lp[0,0,-1,0,0,1,0,0,0]*(a5)
bhabha2lp[0,0,-1,0,0,0,1,0,0]*(a6)
bhabha2lp[0,0,0,0,0,1,0,0,0]*(2*a5)
bhabha2lp[-1,0,0,0,0,0,1,0,0]*(-a6)

bhabha2lp[0,0,0,0,0,0,0,0,0]*(-a0+a3)
bhabha2lp[1,0,0,-1,0,0,0,0,0]*(a0)
bhabha2lp[1,0,0,0,0,0,0,0,0]*(-eta*a0)
bhabha2lp[-1,1,0,0,0,0,0,0,0]*(-a1)
bhabha2lp[0,1,0,-1,0,0,0,0,0]*(a1)
bhabha2lp[0,1,0,0,0,0,0,0,0]*(-eta*a1-a1)
bhabha2lp[-1,0,0,1,0,0,0,0,0]*(-a3)
bhabha2lp[0,0,0,0,0,0,1,0,0]*(-eta*a6+2*a6)
bhabha2lp[0,0,0,1,0,0,0,0,0]*(-eta*a3+2*a3)
bhabha2lp[-1,0,0,0,1,0,0,0,0]*(-a4)
bhabha2lp[0,0,0,-1,1,0,0,0,0]*(a4)
bhabha2lp[0,0,0,0,1,0,0,0,0]*(-eta*a4-6*a4)
bhabha2lp[-1,0,0,0,0,1,0,0,0]*(-a5)
bhabha2lp[0,0,-1,0,0,1,0,0,0]*(a5)
bhabha2lp[0,0,0,-1,0,1,0,0,0]*(a5)
bhabha2lp[0,0,0,0,0,1,0,-1,0]*(-a5)
bhabha2lp[0,0,0,0,0,1,0,0,0]*(-eta*a5+a5)
bhabha2lp[-1,0,0,0,0,0,1,0,0]*(-a6)
bhabha2lp[0,0,-1,0,0,0,1,0,0]*(a6)
bhabha2lp[0,0,0,-1,0,0,1,0,0]*(a6)
bhabha2lp[0,0,0,0,0,0,1,-1,0]*(-a6)

bhabha2lp[0,0,0,0,0,0,0,0,0]*(a0-a4)
bhabha2lp[1,0,0,0,-1,0,0,0,0]*(-a0)
bhabha2lp[1,0,0,0,0,0,0,0,0]*(eta*a0)
bhabha2lp[-1,1,0,0,0,0,0,0,0]*(a1)
bhabha2lp[0,1,0,0,-1,0,0,0,0]*(-a1)
bhabha2lp[0,1,0,0,0,0,0,0,0]*(eta*a1+a1)
bhabha2lp[-1,0,0,1,0,0,0,0,0]*(a3)
bhabha2lp[0,0,0,1,-1,0,0,0,0]*(-a3)
bhabha2lp[0,0,0,1,0,0,0,0,0]*(eta*a3+6*a3)
bhabha2lp[-1,0,0,0,1,0,0,0,0]*(a4)
bhabha2lp[0,0,0,0,0,0,1,0,0]*(eta*a6-2*a6)
bhabha2lp[0,0,0,0,1,0,0,0,0]*(eta*a4-2*a4)
bhabha2lp[-1,0,0,0,0,1,0,0,0]*(a5)
bhabha2lp[0,0,-1,0,0,1,0,0,0]*(-a5)
bhabha2lp[0,0,0,0,-1,1,0,0,0]*(-a5)
bhabha2lp[0,0,0,0,0,1,0,0,-1]*(a5)
bhabha2lp[0,0,0,0,0,1,0,0,0]*(eta*a5-a5)
bhabha2lp[-1,0,0,0,0,0,1,0,0]*(a6)
bhabha2lp[0,0,-1,0,0,0,1,0,0]*(-a6)
bhabha2lp[0,0,0,0,-1,0,1,0,0]*(-a6)
bhabha2lp[0,0,0,0,0,0,1,0,-1]*(a6)

bhabha2lp[1,-1,0,0,0,0,0,0,0]*(a0)
bhabha2lp[1,0,0,-1,0,0,0,0,0]*(-a0)
bhabha2lp[1,0,0,0,0,0,0,0,0]*(a0)
bhabha2lp[0,0,0,0,0,0,0,0,0]*(a1+a5-a6-a3)
bhabha2lp[0,1,0,-1,0,0,0,0,0]*(-a1)
bhabha2lp[0,-1,0,1,0,0,0,0,0]*(a3)
bhabha2lp[0,0,0,0,0,0,1,0,0]*(eta*a6)
bhabha2lp[0,0,0,1,0,0,0,0,0]*(-2*a3)
bhabha2lp[0,-1,0,0,1,0,0,0,0]*(a4)
bhabha2lp[0,0,0,-1,1,0,0,0,0]*(-a4)
bhabha2lp[0,0,0,0,1,0,0,0,0]*(6*a4)
bhabha2lp[-1,0,0,0,0,1,0,0,0]*(a5)
bhabha2lp[0,0,-1,0,0,1,0,0,0]*(-a5)
bhabha2lp[0,0,0,-1,0,1,0,0,0]*(-a5)
bhabha2lp[0,0,0,0,0,0,1,-1,0]*(a6)
bhabha2lp[0,0,0,0,0,1,-1,0,0]*(-a5)
bhabha2lp[0,0,0,0,0,1,0,-1,0]*(a5)
bhabha2lp[0,0,0,0,0,1,0,0,0]*(eta*a5-a5)
bhabha2lp[-1,0,0,0,0,0,1,0,0]*(a6)
bhabha2lp[0,0,-1,0,0,0,1,0,0]*(-a6)
bhabha2lp[0,0,0,-1,0,0,1,0,0]*(-a6)
bhabha2lp[0,0,0,0,0,-1,1,0,0]*(a6)

bhabha2lp[-1,0,1,0,0,0,0,0,0]*(-a2)
bhabha2lp[0,-1,1,0,0,0,0,0,0]*(a2)
bhabha2lp[0,0,0,0,0,0,0,0,0]*(-a7-a5+a2+a6)
bhabha2lp[0,0,1,0,0,-1,0,0,0]*(-a2)
bhabha2lp[0,0,1,0,0,0,-1,0,0]*(a2)
bhabha2lp[0,0,1,0,0,0,0,-1,0]*(-a2)
bhabha2lp[0,0,1,0,0,0,0,0,0]*(a2-eta*a2)
bhabha2lp[-1,0,0,0,0,1,0,0,0]*(-a5)
bhabha2lp[0,0,-1,0,0,1,0,0,0]*(a5)
bhabha2lp[0,0,0,-1,0,1,0,0,0]*(a5)
bhabha2lp[0,0,0,0,0,0,0,0,1]*(6*a8-eta*a8)
bhabha2lp[0,0,0,0,0,1,-1,0,0]*(a5)
bhabha2lp[0,0,0,0,0,1,0,-1,0]*(-a5)
bhabha2lp[0,0,0,0,0,1,0,0,0]*(-eta*a5+a5)
bhabha2lp[-1,0,0,0,0,0,1,0,0]*(-a6)
bhabha2lp[0,0,-1,0,0,0,1,0,0]*(a6)
bhabha2lp[0,0,0,-1,0,0,1,0,0]*(a6)
bhabha2lp[0,0,0,0,0,-1,1,0,0]*(-a6)
bhabha2lp[0,0,0,0,0,0,0,-1,1]*(-a8)
bhabha2lp[0,0,0,0,0,0,1,-1,0]*(-a6)
bhabha2lp[0,0,0,0,0,0,1,0,0]*(-eta*a6)
bhabha2lp[-1,0,0,0,0,0,0,1,0]*(-a7)
bhabha2lp[0,-1,0,0,0,0,0,1,0]*(a7)
bhabha2lp[0,0,-1,0,0,0,0,1,0]*(a7)
bhabha2lp[0,0,0,0,0,-1,0,1,0]*(-a7)
bhabha2lp[0,0,0,0,0,0,-1,1,0]*(a7)
bhabha2lp[0,0,0,0,0,0,-1,0,1]*(a8)
bhabha2lp[0,0,0,0,0,0,0,1,0]*(-2*a7-eta*a7)
bhabha2lp[-1,0,0,0,0,0,0,0,1]*(-a8)
bhabha2lp[0,-1,0,0,0,0,0,0,1]*(a8)
bhabha2lp[0,0,-1,0,0,0,0,0,1]*(a8)
bhabha2lp[0,0,0,0,0,-1,0,0,1]*(-a8)

