bhabha2lp[-1,0,1,0,0,0,0,0,0]*(2*a2)
bhabha2lp[0,0,1,0,-1,0,0,0,0]*(-2*a2)
bhabha2lp[0,0,1,0,0,-1,0,0,0]*(-a2)
bhabha2lp[0,0,1,0,0,0,0,0,-1]*(a2)
bhabha2lp[0,0,1,0,0,0,0,0,0]*(2*eta*a2+3*a2)
bhabha2lp[0,0,0,0,0,0,0,1,0]*(9*eta*a7+18*a7)
bhabha2lp[0,-1,1,0,0,0,0,0,0]*(a2)
bhabha2lp[-1,0,0,0,0,0,0,1,0]*(9*a7)
bhabha2lp[0,0,1,0,0,0,-1,0,0]*(-a2)
bhabha2lp[0,0,0,0,0,-1,0,1,0]*(-6*a7)
bhabha2lp[-1,0,0,0,0,1,0,0,0]*(-7*a5)
bhabha2lp[0,0,0,0,0,0,0,0,0]*(-5*a6-5*a1+5*a8+5*a5)
bhabha2lp[0,0,0,0,0,1,0,0,0]*(-7*eta*a5-14*a5)
bhabha2lp[0,0,0,0,0,0,-1,1,0]*(-3*a7)
bhabha2lp[0,0,0,0,0,1,-1,0,0]*(2*a5)
bhabha2lp[0,0,0,0,0,0,1,0,0]*(14*a6+7*a6*eta)
bhabha2lp[0,0,0,0,-1,0,0,0,1]*(-7*a8)
bhabha2lp[0,0,0,0,0,-1,1,0,0]*(-2*a6)
bhabha2lp[0,0,0,0,0,0,0,0,1]*(-5*a8)
bhabha2lp[0,-1,0,0,0,0,0,0,1]*(2*a8)
bhabha2lp[-1,0,0,0,0,0,1,0,0]*(7*a6)
bhabha2lp[0,1,0,0,0,0,0,0,0]*(2*a1)
bhabha2lp[0,1,0,0,-1,0,0,0,0]*(7*a1)
bhabha2lp[0,1,0,0,0,0,0,0,-1]*(-2*a1)

bhabha2lp[0,0,0,0,0,0,0,1,0]*(5*eta*a7+10*a7)
bhabha2lp[0,0,1,0,-1,0,0,0,0]*(4*a2)
bhabha2lp[0,0,1,0,0,-1,0,0,0]*(2*a2)
bhabha2lp[0,0,1,0,0,0,0,0,-1]*(-2*a2)
bhabha2lp[0,0,1,0,0,0,0,0,0]*(-2*a2)
bhabha2lp[0,0,0,0,0,-1,0,1,0]*(-2*a7)
bhabha2lp[0,0,0,0,0,0,0,0,0]*(-3*a7+a8+3*a5-a2)
bhabha2lp[0,0,1,-1,0,0,0,0,0]*(-a2)
bhabha2lp[-1,0,0,0,0,0,0,1,0]*(5*a7)
bhabha2lp[0,0,0,0,0,0,1,0,0]*(22*a6+11*a6*eta)
bhabha2lp[-1,0,0,0,0,0,1,0,0]*(11*a6)
bhabha2lp[0,0,0,0,0,-1,1,0,0]*(-6*a6)
bhabha2lp[-1,0,0,0,0,1,0,0,0]*(-5*a5)
bhabha2lp[0,0,0,0,0,0,1,-1,0]*(-5*a6)
bhabha2lp[0,0,0,0,0,1,0,0,0]*(-5*eta*a5-10*a5)
bhabha2lp[0,1,0,0,0,0,0,-1,0]*(-5*a1)
bhabha2lp[0,0,0,0,0,1,0,-1,0]*(2*a5)
bhabha2lp[0,1,0,0,0,-1,0,0,0]*(-5*a1)
bhabha2lp[0,0,0,0,-1,0,0,0,1]*(3*a8)
bhabha2lp[0,1,0,0,0,0,0,0,-1]*(-a1)
bhabha2lp[0,0,0,0,0,0,0,0,1]*(-9*a8)
bhabha2lp[0,0,-1,0,0,0,0,0,1]*(-2*a8)
bhabha2lp[0,0,0,-1,0,0,0,0,1]*(-2*a8)
bhabha2lp[0,1,0,0,-1,0,0,0,0]*(-9*a1)
bhabha2lp[0,0,0,0,0,-1,0,0,1]*(2*a8)
bhabha2lp[0,0,0,0,0,0,0,-1,1]*(2*a8)
bhabha2lp[0,1,0,0,0,0,0,0,0]*(21*a1)
bhabha2lp[0,1,-1,0,0,0,0,0,0]*(5*a1)
bhabha2lp[0,1,0,-1,0,0,0,0,0]*(5*a1)

bhabha2lp[-1,0,1,0,0,0,0,0,0]*(-2*a2)
bhabha2lp[0,-1,1,0,0,0,0,0,0]*(-a2)
bhabha2lp[0,0,1,0,-1,0,0,0,0]*(-2*a2)
bhabha2lp[0,0,1,0,0,0,-1,0,0]*(a2)
bhabha2lp[0,0,1,0,0,0,0,0,0]*(-2*eta*a2-a2)
bhabha2lp[0,0,0,0,0,0,0,1,0]*(-4*eta*a7-8*a7)
bhabha2lp[0,0,0,0,0,0,0,0,0]*(-6*a6+6*a7-6*a1+5*a8+a2)
bhabha2lp[0,0,1,-1,0,0,0,0,0]*(a2)
bhabha2lp[0,0,0,0,0,0,-1,1,0]*(-2*a7)
bhabha2lp[0,0,1,0,0,-1,0,0,0]*(-a2)
bhabha2lp[0,0,1,0,0,0,0,0,-1]*(a2)
bhabha2lp[0,0,0,0,0,0,1,0,0]*(8*a6+4*a6*eta)
bhabha2lp[-1,0,0,0,0,1,0,0,0]*(2*a5)
bhabha2lp[0,0,0,0,0,1,-1,0,0]*(3*a5)
bhabha2lp[0,0,0,0,0,1,0,0,0]*(2*eta*a5+4*a5)
bhabha2lp[-1,0,0,0,0,0,1,0,0]*(4*a6)
bhabha2lp[0,0,0,0,0,1,0,-1,0]*(-5*a5)
bhabha2lp[0,0,0,0,0,0,1,-1,0]*(2*a6)
bhabha2lp[0,-1,0,0,0,0,0,0,1]*(3*a8)
bhabha2lp[0,0,0,0,-1,0,0,0,1]*(-18*a8)
bhabha2lp[0,0,0,0,0,0,0,0,1]*(15*a8)
bhabha2lp[0,0,-1,0,0,0,0,0,1]*(5*a8)
bhabha2lp[0,0,0,-1,0,0,0,0,1]*(5*a8)
bhabha2lp[0,1,0,0,0,0,0,0,0]*(-6*a1)
bhabha2lp[0,0,0,0,0,-1,0,0,1]*(-5*a8)
bhabha2lp[0,0,0,0,0,0,0,-1,1]*(-5*a8)
bhabha2lp[-1,0,0,0,0,0,0,1,0]*(-4*a7)
bhabha2lp[0,1,0,0,0,0,0,0,-1]*(-2*a1)
bhabha2lp[0,1,0,0,0,-1,0,0,0]*(2*a1)
bhabha2lp[0,1,0,0,-1,0,0,0,0]*(12*a1)
bhabha2lp[0,1,0,0,0,0,0,-1,0]*(2*a1)
bhabha2lp[0,1,-1,0,0,0,0,0,0]*(-2*a1)
bhabha2lp[0,1,0,-1,0,0,0,0,0]*(-2*a1)

