bhabha2npb[1,1,0,0,0,0,0,0,0] #  3
bhabha2npb[1,1,1,0,0,0,0,0,0] #  7
bhabha2npb[1,0,1,0,0,1,0,0,0] # 37
bhabha2npb[0,1,0,1,2,0,0,0,0] # 26
bhabha2npb[0,0,0,1,2,1,0,0,0] # 56
bhabha2npb[1,1,0,0,2,0,0,0,0] # 19
bhabha2npb[2,1,0,0,1,0,0,0,0] # 19
bhabha2npb[0,0,1,1,2,0,0,0,0] # 28
bhabha2npb[0,0,2,1,1,0,0,0,0] # 28
bhabha2npb[1,0,1,0,2,0,0,0,0] # 21
bhabha2npb[1,0,2,0,1,0,0,0,0] # 21
bhabha2npb[1,1,1,0,0,1,0,0,0] # 39
bhabha2npb[0,1,0,1,2,1,0,0,0] # 58
bhabha2npb[1,1,0,1,2,0,0,0,0] # 27
bhabha2npb[0,1,1,1,2,0,0,0,0] # 30
bhabha2npb[0,1,2,1,1,0,0,0,0] # 30
bhabha2npb[0,0,1,1,2,1,0,0,0] # 60
bhabha2npb[0,0,2,1,1,1,0,0,0] # 60
bhabha2npb[1,1,1,0,1,0,0,0,0] # 23
bhabha2npb[1,0,1,1,2,0,0,0,0] # 29
bhabha2npb[1,0,2,1,1,0,0,0,0] # 29
bhabha2npb[1,0,1,0,2,1,0,0,0] # 53
bhabha2npb[1,0,2,0,1,1,0,0,0] # 53
bhabha2npb[2,0,1,0,1,1,0,0,0] # 53
bhabha2npb[1,1,0,1,2,1,0,0,0] # 59
bhabha2npb[2,1,0,1,1,1,0,0,0] # 59
bhabha2npb[1,1,0,1,1,2,0,0,0] # 59
bhabha2npb[1,1,0,1,3,1,0,0,0] # 59
bhabha2npb[0,1,1,1,2,1,0,0,0] # 62
bhabha2npb[0,1,2,1,1,1,0,0,0] # 62
bhabha2npb[1,1,1,1,1,0,0,0,0] # 31
bhabha2npb[1,1,1,1,2,0,0,0,0] # 31
bhabha2npb[1,1,2,1,1,0,0,0,0] # 31
bhabha2npb[1,1,1,2,1,0,0,0,0] # 31
bhabha2npb[1,1,1,0,1,1,0,0,0] # 55
bhabha2npb[1,0,1,1,2,1,0,0,0] # 61
bhabha2npb[1,0,2,1,1,1,0,0,0] # 61
bhabha2npb[2,0,1,1,1,1,0,0,0] # 61
bhabha2npb[1,0,1,1,1,2,0,0,0] # 61
bhabha2npb[1,0,1,2,1,1,0,0,0] # 61
bhabha2npb[1,0,1,1,3,1,0,0,0] # 61
bhabha2npb[1,1,1,1,1,1,0,0,0] # 63
bhabha2npb[1,1,1,1,2,1,0,0,0] # 63
bhabha2npb[1,1,2,1,1,1,0,0,0] # 63
bhabha2npb[1,1,1,1,1,2,0,0,0] # 63
bhabha2npb[1,0,1,0,0,0,0,0,0] #  5
bhabha2npb[1,1,0,0,0,1,0,0,0] # 35
bhabha2npb[0,2,0,1,1,0,0,0,0] # 26
bhabha2npb[1,2,0,0,1,0,0,0,0] # 19
bhabha2npb[1,0,0,0,2,1,0,0,0] # 49
bhabha2npb[0,1,0,1,1,2,0,0,0] # 58
bhabha2npb[2,1,0,1,1,0,0,0,0] # 27
bhabha2npb[1,1,0,0,2,1,0,0,0] # 51
bhabha2npb[2,1,0,0,1,1,0,0,0] # 51
bhabha2npb[1,1,0,0,1,2,0,0,0] # 51
bhabha2npb[1,0,0,1,2,1,0,0,0] # 57
bhabha2npb[1,1,0,2,1,1,0,0,0] # 59
bhabha2npb[1,2,0,1,1,1,0,0,0] # 59
