488 10873586256782590264 2 5
3 7 5 8 6 
3 8 6 7 5 

481 6413133412181877370 2 5
6 8 0 5 7 
8 6 0 5 7 

496 15159478830403372626 4 5
5 7 4 8 6 
5 7 8 4 6 
7 5 4 8 6 
7 5 8 4 6 

482 4579361316129500289 2 5
5 7 1 6 8 
7 5 1 6 8 

472 4323769937847979480 2 5
3 7 8 4 6 
7 3 8 4 6 

451 2900192750043590143 1 5
0 7 1 6 8 

465 10797518652227121790 2 5
0 7 4 8 6 
0 7 8 4 6 

453 12793548461387048746 2 5
6 8 0 2 7 
8 6 0 2 7 

425 18341863361899434821 2 5
3 8 7 0 5 
8 3 7 0 5 

454 1560002834111704541 2 5
2 7 1 6 8 
7 2 1 6 8 

426 14487101468001313312 1 5
3 1 8 7 5 

440 12945076698413370687 1 5
3 8 4 7 5 

433 6720341602450111070 2 5
4 8 0 5 7 
8 4 0 5 7 

434 392989038128438156 2 5
5 7 1 4 8 
7 5 1 4 8 

422 7198735148424648000 2 5
1 8 7 2 5 
1 8 2 7 5 

397 9595670427903138036 2 5
3 8 7 0 2 
8 3 7 0 2 

398 6399919801106672932 1 5
3 1 8 7 2 

405 4609003939451406365 2 5
4 8 0 2 7 
8 4 0 2 7 

403 13398540842477373494 1 5
0 7 1 4 8 

406 17443941716167504307 2 5
2 7 1 4 8 
7 2 1 4 8 

376 15328798490196585461 4 5
3 5 4 8 6 
3 5 8 4 6 
5 3 4 8 6 
5 3 8 4 6 

361 4089391634165331530 1 5
3 0 5 6 8 

355 11891974627410948875 1 5
0 5 1 6 8 

369 2269809746250398308 2 5
0 5 4 8 6 
0 5 8 4 6 

357 11522366118784704195 2 5
6 8 0 2 5 
8 6 0 2 5 

358 4579361316129500289 2 5
2 5 1 6 8 
5 2 1 6 8 

331 2656300704100190709 1 5
0 3 1 6 8 

345 14121937200183157493 1 5
0 3 4 6 8 

339 13677150178954890587 1 5
0 1 6 4 8 

327 16515682288038163545 1 5
0 2 1 6 8 

341 514757801207525529 2 5
0 2 4 8 6 
0 2 8 4 6 

301 1221944606699905674 2 5
3 8 0 2 5 
8 3 0 2 5 

302 13305149213252506437 1 5
3 1 8 5 2 

307 1284098635393666718 1 5
0 5 1 4 8 

309 14949187666883084278 2 5
4 8 0 2 5 
8 4 0 2 5 

310 392989038128438156 2 5
2 5 1 4 8 
5 2 1 4 8 

283 7066307833605452208 1 5
0 3 1 4 8 

234 17145423586616707715 1 5
3 1 6 5 7 

279 7822739846065230461 1 5
0 2 1 4 8 

233 12337230442051984190 2 5
3 6 0 5 7 
6 3 0 5 7 

248 1765132965142321645 2 5
3 4 6 7 5 
3 7 5 4 6 

236 15328798490196585461 4 5
3 6 2 7 5 
3 6 7 2 5 
6 3 2 7 5 
6 3 7 2 5 

484 15159478830403372626 4 5
6 8 2 7 5 
6 8 7 2 5 
8 6 7 2 5 
8 6 2 7 5 

227 11485339522825415442 1 5
1 6 0 5 7 

241 6413133412181877370 2 5
4 6 0 5 7 
6 4 0 5 7 

244 15159478830403372626 4 5
4 6 2 7 5 
4 6 7 2 5 
6 4 2 7 5 
6 4 7 2 5 

242 3977318627545487380 2 5
5 7 1 6 4 
7 5 1 6 4 

230 844009769393059239 2 5
1 6 2 7 5 
1 6 7 2 5 

205 10824399131567225240 2 5
3 6 0 2 7 
6 3 0 2 7 

460 12945076698413370687 1 5
3 7 2 8 6 

203 10383278083720486006 1 5
3 1 6 0 7 

217 16910404275142213695 1 5
3 0 7 4 6 

218 14324147780988298368 2 5
3 7 1 6 4 
7 3 1 6 4 

206 2230367293743589585 1 5
3 1 6 2 7 

220 12945076698413370687 1 5
3 2 7 4 6 

468 143871076794329895 4 5
2 7 4 8 6 
2 7 8 4 6 
7 2 4 8 6 
7 2 8 4 6 

211 7605651062742460161 1 5
0 7 1 6 4 

213 12793548461387048746 2 5
4 6 0 2 7 
6 4 0 2 7 

214 13318080531566759780 2 5
2 7 1 6 4 
7 2 1 6 4 

428 4323769937847979480 2 5
3 8 7 2 5 
8 3 7 2 5 

171 1598198017358620727 1 5
1 3 5 0 7 

185 13558940954998551386 2 5
3 4 0 5 7 
4 3 0 5 7 

186 3052808397193190825 1 5
3 1 4 5 7 

174 17789258283438766508 1 5
1 3 5 2 7 

436 143871076794329895 4 5
4 8 7 2 5 
4 8 2 7 5 
8 4 7 2 5 
8 4 2 7 5 

179 6616224990957317607 1 5
1 4 0 5 7 

188 4323769937847979480 2 5
3 4 2 7 5 
4 3 2 7 5 

182 16334031723583977530 2 5
1 4 2 7 5 
1 4 7 2 5 

157 11576766832549483340 2 5
3 4 2 0 7 
4 3 2 0 7 

158 14686111556629978587 1 5
3 1 4 2 7 

412 2116756502251157976 4 5
3 2 7 8 4 
3 4 8 7 2 
3 7 2 4 8 
3 8 4 2 7 

155 10882497696124729540 1 5
3 1 4 0 7 

143 9993960567101085719 1 5
1 3 2 0 7 

364 1765132965142321645 2 5
3 2 5 8 6 
3 8 6 2 5 

107 16040129943222422974 1 5
3 1 6 5 0 

121 5449363542160026490 1 5
3 0 5 4 6 

109 7192307068428491233 2 5
3 6 0 2 5 
6 3 0 2 5 

122 4686285125174173843 2 5
3 5 1 6 4 
5 3 1 6 4 

124 10873586256782590264 2 5
3 2 5 4 6 
3 4 6 2 5 

110 8890581697067898918 1 5
3 1 6 5 2 

117 11522366118784704195 2 5
4 6 0 2 5 
6 4 0 2 5 

118 3977318627545487380 2 5
2 5 1 6 4 
5 2 1 6 4 

372 15159478830403372626 4 5
2 5 4 8 6 
2 5 8 4 6 
5 2 4 8 6 
5 2 8 4 6 

115 6931136020169662832 1 5
0 5 1 6 4 

348 4323769937847979480 2 5
2 3 4 8 6 
3 2 4 8 6 

91 11257069999241282653 1 5
0 3 1 6 4 

79 17224958103885809724 1 5
3 1 6 2 0 

94 4976883979189186308 2 5
2 3 1 4 6 
3 2 1 4 6 

93 7084421181349647866 1 5
3 2 0 4 6 

106 9177911088762288758 2 4
3 5 1 6 
5 3 1 6 

103 7250300446582551702 1 5
1 6 0 2 5 

360 179286298576043391 2 4
3 5 8 6 
5 3 8 6 

120 179286298576043391 2 4
3 5 4 6 
5 3 4 6 

108 179286298576043391 2 4
3 6 2 5 
6 3 2 5 

226 12288594747744249305 2 4
1 6 5 7 
1 6 7 5 

353 11793775621032305187 2 4
0 5 6 8 
0 5 8 6 

480 11459320056471732761 8 4
5 7 6 8 
5 7 8 6 
6 8 7 5 
6 8 5 7 
7 5 6 8 
7 5 8 6 
8 6 7 5 
8 6 5 7 

334 14944798473946623123 2 5
2 3 1 6 8 
3 2 1 6 8 

77 4276754821616856586 2 4
3 6 0 2 
6 3 0 2 

204 3364750820705448782 4 4
3 6 2 7 
3 6 7 2 
6 3 2 7 
6 3 7 2 

71 8866262228408020509 1 4
1 6 0 2 

198 11432557635371621338 2 4
1 6 2 7 
1 6 7 2 

325 14705954250819092296 2 4
0 2 6 8 
0 2 8 6 

92 1324427476534020738 2 4
2 3 4 6 
3 2 4 6 

83 7821065639958182759 1 4
0 1 6 4 

337 3789492243223121139 2 4
0 4 8 6 
0 8 4 6 

116 11459320056471732761 8 4
2 5 4 6 
2 5 6 4 
4 6 5 2 
4 6 2 5 
5 2 4 6 
5 2 6 4 
6 4 5 2 
6 4 2 5 

314 13594135148014827320 2 5
3 5 1 4 8 
5 3 1 4 8 

57 957931337721277990 2 4
3 4 0 5 
4 3 0 5 

184 10601132076907988804 2 4
3 4 7 5 
4 3 7 5 

58 10802396514267938305 2 4
3 5 1 4 
5 3 1 4 

102 12288594747744249305 2 4
1 6 5 2 
1 6 2 5 

99 8122513830657829460 1 4
1 6 0 5 

356 11459320056471732761 8 4
2 5 6 8 
2 5 8 6 
5 2 6 8 
5 2 8 6 
6 8 2 5 
6 8 5 2 
8 6 5 2 
8 6 2 5 

170 3604963490995638787 1 4
1 3 5 7 

297 3587327387865386636 2 4
3 8 0 5 
8 3 0 5 

167 1916946380304894061 1 5
1 0 2 5 7 

424 1324427476534020738 2 4
3 8 7 5 
8 3 7 5 

362 10105206450359827693 2 5
3 5 1 6 8 
5 3 1 6 8 

105 2343018368465491292 2 4
3 6 0 5 
6 3 0 5 

232 179286298576043391 2 4
3 6 7 5 
6 3 7 5 

46 7004702972961935419 1 4
1 3 5 2 

43 11463362224856657009 1 4
1 3 5 0 

300 10601132076907988804 2 4
3 8 2 5 
8 3 2 5 

178 6360605120071040097 2 4
1 4 5 7 
1 4 7 5 

305 5120451916799059020 2 4
0 5 4 8 
0 5 8 4 

432 7556829846088060811 4 4
4 8 7 5 
4 8 5 7 
8 4 7 5 
8 4 5 7 

166 2506011958774662217 2 4
1 2 7 5 
1 7 2 5 

113 11793775621032305187 2 4
0 5 4 6 
0 5 6 4 

240 11459320056471732761 8 4
4 6 5 7 
4 6 7 5 
5 7 6 4 
5 7 4 6 
6 4 5 7 
6 4 7 5 
7 5 6 4 
7 5 4 6 

54 6360605120071040097 2 4
1 4 2 5 
1 4 5 2 

51 813672689226336836 1 4
1 4 0 5 

308 7556829846088060811 4 4
4 8 5 2 
4 8 2 5 
8 4 5 2 
8 4 2 5 

154 13312223719028599295 2 4
3 7 1 4 
7 3 1 4 

281 4133534516236963880 1 4
0 3 4 8 

151 1727863529042599389 1 5
1 4 0 2 7 

408 1677071180347565230 2 4
3 7 8 4 
7 3 8 4 

15 13580951686635818309 1 4
1 3 2 0 

142 11025324576651510866 1 4
1 3 2 7 

269 8733758816773089534 2 4
3 8 0 2 
8 3 0 2 

89 2929641473205691711 1 4
0 3 4 6 

216 10601132076907988804 2 4
3 7 4 6 
7 3 4 6 

30 11761636407375004198 2 4
2 3 1 4 
3 2 1 4 

27 17520836294531004162 1 4
0 3 1 4 

284 1677071180347565230 2 4
2 3 4 8 
3 2 4 8 

313 7981997338102219792 1 5
3 0 5 4 8 

56 6906529405458791006 6 3
3 4 5 
3 5 4 
4 3 5 
4 5 3 
5 4 3 
5 3 4 

35 8870589664370843358 1 3
1 0 5 

419 2217502114175800340 1 5
1 8 0 5 7 

162 7698985776645440831 2 3
1 5 7 
1 7 5 

60 1324427476534020738 2 4
3 4 2 5 
4 3 2 5 

39 7066698401377267961 1 4
1 0 2 5 

296 6906529405458791006 6 3
3 5 8 
3 8 5 
5 3 8 
5 8 3 
8 5 3 
8 3 5 

299 9460127430288989494 1 5
3 1 8 5 0 

42 18054779487213094827 2 3
1 3 5 
1 5 3 

395 8480124281126883294 1 5
3 1 8 7 0 

138 10706753935364593016 2 3
1 3 7 
1 7 3 

265 9024781334079683429 2 3
0 3 8 
0 8 3 

67 965742767723270981 1 3
0 1 6 

321 3887233329888318402 2 3
0 6 8 
0 8 6 

25 2960999922919671982 2 3
0 3 4 
0 4 3 

409 3707833202702222451 1 5
3 8 4 7 0 

152 754205998099296360 6 3
3 4 7 
3 7 4 
4 3 7 
4 7 3 
7 4 3 
7 3 4 

285 3839147707701808833 1 5
3 2 0 4 8 

28 2728381371886174304 6 3
2 3 4 
2 4 3 
3 2 4 
3 4 2 
4 3 2 
4 2 3 

78 12907502260509506582 2 4
2 3 1 6 
3 2 1 6 

19 5007740016452963709 1 3
0 1 4 

273 14528258375710339284 2 3
0 4 8 
0 8 4 

7 14480636711240576365 1 3
1 0 2 

391 15950461754962451248 1 5
1 8 0 2 7 

134 12585292063867719537 2 3
1 2 7 
1 7 2 

150 8950438065344213768 2 4
1 4 2 7 
1 4 7 2 

23 3505427698879199852 1 4
1 4 0 2 

277 818929771311508147 2 4
0 2 4 8 
0 2 8 4 

11 10292841651336409809 1 3
1 0 3 

268 754205998099296360 6 3
2 3 8 
2 8 3 
3 2 8 
3 8 2 
8 3 2 
8 2 3 

271 2661640109751607502 1 5
3 1 8 2 0 

14 2512533711646785065 2 3
1 2 3 
1 3 2 

81 3887233329888318402 2 3
0 4 6 
0 6 4 

3 4236855264783094440 1 2
1 0 

392 2728381371886174304 6 3
3 7 8 
3 8 7 
7 3 8 
7 8 3 
8 7 3 
8 3 7 

135 12515459377138899134 1 4
1 0 2 7 

333 3046398956680840001 1 5
3 0 2 6 8 

76 6906529405458791006 6 3
2 3 6 
2 6 3 
3 2 6 
3 6 2 
6 3 2 
6 2 3 

332 10601132076907988804 2 4
2 3 8 6 
3 2 8 6 

75 10344337869698601586 1 4
0 3 1 6 

202 7627879991285580330 2 4
3 7 1 6 
7 3 1 6 

329 3015424281304798290 1 4
0 3 6 8 

199 5828295330155981180 1 5
1 6 0 2 7 

456 1324427476534020738 2 4
3 7 8 6 
7 3 8 6 

73 13494062746489767561 2 3
0 3 6 
0 6 3 

457 16986576564432340443 1 5
3 8 6 7 0 

200 6906529405458791006 6 3
3 6 7 
3 7 6 
6 3 7 
6 7 3 
7 6 3 
7 3 6 

131 737689079529690479 1 3
1 0 7 

295 4016199433668623319 1 5
1 8 0 2 5 

38 7698985776645440831 2 3
1 2 5 
1 5 2 

259 16421244571923190592 1 3
0 1 8 

286 14463169972624562395 2 5
2 3 1 4 8 
3 2 1 4 8 

29 6854251484048817638 2 4
3 4 2 0 
4 3 2 0 

156 1677071180347565230 2 4
3 4 2 7 
4 3 2 7 

85 14705954250819092296 2 4
0 2 4 6 
0 2 6 4 

212 7556829846088060811 4 4
2 7 6 4 
2 7 4 6 
7 2 6 4 
7 2 4 6 

404 13150025586414177241 8 4
2 7 4 8 
2 7 8 4 
4 8 7 2 
4 8 2 7 
7 2 4 8 
7 2 8 4 
8 4 7 2 
8 4 2 7 

147 3686931616721424075 1 4
1 4 0 7 

401 4799294649106893729 2 4
0 7 4 8 
0 7 8 4 

396 1677071180347565230 2 4
3 8 7 2 
8 3 7 2 

139 1565350835143733980 1 4
1 3 0 7 

393 15098044532755168553 2 4
3 8 7 0 
8 3 7 0 

410 17583430961032749130 2 5
3 7 1 8 4 
7 3 1 8 4 

153 1719569058278251867 2 4
3 4 0 7 
4 3 0 7 

163 10905397971312066986 1 4
1 0 5 7 

209 1995535728290144411 2 4
0 7 6 4 
0 7 4 6 

452 7556829846088060811 4 4
2 7 6 8 
2 7 8 6 
7 2 6 8 
7 2 8 6 

195 4129213112616867271 1 4
1 6 0 7 

449 1995535728290144411 2 4
0 7 6 8 
0 7 8 6 

458 18393396471712058470 2 5
3 7 1 8 6 
7 3 1 8 6 

201 4988529458437024395 2 4
3 6 0 7 
6 3 0 7 

263 8039361703429628773 1 4
1 8 0 2 

390 7150496180077738619 2 4
1 8 7 2 
1 8 2 7 

275 9693175048297952961 1 4
0 1 4 8 

270 6454475818174722824 2 4
2 3 1 8 
3 2 1 8 

267 3652460980897631469 1 4
0 3 1 8 

394 15804328657059468321 2 4
3 7 1 8 
7 3 1 8 

294 15896268698264125057 2 4
1 8 5 2 
1 8 2 5 

291 5894034248924805727 1 4
1 8 0 5 

418 15896268698264125057 2 4
1 8 7 5 
1 8 5 7 

298 11990769028644529110 2 4
3 5 1 8 
5 3 1 8 

323 8397117815438656412 1 4
0 1 6 8 

387 7332748021948415953 1 4
1 8 0 7 

62 14335385638262604182 1 5
3 1 4 2 5 

312 3364750820705448782 4 4
3 5 4 8 
3 5 8 4 
5 3 4 8 
5 3 8 4 

55 12948087890448138588 1 5
1 4 0 2 5 

31 891188237511252345 1 5
3 1 4 2 0 

61 12878530982463720560 2 5
3 4 2 0 5 
4 3 2 0 5 

47 12141027986641990243 1 5
1 3 5 2 0 

87 12934470916390288451 1 5
0 2 1 6 4 

316 12945076698413370687 1 5
3 4 8 2 5 

59 9480491179642867091 1 5
3 1 4 5 0 

