bhabha2pb[0,-1,1,0,0,0,0,0,0]*(8*a2)
bhabha2pb[0,0,1,0,0,0,0,0,-1]*(-16*a2)
bhabha2pb[0,0,1,0,0,0,0,0,0]*(-32*a2+8*a2*eta)
bhabha2pb[0,0,0,0,0,0,0,0,0]*(-8*a8-6*a5+8*a2+6*a6)
bhabha2pb[0,0,0,0,0,0,-1,1,0]*(-3*a7)
bhabha2pb[0,0,0,0,0,-1,0,1,0]*(5*a7)
bhabha2pb[-1,0,0,0,0,1,0,0,0]*(4*a5)
bhabha2pb[0,0,0,1,0,0,0,0,-1]*(8*a3)
bhabha2pb[0,-1,0,1,0,0,0,0,0]*(-5*a3)
bhabha2pb[0,0,0,0,0,1,-1,0,0]*(2*a5)
bhabha2pb[0,0,0,0,0,1,0,0,0]*(8*a5)
bhabha2pb[0,-1,0,0,0,0,0,0,1]*(6*a8)
bhabha2pb[0,0,-1,1,0,0,0,0,0]*(-3*a3)
bhabha2pb[0,0,0,0,0,0,0,0,1]*(6*a8*eta)
bhabha2pb[0,0,-1,0,0,0,0,0,1]*(2*a8)
bhabha2pb[0,0,0,1,0,0,0,0,0]*(-5*a3*eta+8*a3)
bhabha2pb[0,0,0,0,0,0,0,1,0]*(-4*a7)
bhabha2pb[-1,0,0,0,0,0,0,1,0]*(-2*a7)
bhabha2pb[-1,0,0,0,0,0,1,0,0]*(-4*a6)
bhabha2pb[0,0,0,0,0,0,1,0,0]*(-8*a6)
bhabha2pb[0,0,0,0,0,-1,1,0,0]*(-2*a6)

bhabha2pb[0,-1,1,0,0,0,0,0,0]*(-16*a2)
bhabha2pb[0,0,1,0,0,0,0,0,-1]*(8*a2)
bhabha2pb[0,0,1,0,0,0,0,0,0]*(-32*a2-16*a2*eta)
bhabha2pb[0,0,0,0,0,0,0,0,0]*(-3*a7+3*a8+3*a5-3*a3)
bhabha2pb[0,0,1,-1,0,0,0,0,0]*(8*a2)
bhabha2pb[-1,0,0,0,0,0,0,1,0]*(5*a7)
bhabha2pb[-1,0,0,0,0,1,0,0,0]*(-5*a5)
bhabha2pb[0,-1,0,1,0,0,0,0,0]*(5*a3)
bhabha2pb[0,0,0,0,0,0,1,-1,0]*(6*a6)
bhabha2pb[0,0,0,0,0,1,0,-1,0]*(2*a5)
bhabha2pb[0,0,0,0,0,1,0,0,0]*(-10*a5)
bhabha2pb[0,-1,0,0,0,0,0,0,1]*(-5*a8)
bhabha2pb[0,0,0,1,0,0,0,0,0]*(5*a3*eta+10*a3)
bhabha2pb[0,0,0,0,0,0,0,0,1]*(-5*a8*eta-10*a8)
bhabha2pb[0,0,0,0,0,0,1,0,0]*(-22*a6)
bhabha2pb[0,0,0,-1,0,0,0,0,1]*(2*a8)
bhabha2pb[-1,0,0,0,0,0,1,0,0]*(-11*a6)
bhabha2pb[0,0,0,1,0,0,0,0,-1]*(-2*a3)
bhabha2pb[0,0,0,0,0,-1,0,1,0]*(-2*a7)
bhabha2pb[0,0,0,0,0,-1,1,0,0]*(5*a6)
bhabha2pb[0,0,0,0,0,0,0,1,0]*(10*a7)

bhabha2pb[0,0,0,0,0,0,0,0,0]*(-5*a7-3*a8+8*a2+5*a6-5*a3)
bhabha2pb[0,0,1,0,0,0,0,0,-1]*(-8*a2)
bhabha2pb[0,0,1,0,0,0,0,0,0]*(-64*a2-8*a2*eta)
bhabha2pb[0,-1,1,0,0,0,0,0,0]*(-8*a2)
bhabha2pb[0,0,1,-1,0,0,0,0,0]*(8*a2)
bhabha2pb[-1,0,0,0,0,0,0,1,0]*(7*a7)
bhabha2pb[-1,0,0,0,0,1,0,0,0]*(-9*a5)
bhabha2pb[0,0,0,0,0,1,-1,0,0]*(3*a5)
bhabha2pb[0,0,0,0,0,1,0,0,0]*(-18*a5)
bhabha2pb[0,0,0,0,0,0,1,-1,0]*(2*a6)
bhabha2pb[0,0,0,0,0,1,0,-1,0]*(6*a5)
bhabha2pb[-1,0,0,0,0,0,1,0,0]*(-7*a6)
bhabha2pb[0,0,-1,0,0,0,0,0,1]*(3*a8)
bhabha2pb[0,0,0,0,0,0,1,0,0]*(-14*a6)
bhabha2pb[0,-1,0,0,0,0,0,0,1]*(-6*a8)
bhabha2pb[0,0,0,-1,0,0,0,0,1]*(6*a8)
bhabha2pb[0,0,0,0,0,0,0,0,1]*(-6*a8*eta-30*a8)
bhabha2pb[0,0,0,0,0,0,0,1,0]*(14*a7)
bhabha2pb[0,0,0,1,0,0,0,0,0]*(5*a3*eta+22*a3)
bhabha2pb[0,-1,0,1,0,0,0,0,0]*(5*a3)
bhabha2pb[0,0,0,1,0,0,0,0,-1]*(2*a3)
bhabha2pb[0,0,-1,1,0,0,0,0,0]*(-2*a3)
bhabha2pb[0,0,0,0,0,0,-1,1,0]*(-2*a7)

