bhabha2pb[1,0,-1,0,0,0,0,0,0]*(-16*a0)
bhabha2pb[1,0,0,-1,0,0,0,0,0]*(8*a0)
bhabha2pb[1,0,0,0,0,0,0,0,0]*(8*eta*a0-40*a0)
bhabha2pb[0,0,0,0,0,0,0,0,0]*(6*a7-8*a2-6*a6+8*a0)
bhabha2pb[0,0,0,0,0,0,0,0,1]*(-4*a8)
bhabha2pb[0,0,0,0,0,0,-1,0,1]*(5*a8)
bhabha2pb[0,0,-1,0,0,1,0,0,0]*(8*a5)
bhabha2pb[0,0,1,-1,0,0,0,0,0]*(6*a2)
bhabha2pb[0,0,1,0,0,0,0,0,0]*(2*a2*eta-6*a2)
bhabha2pb[-1,0,1,0,0,0,0,0,0]*(2*a2)
bhabha2pb[-1,0,0,0,0,1,0,0,0]*(-3*a5)
bhabha2pb[0,0,0,0,0,0,0,1,0]*(-8*a7)
bhabha2pb[0,-1,0,0,0,0,1,0,0]*(4*a6)
bhabha2pb[0,0,0,0,0,1,0,0,0]*(13*a5-3*a5*eta)
bhabha2pb[0,0,0,0,0,0,-1,1,0]*(-2*a7)
bhabha2pb[0,0,0,0,0,0,1,-1,0]*(2*a6)
bhabha2pb[0,0,0,0,0,0,1,0,0]*(8*a6)
bhabha2pb[0,0,0,0,0,0,0,-1,1]*(-3*a8)
bhabha2pb[0,-1,0,0,0,0,0,1,0]*(-4*a7)
bhabha2pb[0,-1,0,0,0,0,0,0,1]*(-2*a8)
bhabha2pb[0,0,0,-1,0,1,0,0,0]*(-5*a5)

bhabha2pb[1,0,-1,0,0,0,0,0,0]*(8*a0)
bhabha2pb[1,0,0,-1,0,0,0,0,0]*(-16*a0)
bhabha2pb[1,0,0,0,0,0,0,0,0]*(-16*a0)
bhabha2pb[0,-1,0,0,0,0,0,0,1]*(5*a8)
bhabha2pb[1,0,0,0,0,-1,0,0,0]*(8*a0)
bhabha2pb[0,0,0,-1,0,1,0,0,0]*(5*a5)
bhabha2pb[0,0,0,0,0,0,0,0,0]*(-3*a8-3*a5+3*a2+3*a6)
bhabha2pb[0,0,1,-1,0,0,0,0,0]*(-5*a2)
bhabha2pb[0,0,1,0,0,0,0,0,0]*(-5*a2)
bhabha2pb[0,-1,0,0,0,0,0,1,0]*(-11*a7)
bhabha2pb[0,0,1,0,0,-1,0,0,0]*(2*a2)
bhabha2pb[0,0,0,0,0,0,0,1,0]*(-22*a7)
bhabha2pb[0,-1,0,0,0,0,1,0,0]*(-5*a6)
bhabha2pb[0,0,-1,0,0,1,0,0,0]*(-2*a5)
bhabha2pb[0,0,0,0,0,0,0,1,-1]*(6*a7)
bhabha2pb[0,0,0,0,0,0,1,0,-1]*(2*a6)
bhabha2pb[0,0,0,0,0,0,1,0,0]*(-10*a6)
bhabha2pb[0,0,0,0,0,0,-1,1,0]*(5*a7)
bhabha2pb[0,0,0,0,0,0,0,0,1]*(10*a8)
bhabha2pb[0,0,0,0,0,1,0,0,0]*(5*a5)
bhabha2pb[0,0,0,0,0,0,-1,0,1]*(-2*a8)

bhabha2pb[0,0,0,0,0,0,0,0,0]*(5*a7-5*a8-5*a5-3*a2+8*a0)
bhabha2pb[1,0,-1,0,0,0,0,0,0]*(-8*a0)
bhabha2pb[1,0,0,0,0,0,0,0,0]*(8*eta*a0-56*a0)
bhabha2pb[1,0,0,-1,0,0,0,0,0]*(-8*a0)
bhabha2pb[1,0,0,0,0,-1,0,0,0]*(8*a0)
bhabha2pb[0,-1,0,0,0,0,0,0,1]*(7*a8)
bhabha2pb[-1,0,1,0,0,0,0,0,0]*(3*a2)
bhabha2pb[0,0,0,0,0,0,0,1,0]*(-14*a7)
bhabha2pb[0,0,1,0,0,0,0,0,0]*(3*a2*eta-24*a2)
bhabha2pb[0,0,1,-1,0,0,0,0,0]*(-6*a2)
bhabha2pb[0,0,1,0,0,-1,0,0,0]*(6*a2)
bhabha2pb[0,0,0,0,0,0,0,1,-1]*(2*a7)
bhabha2pb[0,-1,0,0,0,0,1,0,0]*(-9*a6)
bhabha2pb[0,0,0,0,0,0,1,-1,0]*(3*a6)
bhabha2pb[0,0,0,0,0,0,1,0,0]*(-18*a6)
bhabha2pb[0,-1,0,0,0,0,0,1,0]*(-7*a7)
bhabha2pb[0,0,0,0,0,0,1,0,-1]*(6*a6)
bhabha2pb[0,0,0,0,0,0,0,-1,1]*(-2*a8)
bhabha2pb[0,0,0,0,0,0,0,0,1]*(14*a8)
bhabha2pb[0,0,0,0,0,1,0,0,0]*(17*a5-2*a5*eta)
bhabha2pb[0,0,0,-1,0,1,0,0,0]*(5*a5)
bhabha2pb[0,0,-1,0,0,1,0,0,0]*(2*a5)
bhabha2pb[-1,0,0,0,0,1,0,0,0]*(-2*a5)

