2689 12226927259042639865 6 4
0 7 9 11 
0 7 11 9 
0 9 7 11 
0 9 11 7 
0 11 9 7 
0 11 7 9 

2272 6550893481700717309 6 4
11 6 7 5 
11 6 5 7 
11 7 6 5 
11 7 5 6 
11 5 7 6 
11 5 6 7 

2307 14360119208267675 2 4
1 0 8 11 
1 0 11 8 

2130 8623097159091425658 6 4
1 4 6 11 
1 4 11 6 
1 6 4 11 
1 6 11 4 
1 11 6 4 
1 11 4 6 

2115 4228849004259436581 2 4
1 0 6 11 
1 0 11 6 

2122 11768553866553226221 2 4
1 11 6 3 
1 11 3 6 

2074 6502632244296645711 6 4
1 3 4 11 
1 3 11 4 
1 4 3 11 
1 4 11 3 
1 11 4 3 
1 11 3 4 

2179 2156156503614621858 2 4
0 1 7 11 
0 1 11 7 

1176 16493867128980194667 24 4
3 4 7 10 
3 4 10 7 
3 7 4 10 
3 7 10 4 
3 10 7 4 
3 10 4 7 
4 3 7 10 
4 3 10 7 
4 7 3 10 
4 7 10 3 
4 10 7 3 
4 10 3 7 
7 4 3 10 
7 4 10 3 
7 3 4 10 
7 3 10 4 
7 10 3 4 
7 10 4 3 
10 4 7 3 
10 4 3 7 
10 7 4 3 
10 7 3 4 
10 3 7 4 
10 3 4 7 

2059 14618944569204767903 2 4
1 0 3 11 
1 0 11 3 

1217 3093822938357887055 6 4
0 6 7 10 
0 6 10 7 
0 7 6 10 
0 7 10 6 
0 10 7 6 
0 10 6 7 

1224 3284019631358231332 4 4
7 10 3 6 
7 10 6 3 
10 7 6 3 
10 7 3 6 

1161 13265887374582139811 6 4
0 3 7 10 
0 3 10 7 
0 7 3 10 
0 7 10 3 
0 10 7 3 
0 10 3 7 

864 16493867128980194667 24 4
5 6 8 9 
5 6 9 8 
5 8 6 9 
5 8 9 6 
5 9 8 6 
5 9 6 8 
6 5 8 9 
6 5 9 8 
6 8 5 9 
6 8 9 5 
6 9 8 5 
6 9 5 8 
8 6 5 9 
8 6 9 5 
8 5 6 9 
8 5 9 6 
8 9 5 6 
8 9 6 5 
9 6 8 5 
9 6 5 8 
9 8 6 5 
9 8 5 6 
9 5 8 6 
9 5 6 8 

1128 13867241296164129531 4 4
5 10 6 3 
5 10 3 6 
10 5 6 3 
10 5 3 6 

3168 16843014019913416440 24 4
5 6 10 11 
5 6 11 10 
5 10 6 11 
5 10 11 6 
5 11 10 6 
5 11 6 10 
6 5 10 11 
6 5 11 10 
6 10 5 11 
6 10 11 5 
6 11 10 5 
6 11 5 10 
10 6 5 11 
10 6 11 5 
10 5 6 11 
10 5 11 6 
10 11 5 6 
10 11 6 5 
11 6 10 5 
11 6 5 10 
11 10 6 5 
11 10 5 6 
11 5 10 6 
11 5 6 10 

2224 16493867128980194667 24 4
4 5 7 11 
4 5 11 7 
4 7 5 11 
4 7 11 5 
4 11 7 5 
4 11 5 7 
5 4 7 11 
5 4 11 7 
5 7 4 11 
5 7 11 4 
5 11 7 4 
5 11 4 7 
7 5 4 11 
7 5 11 4 
7 4 5 11 
7 4 11 5 
7 11 4 5 
7 11 5 4 
11 5 7 4 
11 5 4 7 
11 7 5 4 
11 7 4 5 
11 4 7 5 
11 4 5 7 

808 16843014019913416440 24 4
3 5 8 9 
3 5 9 8 
3 8 5 9 
3 8 9 5 
3 9 8 5 
3 9 5 8 
5 3 8 9 
5 3 9 8 
5 8 3 9 
5 8 9 3 
5 9 8 3 
5 9 3 8 
8 5 3 9 
8 5 9 3 
8 3 5 9 
8 3 9 5 
8 9 3 5 
8 9 5 3 
9 5 8 3 
9 5 3 8 
9 8 5 3 
9 8 3 5 
9 3 8 5 
9 3 5 8 

195 6938978564430777544 2 4
1 0 6 7 
1 0 7 6 

139 6539929932915923886 2 4
1 0 3 7 
1 0 7 3 

2055 13811521922795830646 2 4
1 0 2 11 
1 0 11 2 

226 13343782427266514212 6 4
1 5 6 7 
1 5 7 6 
1 6 5 7 
1 6 7 5 
1 7 6 5 
1 7 5 6 

135 5907243364192237488 2 4
0 1 2 7 
0 1 7 2 

165 3093822938357887055 6 4
0 2 5 7 
0 2 7 5 
0 5 2 7 
0 5 7 2 
0 7 5 2 
0 7 2 5 

106 9367776773091008077 2 4
1 5 3 6 
1 5 6 3 

1157 13872880161774514149 6 4
0 2 7 10 
0 2 10 7 
0 7 2 10 
0 7 10 2 
0 10 7 2 
0 10 2 7 

154 11311692471758655814 6 4
1 3 4 7 
1 3 7 4 
1 4 3 7 
1 4 7 3 
1 7 4 3 
1 7 3 4 

705 13265887374582139811 6 4
0 6 7 9 
0 6 9 7 
0 7 6 9 
0 7 9 6 
0 9 7 6 
0 9 6 7 

102 11311692471758655814 6 4
1 2 5 6 
1 2 6 5 
1 5 2 6 
1 5 6 2 
1 6 5 2 
1 6 2 5 

15 4617751471405348304 2 4
1 0 2 3 
1 0 3 2 

75 7765150455381749427 2 4
1 0 3 6 
1 0 6 3 

46 11311692471758655814 6 4
1 2 3 5 
1 2 5 3 
1 3 2 5 
1 3 5 2 
1 5 3 2 
1 5 2 3 

2209 13265887374582139811 6 4
0 5 7 11 
0 5 11 7 
0 7 5 11 
0 7 11 5 
0 11 7 5 
0 11 5 7 

616 14235802879599606453 4 4
5 9 6 3 
5 9 3 6 
9 5 6 3 
9 5 3 6 

225 18184403055719772117 6 4
0 5 6 7 
0 5 7 6 
0 6 5 7 
0 6 7 5 
0 7 6 5 
0 7 5 6 

1124 9787307155083580879 24 4
2 5 6 10 
2 5 10 6 
2 6 5 10 
2 6 10 5 
2 10 6 5 
2 10 5 6 
5 2 6 10 
5 2 10 6 
5 6 2 10 
5 6 10 2 
5 10 6 2 
5 10 2 6 
6 5 2 10 
6 5 10 2 
6 2 5 10 
6 2 10 5 
6 10 2 5 
6 10 5 2 
10 5 6 2 
10 5 2 6 
10 6 5 2 
10 6 2 5 
10 2 6 5 
10 2 5 6 

298 11311692471758655814 6 4
1 3 5 8 
1 3 8 5 
1 5 3 8 
1 5 8 3 
1 8 5 3 
1 8 3 5 

267 14618944569204767903 2 4
1 0 3 8 
1 0 8 3 

210 11311692471758655814 6 4
1 4 6 7 
1 4 7 6 
1 6 4 7 
1 6 7 4 
1 7 6 4 
1 7 4 6 

387 5907243364192237488 2 4
0 1 7 8 
0 1 8 7 

354 11311692471758655814 6 4
1 5 6 8 
1 5 8 6 
1 6 5 8 
1 6 8 5 
1 8 6 5 
1 8 5 6 

649 3093822938357887055 6 4
0 3 7 9 
0 3 9 7 
0 7 3 9 
0 7 9 3 
0 9 7 3 
0 9 3 7 

323 4617751471405348304 2 4
1 0 6 8 
1 0 8 6 

736 6550893481700717309 6 4
9 6 7 5 
9 6 5 7 
9 7 6 5 
9 7 5 6 
9 5 7 6 
9 5 6 7 

2146 11273311492949096519 6 4
1 5 6 11 
1 5 11 6 
1 6 5 11 
1 6 11 5 
1 11 6 5 
1 11 5 6 

1320 9787307155083580879 24 4
3 5 8 10 
3 5 10 8 
3 8 5 10 
3 8 10 5 
3 10 8 5 
3 10 5 8 
5 3 8 10 
5 3 10 8 
5 8 3 10 
5 8 10 3 
5 10 8 3 
5 10 3 8 
8 5 3 10 
8 5 10 3 
8 3 5 10 
8 3 10 5 
8 10 3 5 
8 10 5 3 
10 5 8 3 
10 5 3 8 
10 8 5 3 
10 8 3 5 
10 3 8 5 
10 3 5 8 

612 16843014019913416440 24 4
2 5 6 9 
2 5 9 6 
2 6 5 9 
2 6 9 5 
2 9 6 5 
2 9 5 6 
5 2 6 9 
5 2 9 6 
5 6 2 9 
5 6 9 2 
5 9 6 2 
5 9 2 6 
6 5 2 9 
6 5 9 2 
6 2 5 9 
6 2 9 5 
6 9 2 5 
6 9 5 2 
9 5 6 2 
9 5 2 6 
9 6 5 2 
9 6 2 5 
9 2 6 5 
9 2 5 6 

2090 16662186294716879721 6 4
1 3 5 11 
1 3 11 5 
1 5 3 11 
1 5 11 3 
1 11 5 3 
1 11 3 5 

202 9367776773091008077 2 4
1 7 6 3 
1 7 3 6 

556 16493867128980194667 24 4
2 3 5 9 
2 3 9 5 
2 5 3 9 
2 5 9 3 
2 9 5 3 
2 9 3 5 
3 2 5 9 
3 2 9 5 
3 5 2 9 
3 5 9 2 
3 9 5 2 
3 9 2 5 
5 3 2 9 
5 3 9 2 
5 2 3 9 
5 2 9 3 
5 9 2 3 
5 9 3 2 
9 3 5 2 
9 3 2 5 
9 5 3 2 
9 5 2 3 
9 2 5 3 
9 2 3 5 

2600 11260338356613486656 24 4
3 5 9 11 
3 5 11 9 
3 9 5 11 
3 9 11 5 
3 11 9 5 
3 11 5 9 
5 3 9 11 
5 3 11 9 
5 9 3 11 
5 9 11 3 
5 11 9 3 
5 11 3 9 
9 5 3 11 
9 5 11 3 
9 3 5 11 
9 3 11 5 
9 11 3 5 
9 11 5 3 
11 5 9 3 
11 5 3 9 
11 9 5 3 
11 9 3 5 
11 3 9 5 
11 3 5 9 

417 11375329596411982627 6 4
0 5 7 8 
0 5 8 7 
0 7 5 8 
0 7 8 5 
0 8 7 5 
0 8 5 7 

712 3284019631358231332 4 4
7 9 3 6 
7 9 6 3 
9 7 6 3 
9 7 3 6 

720 16493867128980194667 24 4
4 6 7 9 
4 6 9 7 
4 7 6 9 
4 7 9 6 
4 9 7 6 
4 9 6 7 
6 4 7 9 
6 4 9 7 
6 7 4 9 
6 7 9 4 
6 9 7 4 
6 9 4 7 
7 6 4 9 
7 6 9 4 
7 4 6 9 
7 4 9 6 
7 9 4 6 
7 9 6 4 
9 6 7 4 
9 6 4 7 
9 7 6 4 
9 7 4 6 
9 4 7 6 
9 4 6 7 

71 14618944569204767903 2 4
1 0 2 6 
1 0 6 2 

897 13872880161774514149 6 4
0 7 8 9 
0 7 9 8 
0 8 7 9 
0 8 9 7 
0 9 8 7 
0 9 7 8 

