mercedes[0,0,0,0,0,0,0,0,0,0,0,0]*(-a5-a3-a6-a0-2*a4+d)
mercedes[1,0,0,0,-1,0,0,0,0,0,0,0]*(-a0)
mercedes[1,0,0,0,0,0,0,0,0,0,0,0]*(-a0*eta+a0)
mercedes[0,0,-1,1,0,0,0,0,0,0,0,0]*(a3)
mercedes[0,0,0,0,0,0,1,0,-1,0,0,0]*(a6)
mercedes[0,0,0,1,-1,0,0,0,0,0,0,0]*(-a3)
mercedes[0,0,0,0,-1,0,1,0,0,0,0,0]*(-a6)
mercedes[0,-1,0,0,0,1,0,0,0,0,0,0]*(a5)
mercedes[0,0,0,0,-1,1,0,0,0,0,0,0]*(-a5)
mercedes[0,0,0,0,0,1,0,0,0,0,0,0]*(a5)

mercedes[0,0,0,0,0,0,0,0,0,0,0,0]*(-a5-a9-a10-a7-2*a1+d)
mercedes[0,1,0,0,0,0,0,0,0,0,0,0]*(-2*a1)
mercedes[0,-1,0,0,0,1,0,0,0,0,0,0]*(-a5)
mercedes[0,0,0,0,-1,1,0,0,0,0,0,0]*(a5)
mercedes[0,0,0,0,0,0,0,0,0,0,1,0]*(-a10)
mercedes[0,0,0,0,0,1,0,0,0,0,0,0]*(-a5)
mercedes[0,-1,0,0,0,0,0,1,0,0,0,0]*(-a7)
mercedes[0,-1,0,0,0,0,0,0,0,0,1,0]*(-a10)
mercedes[0,0,0,0,0,0,0,1,-1,0,0,0]*(a7)
mercedes[0,0,0,0,0,0,0,1,0,0,0,0]*(-a7)
mercedes[0,-1,0,0,0,0,0,0,0,1,0,0]*(-a9)

mercedes[0,0,0,0,0,0,0,0,0,0,0,0]*(-a11-2*a8-a2-a6-a7+d)
mercedes[0,0,1,0,0,0,0,0,-1,0,0,0]*(-a2)
mercedes[0,0,-1,1,0,0,0,0,0,0,0,0]*(-a3)
mercedes[0,0,0,1,-1,0,0,0,0,0,0,0]*(-a3)
mercedes[0,0,0,1,0,0,-1,0,0,0,0,0]*(a3)
mercedes[0,0,0,1,0,0,0,0,-1,0,0,0]*(-2*a3)
mercedes[0,0,0,0,-1,0,1,0,0,0,0,0]*(a6)
mercedes[0,0,0,0,0,0,0,0,0,0,0,1]*(a11)
mercedes[0,0,0,0,0,0,1,0,-1,0,0,0]*(-a6)
mercedes[0,-1,0,0,0,0,0,1,0,0,0,0]*(a7)
mercedes[0,0,0,0,0,0,0,0,-1,0,0,1]*(-a11)
mercedes[0,0,0,0,0,0,0,1,-1,0,0,0]*(-a7)
mercedes[0,0,0,0,0,0,0,1,0,0,0,0]*(a7)

mercedes[0,0,0,0,0,0,0,0,0,0,0,0]*(-a9+a1)
mercedes[0,1,0,0,0,0,0,0,0,-1,0,0]*(-a1)
mercedes[0,1,0,0,0,0,0,0,0,0,0,0]*(2*a1)
mercedes[-1,0,0,0,0,1,0,0,0,0,0,0]*(-a5)
mercedes[0,-1,0,0,0,1,0,0,0,0,0,0]*(a5)
mercedes[0,0,0,0,-1,1,0,0,0,0,0,0]*(a5)
mercedes[0,0,0,0,0,1,0,0,0,-1,0,0]*(-a5)
mercedes[0,0,0,0,0,1,0,0,0,0,0,0]*(3*a5-a5*eta)
mercedes[0,-1,0,0,0,0,0,1,0,0,0,0]*(a7)
mercedes[0,0,0,0,0,0,0,1,-1,0,0,0]*(a7)
mercedes[0,0,0,0,0,0,0,1,0,-1,0,0]*(-a7)
mercedes[0,0,0,0,0,0,0,1,0,0,0,-1]*(-a7)
mercedes[0,0,0,0,0,0,0,1,0,0,0,0]*(3*a7)
mercedes[0,-1,0,0,0,0,0,0,0,1,0,0]*(a9)
mercedes[0,0,0,0,0,0,0,0,0,0,1,0]*(3*a10)
mercedes[0,-1,0,0,0,0,0,0,0,0,1,0]*(a10)
mercedes[0,0,0,0,0,0,0,0,0,-1,1,0]*(-a10)

mercedes[0,0,0,0,0,0,0,0,0,0,0,0]*(a8-a2+a3-a6)
mercedes[0,0,1,-1,0,0,0,0,0,0,0,0]*(a2)
mercedes[0,0,1,0,-1,0,0,0,0,0,0,0]*(-a2)
mercedes[0,0,-1,1,0,0,0,0,0,0,0,0]*(-a3)
mercedes[0,0,0,0,0,0,0,0,0,0,0,1]*(a11-a11*eta)
mercedes[0,0,0,1,-1,0,0,0,0,0,0,0]*(a3)
mercedes[0,0,0,0,-1,0,1,0,0,0,0,0]*(-a6)
mercedes[0,0,0,0,0,0,0,0,-1,0,0,1]*(a11)
mercedes[0,0,0,0,0,0,1,0,-1,0,0,0]*(a6)
mercedes[0,-1,0,0,0,0,0,1,0,0,0,0]*(a7)
mercedes[0,0,0,0,-1,0,0,1,0,0,0,0]*(2*a7)
mercedes[0,0,0,0,0,-1,0,1,0,0,0,0]*(-a7)
mercedes[0,0,0,0,0,0,-1,1,0,0,0,0]*(-a7)
mercedes[0,0,0,0,0,0,0,1,-1,0,0,0]*(a7)
mercedes[0,0,0,0,0,0,0,1,0,0,0,0]*(a7)
mercedes[0,0,0,0,-1,0,0,0,1,0,0,0]*(a8)
mercedes[0,0,0,0,0,0,-1,0,1,0,0,0]*(-a8)
mercedes[0,0,0,0,0,0,-1,0,0,0,0,1]*(-a11)
mercedes[-1,0,0,0,0,0,0,0,0,0,0,1]*(-a11)
mercedes[0,0,0,0,-1,0,0,0,0,0,0,1]*(2*a11)

mercedes[1,0,0,0,-1,0,0,0,0,0,0,0]*(a0)
mercedes[1,0,0,0,0,0,-1,0,0,0,0,0]*(-a0)
mercedes[1,0,0,0,0,0,0,0,-1,0,0,0]*(2*a0)
mercedes[1,0,0,0,0,0,0,0,0,0,0,-1]*(-a0)
mercedes[1,0,0,0,0,0,0,0,0,0,0,0]*(a0)
mercedes[0,0,-1,1,0,0,0,0,0,0,0,0]*(a3)
mercedes[0,0,0,1,-1,0,0,0,0,0,0,0]*(a3)
mercedes[0,0,0,1,0,0,-1,0,0,0,0,0]*(-a3)
mercedes[0,0,0,1,0,0,0,0,-1,0,0,0]*(2*a3)
mercedes[0,0,0,0,0,0,0,0,0,0,0,0]*(-a6+a4)
mercedes[0,0,0,0,1,0,-1,0,0,0,0,0]*(-a4)
mercedes[0,0,0,0,1,0,0,0,-1,0,0,0]*(a4)
mercedes[0,-1,0,0,0,1,0,0,0,0,0,0]*(a5)
mercedes[0,0,0,0,-1,1,0,0,0,0,0,0]*(a5)
mercedes[0,0,0,0,0,1,-1,0,0,0,0,0]*(-a5)
mercedes[0,0,0,0,0,1,0,-1,0,0,0,0]*(-a5)
mercedes[0,0,0,0,0,1,0,0,-1,0,0,0]*(2*a5)
mercedes[0,0,0,0,0,1,0,0,0,0,0,0]*(a5)
mercedes[0,0,0,0,-1,0,1,0,0,0,0,0]*(a6)
mercedes[0,0,0,0,0,0,1,0,-1,0,0,0]*(-a6)

mercedes[0,0,0,0,0,0,0,0,0,0,0,0]*(-a0+a4)
mercedes[1,0,0,0,-1,0,0,0,0,0,0,0]*(a0)
mercedes[1,0,0,0,0,0,0,0,0,0,0,0]*(-a0*eta-a0)
mercedes[-1,0,0,1,0,0,0,0,0,0,0,0]*(-a3)
mercedes[0,0,0,1,-1,0,0,0,0,0,0,0]*(a3)
mercedes[0,0,0,1,0,0,0,0,-1,0,0,0]*(-a3)
mercedes[0,0,0,1,0,0,0,0,0,0,0,-1]*(a3)
mercedes[0,0,0,1,0,0,0,0,0,0,0,0]*(-a3-a3*eta)
mercedes[-1,0,0,0,1,0,0,0,0,0,0,0]*(-a4)
mercedes[0,0,0,0,0,0,1,0,0,0,0,0]*(-a6*eta+2*a6)
mercedes[0,0,0,0,1,0,0,0,0,0,0,0]*(a4-eta*a4)
mercedes[-1,0,0,0,0,1,0,0,0,0,0,0]*(-a5)
mercedes[0,-1,0,0,0,1,0,0,0,0,0,0]*(a5)
mercedes[0,0,0,0,-1,1,0,0,0,0,0,0]*(a5)
mercedes[0,0,0,0,0,1,0,0,0,-1,0,0]*(-a5)
mercedes[0,0,0,0,0,1,0,0,0,0,0,0]*(3*a5-a5*eta)
mercedes[-1,0,0,0,0,0,1,0,0,0,0,0]*(-a6)
mercedes[0,0,0,0,-1,0,1,0,0,0,0,0]*(a6)
mercedes[0,0,0,0,0,0,1,0,-1,0,0,0]*(a6)
mercedes[0,0,0,0,0,0,1,0,0,0,0,-1]*(-a6)

mercedes[0,0,0,0,0,0,0,0,0,0,0,0]*(-a10+a1)
mercedes[0,1,0,0,0,0,0,0,0,0,-1,0]*(-a1)
mercedes[0,1,0,0,0,0,0,0,0,0,0,0]*(a1)
mercedes[-1,0,0,0,0,1,0,0,0,0,0,0]*(a5)
mercedes[0,-1,0,0,0,1,0,0,0,0,0,0]*(a5)
mercedes[0,0,-1,0,0,1,0,0,0,0,0,0]*(a5)
mercedes[0,0,0,-1,0,1,0,0,0,0,0,0]*(-a5)
mercedes[0,0,0,0,-1,1,0,0,0,0,0,0]*(a5)
mercedes[0,0,0,0,0,1,-1,0,0,0,0,0]*(-a5)
mercedes[0,0,0,0,0,1,0,0,-1,0,0,0]*(a5)
mercedes[0,0,0,0,0,1,0,0,0,0,-1,0]*(-a5)
mercedes[0,0,0,0,0,1,0,0,0,0,0,0]*(a5*eta)
mercedes[0,-1,0,0,0,0,0,1,0,0,0,0]*(a7)
mercedes[0,0,-1,0,0,0,0,1,0,0,0,0]*(a7)
mercedes[0,0,0,0,0,0,0,1,-1,0,0,0]*(-2*a7)
mercedes[0,0,0,0,0,0,0,1,0,0,-1,0]*(-a7)
mercedes[0,0,0,0,0,0,0,1,0,0,0,-1]*(a7)
mercedes[0,-1,0,0,0,0,0,0,0,1,0,0]*(a9)
mercedes[0,0,0,0,0,0,0,0,0,1,-1,0]*(-a9)
mercedes[0,0,0,0,0,0,0,0,0,1,0,0]*(2*a9)
mercedes[0,-1,0,0,0,0,0,0,0,0,1,0]*(a10)
mercedes[0,0,0,0,0,0,0,0,0,0,1,0]*(a10)

mercedes[0,0,0,0,0,0,0,0,0,0,0,0]*(-a7+a1)
mercedes[0,1,0,0,0,0,0,-1,0,0,0,0]*(-a1)
mercedes[0,1,0,0,0,0,0,0,-1,0,0,0]*(a1)
mercedes[0,1,0,0,0,0,0,0,0,0,0,0]*(a1)
mercedes[0,-1,0,0,0,1,0,0,0,0,0,0]*(a5)
mercedes[0,0,0,0,-1,1,0,0,0,0,0,0]*(a5)
mercedes[0,0,0,0,0,1,-1,0,0,0,0,0]*(-a5)
mercedes[0,0,0,0,0,1,0,-1,0,0,0,0]*(-a5)
mercedes[0,0,0,0,0,1,0,0,-1,0,0,0]*(2*a5)
mercedes[0,0,0,0,0,1,0,0,0,0,0,0]*(a5)
mercedes[0,-1,0,0,0,0,0,1,0,0,0,0]*(a7)
mercedes[0,0,0,0,0,0,0,0,0,0,1,-1]*(a10)
mercedes[0,0,0,0,0,0,0,1,-1,0,0,0]*(-a7)
mercedes[0,0,0,0,0,0,0,1,0,0,0,0]*(a7)
mercedes[0,-1,0,0,0,0,0,0,0,1,0,0]*(a9)
mercedes[0,0,0,0,0,0,0,-1,0,1,0,0]*(-a9)
mercedes[0,0,0,0,0,0,0,0,-1,1,0,0]*(2*a9)
mercedes[0,0,0,0,0,0,0,0,0,1,0,-1]*(-a9)
mercedes[0,0,0,0,0,0,0,0,0,1,0,0]*(2*a9)
mercedes[0,-1,0,0,0,0,0,0,0,0,1,0]*(a10)
mercedes[0,0,-1,0,0,0,0,0,0,0,1,0]*(a10)
mercedes[0,0,0,0,0,0,0,-1,0,0,1,0]*(-a10)
mercedes[0,0,0,0,0,0,0,0,-1,0,1,0]*(-a10)

mercedes[0,0,1,0,0,0,0,0,-1,0,0,0]*(a2)
mercedes[0,0,1,0,0,0,0,0,0,0,0,-1]*(-a2)
mercedes[0,0,1,0,0,0,0,0,0,0,0,0]*(2*a2)
mercedes[-1,0,0,1,0,0,0,0,0,0,0,0]*(a3)
mercedes[0,0,0,1,-1,0,0,0,0,0,0,0]*(-a3)
mercedes[0,0,0,1,0,0,0,0,-1,0,0,0]*(a3)
mercedes[0,0,0,1,0,0,0,0,0,0,0,-1]*(-a3)
mercedes[0,0,0,1,0,0,0,0,0,0,0,0]*(a3+a3*eta)
mercedes[-1,0,0,0,0,0,1,0,0,0,0,0]*(-a6)
mercedes[0,0,0,0,-1,0,1,0,0,0,0,0]*(a6)
mercedes[0,0,0,0,0,0,1,0,-1,0,0,0]*(a6)
mercedes[0,0,0,0,0,0,1,0,0,0,0,-1]*(-a6)
mercedes[0,0,0,0,0,0,1,0,0,0,0,0]*(-a6*eta+2*a6)
mercedes[0,-1,0,0,0,0,0,1,0,0,0,0]*(a7)
mercedes[0,0,0,0,0,0,0,1,-1,0,0,0]*(a7)
mercedes[0,0,0,0,0,0,0,1,0,-1,0,0]*(-a7)
mercedes[0,0,0,0,0,0,0,1,0,0,0,-1]*(-a7)
mercedes[0,0,0,0,0,0,0,1,0,0,0,0]*(3*a7)
mercedes[0,0,0,0,0,0,0,0,0,0,0,0]*(-a11+a8)
mercedes[0,0,0,0,0,0,0,0,1,0,0,-1]*(-a8)
mercedes[0,0,0,0,0,0,0,0,1,0,0,0]*(a8)
mercedes[0,0,0,0,0,0,0,0,-1,0,0,1]*(a11)
mercedes[0,0,0,0,0,0,0,0,0,0,0,1]*(-a11)

mercedes[1,-1,0,0,0,0,0,0,0,0,0,0]*(2*a0)
mercedes[1,0,0,0,-1,0,0,0,0,0,0,0]*(a0)
mercedes[1,0,0,0,0,-1,0,0,0,0,0,0]*(-a0)
mercedes[1,0,0,0,0,0,0,0,0,-1,0,0]*(-a0)
mercedes[1,0,0,0,0,0,0,0,0,0,0,0]*(3*a0)
mercedes[0,-1,0,1,0,0,0,0,0,0,0,0]*(2*a3)
mercedes[0,0,0,1,-1,0,0,0,0,0,0,0]*(a3)
mercedes[0,0,0,1,0,-1,0,0,0,0,0,0]*(-a3)
mercedes[0,0,0,1,0,0,0,-1,0,0,0,0]*(a3)
mercedes[0,0,0,1,0,0,0,0,-1,0,0,0]*(-a3)
mercedes[0,0,0,1,0,0,0,0,0,-1,0,0]*(-a3)
mercedes[0,0,0,1,0,0,0,0,0,0,-1,0]*(-a3)
mercedes[0,0,0,1,0,0,0,0,0,0,0,0]*(3*a3)
mercedes[0,-1,0,0,1,0,0,0,0,0,0,0]*(a4)
mercedes[0,0,0,0,0,0,0,0,0,0,0,0]*(-a5+a4)
mercedes[0,0,0,0,1,-1,0,0,0,0,0,0]*(-a4)
mercedes[0,0,0,0,1,0,0,0,0,0,0,0]*(a4)
mercedes[0,-1,0,0,0,1,0,0,0,0,0,0]*(-a5)
mercedes[0,0,0,0,-1,1,0,0,0,0,0,0]*(a5)
mercedes[0,0,0,0,0,0,1,0,0,0,0,0]*(2*a6)
mercedes[0,0,0,0,0,1,0,0,0,0,0,0]*(-a5)
mercedes[0,-1,0,0,0,0,1,0,0,0,0,0]*(2*a6)
mercedes[0,0,0,0,-1,0,1,0,0,0,0,0]*(a6)
mercedes[0,0,0,0,0,-1,1,0,0,0,0,0]*(-a6)
mercedes[0,0,0,0,0,0,1,-1,0,0,0,0]*(-a6)
mercedes[0,0,0,0,0,0,1,0,-1,0,0,0]*(a6)

mercedes[0,0,0,0,0,0,0,0,0,0,0,0]*(-a5+a1)
mercedes[0,1,0,0,-1,0,0,0,0,0,0,0]*(a1)
mercedes[0,1,0,0,0,-1,0,0,0,0,0,0]*(-a1)
mercedes[0,1,0,0,0,0,0,0,0,0,0,0]*(a1)
mercedes[0,-1,0,0,0,1,0,0,0,0,0,0]*(a5)
mercedes[0,0,0,0,-1,1,0,0,0,0,0,0]*(-a5)
mercedes[0,0,0,0,0,0,0,0,0,0,1,0]*(eta*a10)
mercedes[0,0,0,0,0,1,0,0,0,0,0,0]*(a5)
mercedes[0,-1,0,0,0,0,0,1,0,0,0,0]*(a7)
mercedes[0,0,0,0,-1,0,0,1,0,0,0,0]*(2*a7)
mercedes[0,0,0,0,0,-1,0,1,0,0,0,0]*(-a7)
mercedes[0,0,0,0,0,0,-1,1,0,0,0,0]*(-a7)
mercedes[0,0,0,0,0,0,0,1,-1,0,0,0]*(a7)
mercedes[0,0,0,0,0,0,0,1,0,0,0,0]*(a7)
mercedes[-1,0,0,0,0,0,0,0,0,1,0,0]*(-a9)
mercedes[0,-1,0,0,0,0,0,0,0,1,0,0]*(a9)
mercedes[0,0,0,0,-1,0,0,0,0,1,0,0]*(2*a9)
mercedes[0,0,0,0,0,-1,0,0,0,1,0,0]*(-a9)
mercedes[0,0,0,0,0,0,0,0,0,1,0,0]*(2*a9-a9*eta)
mercedes[-1,0,0,0,0,0,0,0,0,0,1,0]*(a10)
mercedes[0,-1,0,0,0,0,0,0,0,0,1,0]*(a10)
mercedes[0,0,-1,0,0,0,0,0,0,0,1,0]*(a10)
mercedes[0,0,0,-1,0,0,0,0,0,0,1,0]*(-a10)
mercedes[0,0,0,0,-1,0,0,0,0,0,1,0]*(2*a10)
mercedes[0,0,0,0,0,-1,0,0,0,0,1,0]*(-a10)
mercedes[0,0,0,0,0,0,-1,0,0,0,1,0]*(-a10)
mercedes[0,0,0,0,0,0,0,0,-1,0,1,0]*(a10)

mercedes[0,0,0,0,0,0,0,0,0,0,0,0]*(a11-2*a8+a2+a3-a6)
mercedes[0,0,1,0,0,0,0,0,-1,0,0,0]*(-2*a2)
mercedes[0,0,1,0,0,0,0,0,0,0,0,-1]*(a2)
mercedes[0,0,1,0,0,0,0,0,0,0,0,0]*(-2*a2)
mercedes[-1,0,0,1,0,0,0,0,0,0,0,0]*(-a3)
mercedes[0,0,0,0,0,0,0,0,-1,0,0,1]*(-2*a11)
mercedes[0,0,0,1,-1,0,0,0,0,0,0,0]*(-a3)
mercedes[0,0,0,1,0,0,-1,0,0,0,0,0]*(a3)
mercedes[0,0,0,1,0,0,0,0,-1,0,0,0]*(-3*a3)
mercedes[0,0,0,1,0,0,0,0,0,0,0,-1]*(a3)
mercedes[0,0,0,1,0,0,0,0,0,0,0,0]*(-a3-a3*eta)
mercedes[-1,0,0,0,0,0,1,0,0,0,0,0]*(a6)
mercedes[0,0,-1,0,0,0,1,0,0,0,0,0]*(2*a6)
mercedes[0,0,0,-1,0,0,1,0,0,0,0,0]*(-a6)
mercedes[0,0,0,0,-1,0,1,0,0,0,0,0]*(a6)
mercedes[0,0,-1,0,0,0,0,0,0,0,0,1]*(a11)
mercedes[0,0,0,0,0,0,1,0,-1,0,0,0]*(-a6)
mercedes[0,0,0,0,0,0,1,0,0,0,0,-1]*(a6)
mercedes[0,0,0,0,0,0,1,0,0,0,0,0]*(a6*eta-2*a6)
mercedes[0,-1,0,0,0,0,0,1,0,0,0,0]*(a7)
mercedes[0,0,-1,0,0,0,0,1,0,0,0,0]*(a7)
mercedes[0,0,0,0,0,0,0,1,-1,0,0,0]*(-2*a7)
mercedes[0,0,0,0,0,0,0,1,0,0,-1,0]*(-a7)
mercedes[0,0,0,0,0,0,0,1,0,0,0,-1]*(a7)
mercedes[0,0,-1,0,0,0,0,0,1,0,0,0]*(a8)
mercedes[0,0,0,0,0,0,0,0,1,0,0,0]*(-a8)
mercedes[0,0,0,0,0,0,0,0,1,0,0,-1]*(a8)

mercedes[0,-1,1,0,0,0,0,0,0,0,0,0]*(-a2)
mercedes[0,0,1,0,0,0,0,-1,0,0,0,0]*(-a2)
mercedes[0,0,1,0,0,0,0,0,-1,0,0,0]*(a2)
mercedes[0,0,1,0,0,0,0,0,0,-1,0,0]*(a2)
mercedes[0,0,1,0,0,0,0,0,0,0,-1,0]*(a2)
mercedes[0,0,1,0,0,0,0,0,0,0,0,0]*(-2*a2)
mercedes[0,-1,0,1,0,0,0,0,0,0,0,0]*(-2*a3)
mercedes[0,0,0,1,-1,0,0,0,0,0,0,0]*(-a3)
mercedes[0,0,0,1,0,-1,0,0,0,0,0,0]*(a3)
mercedes[0,0,0,1,0,0,0,-1,0,0,0,0]*(-a3)
mercedes[0,0,0,1,0,0,0,0,-1,0,0,0]*(a3)
mercedes[0,0,0,1,0,0,0,0,0,-1,0,0]*(a3)
mercedes[0,0,0,1,0,0,0,0,0,0,-1,0]*(a3)
mercedes[0,0,0,1,0,0,0,0,0,0,0,0]*(-3*a3)
mercedes[0,-1,0,0,0,0,1,0,0,0,0,0]*(2*a6)
mercedes[0,0,0,0,-1,0,1,0,0,0,0,0]*(a6)
mercedes[0,0,0,0,0,-1,1,0,0,0,0,0]*(-a6)
mercedes[0,0,0,0,0,0,1,-1,0,0,0,0]*(-a6)
mercedes[0,0,0,0,0,0,1,0,-1,0,0,0]*(a6)
mercedes[0,0,0,0,0,0,1,0,0,0,0,0]*(2*a6)
mercedes[0,-1,0,0,0,0,0,1,0,0,0,0]*(-a7)
mercedes[0,0,0,0,0,0,0,0,0,0,0,0]*(a8-a7)
mercedes[0,0,0,0,0,0,0,1,-1,0,0,0]*(a7)
mercedes[0,0,0,0,0,0,0,1,0,0,0,0]*(-a7)
mercedes[0,-1,0,0,0,0,0,0,1,0,0,0]*(a8)
mercedes[0,0,0,0,0,0,0,-1,1,0,0,0]*(-a8)
mercedes[0,0,0,0,0,0,0,0,0,0,0,1]*(3*a11)
mercedes[0,0,0,0,0,0,0,0,1,0,0,0]*(a8)
mercedes[0,-1,0,0,0,0,0,0,0,0,0,1]*(2*a11)
mercedes[0,0,0,0,0,0,0,-1,0,0,0,1]*(-a11)
mercedes[0,0,0,0,0,0,0,0,-1,0,0,1]*(a11)
mercedes[0,0,0,0,0,0,0,0,0,-1,0,1]*(-a11)

mercedes[0,0,0,0,0,0,0,0,0,0,0,0]*(-a3-a6+a0+a4)
mercedes[1,0,-1,0,0,0,0,0,0,0,0,0]*(a0)
mercedes[1,0,0,-1,0,0,0,0,0,0,0,0]*(-a0)
mercedes[1,0,0,0,-1,0,0,0,0,0,0,0]*(a0)
mercedes[1,0,0,0,0,0,-1,0,0,0,0,0]*(-a0)
mercedes[1,0,0,0,0,0,0,0,-1,0,0,0]*(a0)
mercedes[1,0,0,0,0,0,0,0,0,0,0,0]*(a0*eta)
mercedes[-1,0,0,1,0,0,0,0,0,0,0,0]*(a3)
mercedes[0,0,0,0,0,0,1,0,0,0,0,0]*(a6*eta-2*a6)
mercedes[0,0,0,1,-1,0,0,0,0,0,0,0]*(a3)
mercedes[0,0,0,1,0,0,-1,0,0,0,0,0]*(-a3)
mercedes[0,0,0,1,0,0,0,0,-1,0,0,0]*(3*a3)
mercedes[0,0,0,1,0,0,0,0,0,0,0,-1]*(-a3)
mercedes[0,0,0,1,0,0,0,0,0,0,0,0]*(a3+a3*eta)
mercedes[-1,0,0,0,1,0,0,0,0,0,0,0]*(a4)
mercedes[0,0,-1,0,1,0,0,0,0,0,0,0]*(a4)
mercedes[0,0,0,-1,1,0,0,0,0,0,0,0]*(-a4)
mercedes[0,0,0,0,0,0,1,0,0,0,0,-1]*(a6)
mercedes[0,0,0,0,1,0,-1,0,0,0,0,0]*(-a4)
mercedes[0,0,0,0,1,0,0,0,-1,0,0,0]*(a4)
mercedes[0,0,0,0,1,0,0,0,0,0,0,0]*(-a4+eta*a4)
mercedes[-1,0,0,0,0,1,0,0,0,0,0,0]*(a5)
mercedes[0,-1,0,0,0,1,0,0,0,0,0,0]*(a5)
mercedes[0,0,-1,0,0,1,0,0,0,0,0,0]*(a5)
mercedes[0,0,0,-1,0,1,0,0,0,0,0,0]*(-a5)
mercedes[0,0,0,0,-1,1,0,0,0,0,0,0]*(a5)
mercedes[0,0,0,0,0,1,-1,0,0,0,0,0]*(-a5)
mercedes[0,0,0,0,0,1,0,0,-1,0,0,0]*(a5)
mercedes[0,0,0,0,0,1,0,0,0,0,-1,0]*(-a5)
mercedes[0,0,0,0,0,1,0,0,0,0,0,0]*(a5*eta)
mercedes[-1,0,0,0,0,0,1,0,0,0,0,0]*(a6)
mercedes[0,0,-1,0,0,0,1,0,0,0,0,0]*(2*a6)
mercedes[0,0,0,-1,0,0,1,0,0,0,0,0]*(-a6)
mercedes[0,0,0,0,-1,0,1,0,0,0,0,0]*(a6)
mercedes[0,0,0,0,0,0,1,0,-1,0,0,0]*(-a6)

