mercedes[0,0,0,0,0,0,0,0,0,0,0,0]*(-a11+a2+a9+a3-a0-a10)
mercedes[1,0,0,0,-1,0,0,0,0,0,0,0]*(-3*a0)
mercedes[1,0,0,0,0,0,0,0,0,0,0,0]*(-a0*eta+a0)
mercedes[0,0,0,0,0,0,0,0,0,0,1,0]*(a10)
mercedes[1,0,-1,0,0,0,0,0,0,0,0,0]*(-2*a0)
mercedes[1,0,0,-1,0,0,0,0,0,0,0,0]*(2*a0)
mercedes[0,0,0,1,-1,0,0,0,0,0,0,0]*(-2*a3)
mercedes[1,0,0,0,0,0,-1,0,0,0,0,0]*(2*a0)
mercedes[1,0,0,0,0,0,0,0,-1,0,0,0]*(-2*a0)
mercedes[0,0,0,1,0,0,0,0,-1,0,0,0]*(-2*a3)
mercedes[0,0,1,0,0,0,0,0,-1,0,0,0]*(-a2)
mercedes[0,0,0,1,0,0,-1,0,0,0,0,0]*(a3)
mercedes[0,0,-1,0,0,0,0,0,0,0,0,1]*(-2*a11)
mercedes[0,-1,0,0,0,0,0,0,0,0,1,0]*(a10)
mercedes[0,0,0,0,0,0,0,0,0,1,-1,0]*(2*a9)
mercedes[0,-1,0,0,0,0,0,0,0,1,0,0]*(-3*a9)
mercedes[0,0,0,0,0,0,0,0,0,0,0,1]*(a11)
mercedes[0,0,0,0,0,0,0,0,0,1,0,0]*(-4*a9)
mercedes[0,0,0,0,0,0,0,0,-1,0,0,1]*(3*a11)

