273 7698985776645440831 2 3
0 4 8 
0 8 4 

265 10706753935364593016 2 3
0 3 8 
0 8 3 

194 926576928809163929 2 3
1 6 7 
1 7 6 

261 12585292063867719537 2 3
0 2 8 
0 8 2 

162 14845211744745982600 2 3
1 5 7 
1 7 5 

138 14065530319751171320 2 3
1 3 7 
1 7 3 

140 754205998099296360 6 3
2 3 7 
2 7 3 
3 2 7 
3 7 2 
7 3 2 
7 2 3 

88 6906529405458791006 6 3
3 4 6 
3 6 4 
4 3 6 
4 6 3 
6 4 3 
6 3 4 

76 13119232308241019096 6 3
2 3 6 
2 6 3 
3 2 6 
3 6 2 
6 3 2 
6 2 3 

3 5413095913782878028 1 2
0 1 

152 6906529405458791006 6 3
3 4 7 
3 7 4 
4 3 7 
4 7 3 
7 4 3 
7 3 4 

7 6686341260464862017 1 3
0 1 2 

42 11460178010444303522 2 3
1 3 5 
1 5 3 

13 10706753935364593016 2 3
0 2 3 
0 3 2 

19 17377094773113085101 1 3
0 1 4 

21 7698985776645440831 2 3
0 2 4 
0 4 2 

98 1648772242061484535 2 3
1 5 6 
1 6 5 

11 7852484998429467961 1 3
0 1 3 

25 12254329342543767602 2 3
0 3 4 
0 4 3 

296 754205998099296360 6 3
3 5 8 
3 8 5 
5 3 8 
5 8 3 
8 5 3 
8 3 5 

35 15462241420311287967 1 3
1 0 5 

74 11460178010444303522 2 3
1 3 6 
1 6 3 

392 2728381371886174304 6 3
3 7 8 
3 8 7 
7 3 8 
7 8 3 
8 7 3 
8 3 7 

131 15462241420311287967 1 3
1 0 7 

44 2728381371886174304 6 3
2 3 5 
2 5 3 
3 2 5 
3 5 2 
5 3 2 
5 2 3 

328 14860785610888650053 6 3
3 6 8 
3 8 6 
6 3 8 
6 8 3 
8 6 3 
8 3 6 

67 15462241420311287967 1 3
1 0 6 

259 1559445769025765450 1 3
0 1 8 

56 6906529405458791006 6 3
3 4 5 
3 5 4 
4 3 5 
4 5 3 
5 4 3 
5 3 4 

