2160 16843014019913416440 24 4
4 5 6 11 
4 5 11 6 
4 6 5 11 
4 6 11 5 
4 11 6 5 
4 11 5 6 
5 4 6 11 
5 4 11 6 
5 6 4 11 
5 6 11 4 
5 11 6 4 
5 11 4 6 
6 5 4 11 
6 5 11 4 
6 4 5 11 
6 4 11 5 
6 11 4 5 
6 11 5 4 
11 5 6 4 
11 5 4 6 
11 6 5 4 
11 6 4 5 
11 4 6 5 
11 4 5 6 

284 16493867128980194667 24 4
2 3 4 8 
2 3 8 4 
2 4 3 8 
2 4 8 3 
2 8 4 3 
2 8 3 4 
3 2 4 8 
3 2 8 4 
3 4 2 8 
3 4 8 2 
3 8 4 2 
3 8 2 4 
4 3 2 8 
4 3 8 2 
4 2 3 8 
4 2 8 3 
4 8 2 3 
4 8 3 2 
8 3 4 2 
8 3 2 4 
8 4 3 2 
8 4 2 3 
8 2 4 3 
8 2 3 4 

297 11273311492949096519 6 4
0 3 5 8 
0 3 8 5 
0 5 3 8 
0 5 8 3 
0 8 5 3 
0 8 3 5 

1073 11273311492949096519 6 4
0 4 5 10 
0 4 10 5 
0 5 4 10 
0 5 10 4 
0 10 5 4 
0 10 4 5 

170 11311692471758655814 6 4
1 3 5 7 
1 3 7 5 
1 5 3 7 
1 5 7 3 
1 7 5 3 
1 7 3 5 

2059 9191895412425866362 2 4
1 0 3 11 
1 0 11 3 

53 11311692471758655814 6 4
0 2 4 5 
0 2 5 4 
0 4 2 5 
0 4 5 2 
0 5 4 2 
0 5 2 4 

2083 9191895412425866362 2 4
0 1 5 11 
0 1 11 5 

1031 6237441840634442659 4 4
0 1 2 10 
0 1 10 2 
1 0 2 10 
1 0 10 2 

43 4400358068338631550 4 4
0 1 3 5 
0 1 5 3 
1 0 3 5 
1 0 5 3 

30 11311692471758655814 6 4
1 2 3 4 
1 2 4 3 
1 3 2 4 
1 3 4 2 
1 4 3 2 
1 4 2 3 

3075 5570504792724619564 4 4
0 1 10 11 
0 1 11 10 
1 0 10 11 
1 0 11 10 

78 8623097159091425658 6 4
1 2 3 6 
1 2 6 3 
1 3 2 6 
1 3 6 2 
1 6 3 2 
1 6 2 3 

39 9191895412425866362 2 4
0 1 2 5 
0 1 5 2 

1059 3577428279808314069 2 4
0 1 5 10 
0 1 10 5 

2074 11311692471758655814 6 4
1 3 4 11 
1 3 11 4 
1 4 3 11 
1 4 11 3 
1 11 4 3 
1 11 3 4 

553 11311692471758655814 6 4
0 3 5 9 
0 3 9 5 
0 5 3 9 
0 5 9 3 
0 9 5 3 
0 9 3 5 

1162 6502632244296645711 6 4
1 3 7 10 
1 3 10 7 
1 7 3 10 
1 7 10 3 
1 10 7 3 
1 10 3 7 

106 11273311492949096519 6 4
1 3 5 6 
1 3 6 5 
1 5 3 6 
1 5 6 3 
1 6 5 3 
1 6 3 5 

1050 11273311492949096519 6 4
1 3 4 10 
1 3 10 4 
1 4 3 10 
1 4 10 3 
1 10 4 3 
1 10 3 4 

15 9191895412425866362 2 4
1 0 2 3 
1 0 3 2 

1313 5104284511062308970 6 4
0 5 8 10 
0 5 10 8 
0 8 5 10 
0 8 10 5 
0 10 8 5 
0 10 5 8 

1200 16843014019913416440 24 4
4 5 7 10 
4 5 10 7 
4 7 5 10 
4 7 10 5 
4 10 7 5 
4 10 5 7 
5 4 7 10 
5 4 10 7 
5 7 4 10 
5 7 10 4 
5 10 7 4 
5 10 4 7 
7 5 4 10 
7 5 10 4 
7 4 5 10 
7 4 10 5 
7 10 4 5 
7 10 5 4 
10 5 7 4 
10 5 4 7 
10 7 5 4 
10 7 4 5 
10 4 7 5 
10 4 5 7 

360 17685878531683325480 24 4
3 5 6 8 
3 5 8 6 
3 6 5 8 
3 6 8 5 
3 8 6 5 
3 8 5 6 
5 3 6 8 
5 3 8 6 
5 6 3 8 
5 6 8 3 
5 8 6 3 
5 8 3 6 
6 5 3 8 
6 5 8 3 
6 3 5 8 
6 3 8 5 
6 8 3 5 
6 8 5 3 
8 5 6 3 
8 5 3 6 
8 6 5 3 
8 6 3 5 
8 3 6 5 
8 3 5 6 

1304 17685878531683325480 24 4
3 4 8 10 
3 4 10 8 
3 8 4 10 
3 8 10 4 
3 10 8 4 
3 10 4 8 
4 3 8 10 
4 3 10 8 
4 8 3 10 
4 8 10 3 
4 10 8 3 
4 10 3 8 
8 4 3 10 
8 4 10 3 
8 3 4 10 
8 3 10 4 
8 10 3 4 
8 10 4 3 
10 4 8 3 
10 4 3 8 
10 8 4 3 
10 8 3 4 
10 3 8 4 
10 3 4 8 

1035 3577428279808314069 2 4
1 0 3 10 
1 0 10 3 

2097 11311692471758655814 6 4
0 4 5 11 
0 4 11 5 
0 5 4 11 
0 5 11 4 
0 11 5 4 
0 11 4 5 

293 8623097159091425658 6 4
0 2 5 8 
0 2 8 5 
0 5 2 8 
0 5 8 2 
0 8 5 2 
0 8 2 5 

116 16493867128980194667 24 4
2 4 5 6 
2 4 6 5 
2 5 4 6 
2 5 6 4 
2 6 5 4 
2 6 4 5 
4 2 5 6 
4 2 6 5 
4 5 2 6 
4 5 6 2 
4 6 5 2 
4 6 2 5 
5 4 2 6 
5 4 6 2 
5 2 4 6 
5 2 6 4 
5 6 2 4 
5 6 4 2 
6 4 5 2 
6 4 2 5 
6 5 4 2 
6 5 2 4 
6 2 5 4 
6 2 4 5 

2122 6502632244296645711 6 4
1 3 6 11 
1 3 11 6 
1 6 3 11 
1 6 11 3 
1 11 6 3 
1 11 3 6 

