mercedes[-1,0,0,0,0,0,1,0,0,0,0,0]*(-3*a6)
mercedes[0,0,0,0,0,0,0,0,0,0,0,0]*(-a7+a10-a11+a8+a6-a9)
mercedes[0,0,-1,0,0,0,0,0,0,0,0,1]*(a11)
mercedes[0,0,0,0,0,0,1,-1,0,0,0,0]*(2*a6)
mercedes[0,0,0,0,0,0,1,0,0,0,0,0]*(-4*a6)
mercedes[0,-1,0,0,0,0,0,0,1,0,0,0]*(-3*a8)
mercedes[0,0,0,0,0,0,0,0,0,1,0,0]*(a9)
mercedes[0,0,0,0,0,0,0,1,0,0,0,0]*(a7)
mercedes[0,0,0,0,0,0,0,0,1,-1,0,0]*(2*a8)
mercedes[0,0,0,0,0,0,0,0,1,0,0,0]*(-4*a8)
mercedes[0,0,-1,0,0,0,0,0,0,0,1,0]*(-3*a10)
mercedes[0,-1,0,0,0,0,0,0,0,1,0,0]*(a9)
mercedes[0,0,0,0,0,0,0,0,0,0,1,0]*(-a10)
mercedes[-1,0,0,0,0,0,0,1,0,0,0,0]*(a7)
mercedes[0,0,0,0,0,0,0,0,0,0,1,-1]*(2*a10)

