482 314722180793053390 1 5
1 5 7 8 6 

488 8182842591865888716 1 5
3 5 7 8 6 

484 17479576525523791279 1 5
2 5 7 8 6 

458 12493972253818679991 2 5
1 3 7 6 8 
3 1 7 6 8 

496 9336301702580166293 2 5
4 5 7 8 6 
5 4 7 8 6 

354 698476773254776664 2 4
1 5 6 8 
1 5 8 6 

330 962973383914202157 2 4
1 3 6 8 
3 1 6 8 

73 7698985776645440831 2 3
3 0 6 
3 6 0 

326 9258024366507225670 1 4
1 2 8 6 

69 12181634387023615912 2 3
2 0 6 
2 6 0 

338 7524780861938553064 1 4
1 4 8 6 

298 13027494348711431837 1 4
1 8 3 5 

294 13782829939841054601 1 4
1 8 2 5 

291 16759578986255104721 1 4
1 5 0 8 

306 16759578986255104721 1 4
1 8 4 5 

270 14153783363677795913 1 4
1 8 3 2 

267 12228316347960694542 2 4
1 3 0 8 
3 1 0 8 

10 17087753756477223945 2 2
1 3 
3 1 

282 17163855986851647944 1 4
1 8 3 4 

278 3789761990930441454 1 4
1 8 4 2 

263 1818308432546792486 1 4
1 2 8 0 

6 8480609940174239434 1 2
1 2 

275 16759578986255104721 1 4
1 4 8 0 

360 11432557635371621338 2 4
3 5 6 8 
3 5 8 6 

103 17265188049993221321 1 5
1 5 2 0 6 

106 12901952746852556443 1 4
1 6 3 5 

356 6696151475196904297 2 4
2 5 6 8 
2 5 8 6 

99 16759578986255104721 1 4
1 5 0 6 

102 10780705476145640966 1 4
1 6 2 5 

368 7556829846088060811 4 4
6 8 4 5 
6 8 5 4 
8 6 5 4 
8 6 4 5 

114 10719626107048014941 1 4
1 6 4 5 

240 9889576315341648160 4 4
6 7 4 5 
6 7 5 4 
7 6 5 4 
7 6 4 5 

113 11459320056471732761 8 4
0 6 5 4 
0 6 4 5 
4 5 0 6 
4 5 6 0 
5 4 0 6 
5 4 6 0 
6 0 5 4 
6 0 4 5 

370 14063139754193087066 1 5
1 8 6 4 5 

226 14412209275766129787 2 4
1 5 6 7 
1 5 7 6 

232 16134068664240593636 2 4
3 5 6 7 
3 5 7 6 

105 12288594747744249305 2 4
3 5 0 6 
3 5 6 0 

362 4945650567818410697 1 5
1 3 5 6 8 

228 10123526515516045768 2 4
2 5 6 7 
2 5 7 6 

101 14019012159625706468 2 4
2 5 0 6 
2 5 6 0 

358 4155303510548519682 1 5
1 2 5 8 6 

329 2506011958774662217 2 4
3 6 8 0 
3 8 6 0 

202 10219975484251101605 4 4
1 3 6 7 
1 3 7 6 
3 1 6 7 
3 1 7 6 

75 16194497603441061039 2 4
1 3 6 0 
3 1 6 0 

332 2317994951588697603 2 4
3 2 6 8 
3 2 8 6 

78 11457644374060251142 1 4
1 6 3 2 

269 9218241241601569213 2 4
3 2 0 8 
3 2 8 0 

142 12251937395200159689 1 4
1 7 3 2 

15 621877233063030600 1 4
1 0 3 2 

197 5374919507270687036 2 4
2 6 7 0 
2 7 6 0 

454 8558604149577024396 1 5
1 2 7 8 6 

324 10631209178388470391 2 3
2 6 8 
2 8 6 

67 7698985776645440831 2 3
1 0 6 
1 6 0 

70 15211677236391378266 1 3
1 2 6 

327 6393809639868480791 1 5
1 2 8 0 6 

82 12129649998618649867 2 3
1 4 6 
1 6 4 

339 3913004152223566037 1 5
1 4 8 6 0 

277 15131014293180420042 2 4
2 4 0 8 
2 4 8 0 

150 8985961954748546741 1 4
1 7 4 2 

23 7455054098712756468 1 4
1 0 2 4 

146 2194224039831407595 2 3
1 4 7 
1 7 4 

403 18107480566791030014 1 5
1 4 8 7 0 

19 10706753935364593016 2 3
1 0 4 
1 4 0 

323 2506011958774662217 2 4
1 6 8 0 
1 8 6 0 

196 10631059303007246720 2 3
2 6 7 
2 7 6 

453 6838438866165348321 1 5
2 7 8 6 0 

137 7698985776645440831 2 3
3 0 7 
3 7 0 

394 6736042998598363672 2 4
1 3 7 8 
3 1 7 8 

153 6360605120071040097 2 4
3 4 0 7 
3 4 7 0 

410 13474873527087967689 1 5
1 3 4 8 7 

26 6486448604913209494 1 3
1 3 4 

283 14844809622259622219 1 5
1 3 4 8 0 

135 12287589062794958117 1 4
1 2 7 0 

392 3870621583062396010 2 3
3 7 8 
3 8 7 

262 11996972553622415737 1 3
1 2 8 

212 7092737255504847283 2 4
2 4 6 7 
2 4 7 6 

85 15131014293180420042 2 4
2 4 0 6 
2 4 6 0 

342 18153672924610521362 1 5
1 4 2 8 6 

149 15131014293180420042 2 4
2 4 0 7 
2 4 7 0 

406 10595246771530303948 1 5
1 8 7 4 2 

22 17446086910559518064 1 3
1 2 4 

279 840328629743357174 1 5
1 4 2 8 0 

133 12181634387023615912 2 3
2 0 7 
2 7 0 

390 17260784979781417989 1 4
1 2 7 8 

162 10706753935364593016 2 3
1 5 7 
1 7 5 

419 4588243315529980216 2 5
1 5 0 7 8 
1 5 0 8 7 

35 12254329342543767602 2 3
1 0 5 
1 5 0 

98 10706753935364593016 2 3
1 5 6 
1 6 5 

355 16992298366713299074 2 5
1 5 0 6 8 
1 5 0 8 6 

293 14019012159625706468 2 4
2 5 0 8 
2 5 8 0 

166 7907188548184639092 1 4
1 7 2 5 

39 15767948103229021857 1 4
1 0 5 2 

177 11459320056471732761 8 4
0 7 5 4 
0 7 4 5 
4 5 0 7 
4 5 7 0 
5 4 0 7 
5 4 7 0 
7 0 5 4 
7 0 4 5 

434 4279282650810622759 1 5
1 8 7 4 5 

50 7698985776645440831 2 3
1 4 5 
1 5 4 

307 3342918231512061301 4 5
1 0 8 4 5 
1 4 5 0 8 
1 5 4 8 0 
1 8 0 5 4 

141 9218241241601569213 2 4
3 2 0 7 
3 2 7 0 

398 16005464401900417983 1 5
1 3 2 7 8 

14 11443029074512963503 1 3
1 3 2 

271 6467006296852051283 1 5
1 3 2 0 8 

200 17258787824257198352 2 3
3 6 7 
3 7 6 

457 17760995621604911877 1 5
3 7 8 6 0 

194 17258787824257198352 2 3
1 6 7 
1 7 6 

451 17760995621604911877 1 5
1 7 8 6 0 

165 14019012159625706468 2 4
2 5 0 7 
2 5 7 0 

422 14988063590851193704 1 5
1 7 8 2 5 

38 13251033927989329642 1 3
1 2 5 

295 10892812625540766901 1 5
1 5 2 0 8 

147 11494663566962136321 1 4
1 4 7 0 

404 5000425501290539747 2 4
7 8 2 4 
8 7 2 4 

274 12254329342543767602 2 3
1 4 8 
1 8 4 

265 7698985776645440831 2 3
3 0 8 
3 8 0 

11 2361156492905547982 2 3
1 3 0 
3 1 0 

138 17662388742419376403 2 3
1 3 7 
3 1 7 

395 12312082089108785398 2 5
1 3 7 8 0 
3 1 7 8 0 

169 12288594747744249305 2 4
3 5 0 7 
3 5 7 0 

426 16068699694454750872 1 5
1 3 5 7 8 

42 5716569260272480414 1 3
1 3 5 

299 11932077528701118840 1 5
1 3 5 0 8 

131 7698985776645440831 2 3
1 0 7 
1 7 0 

388 9796564399928171380 2 3
2 7 8 
2 8 7 

163 16759578986255104721 1 4
1 5 0 7 

420 1797528657757313806 2 4
7 8 2 5 
8 7 2 5 

290 10706753935364593016 2 3
1 5 8 
1 8 5 

54 18351030899049478024 1 4
1 2 4 5 

393 12586463095304085354 2 4
3 7 8 0 
3 8 7 0 

139 16194497603441061039 2 4
1 3 7 0 
3 1 7 0 

396 15736996857147543395 2 4
3 2 7 8 
3 2 8 7 

266 13643528861593430184 2 3
1 3 8 
3 1 8 

30 12249766701464388422 1 4
1 3 4 2 

216 12070489641313147142 2 4
3 4 6 7 
3 4 7 6 

89 6360605120071040097 2 4
3 4 0 6 
3 4 6 0 

346 425568046337864191 1 5
1 3 4 8 6 

201 993176294303415770 2 4
3 6 7 0 
3 7 6 0 

74 17662388742419376403 2 3
1 3 6 
3 1 6 

331 14797819661425498859 2 5
1 3 6 0 8 
3 1 6 0 8 

328 12585292063867719537 2 3
3 6 8 
3 8 6 

71 16399613741897069964 1 4
1 2 0 6 

134 10841046919709638056 1 3
1 2 7 

391 1604439817289045140 1 5
1 2 7 8 0 

7 8362370557999984027 1 3
1 2 0 

261 12181634387023615912 2 3
2 0 8 
2 8 0 

195 993176294303415770 2 4
1 6 7 0 
1 7 6 0 

452 14467592750113517810 1 4
2 7 8 6 

322 12585292063867719537 2 3
1 6 8 
1 8 6 

281 6360605120071040097 2 4
3 4 0 8 
3 4 8 0 

154 2804155980365116568 1 4
1 7 3 4 

27 8397334625162587836 1 4
1 0 3 4 

340 15079820089791371380 2 4
2 4 6 8 
2 4 8 6 

83 10719626107048014941 1 4
1 4 6 0 

86 17654806977881836523 1 4
1 6 2 4 

259 7698985776645440831 2 3
1 0 8 
1 8 0 

386 3870621583062396010 2 3
1 7 8 
1 8 7 

305 11459320056471732761 8 4
0 8 5 4 
0 8 4 5 
4 5 0 8 
4 5 8 0 
5 4 0 8 
5 4 8 0 
8 0 5 4 
8 0 4 5 

178 11494663566962136321 1 4
1 7 4 5 

51 16759578986255104721 1 4
1 0 5 4 

58 12491156454245015315 1 4
1 3 5 4 

46 423053884819657549 1 4
1 3 5 2 

297 12288594747744249305 2 4
3 5 0 8 
3 5 8 0 

170 12901952746852556443 1 4
1 7 3 5 

43 5361406928138010723 1 4
1 0 3 5 

204 17566591070911116674 2 4
3 2 6 7 
3 2 7 6 

77 9218241241601569213 2 4
3 2 0 6 
3 2 6 0 

334 3636139840535443964 1 5
1 3 2 6 8 

210 6894937126532847700 1 4
1 4 7 6 

325 3286628584103175727 2 4
2 6 8 0 
2 8 6 0 

198 12235529882710320019 1 4
1 2 7 6 

344 8950438065344213768 2 4
3 4 6 8 
3 4 8 6 

87 1155987883049348741 1 5
1 2 4 0 6 

90 2819375008624970828 1 4
1 6 3 4 

389 4641139842616300668 2 4
2 7 8 0 
2 8 7 0 

408 8226989252743794708 2 4
3 4 7 8 
3 4 8 7 

151 15037548109483683777 1 5
1 7 0 4 2 

402 4081560800156872932 1 4
1 4 8 7 

387 12586463095304085354 2 4
1 7 8 0 
1 8 7 0 

432 3092465935444304488 4 4
7 8 4 5 
7 8 5 4 
8 7 5 4 
8 7 4 5 

424 11859933412417385987 2 4
3 5 7 8 
3 5 8 7 

167 7322528788220714959 1 5
1 5 2 0 7 

418 14469657124809349322 2 4
1 5 7 8 
1 5 8 7 

456 15236505058129304159 1 4
3 7 8 6 

199 478983794977394504 1 5
1 2 7 0 6 

450 15236505058129304159 1 4
1 7 8 6 

31 10025378180418786543 1 5
1 0 3 4 2 

59 6887274243196202071 1 5
1 0 3 5 4 

55 15437751760698348570 1 5
1 0 5 2 4 

47 11678069333765871612 1 5
1 0 3 5 2 

62 18277587553877223443 1 5
1 3 5 4 2 

93 6555198491967821527 2 5
0 6 3 4 2 
6 0 3 4 2 

91 2189538466121464915 1 5
1 3 4 6 0 

348 8239948575298679508 2 5
6 8 3 4 2 
8 6 3 4 2 

79 12544575441537279918 1 5
1 3 2 6 0 

94 3781363584963713852 1 5
1 6 3 4 2 

117 9394318036209547325 2 5
0 6 2 4 5 
6 0 2 4 5 

121 3977318627545487380 2 5
0 6 3 5 4 
6 0 3 5 4 

109 14737330722525346677 2 5
0 6 3 5 2 
6 0 3 5 2 

115 9915058933664882642 2 5
1 0 6 5 4 
1 5 4 0 6 

372 3735673602854072350 2 5
6 8 2 4 5 
8 6 2 4 5 

118 17006302166276002244 1 5
1 6 2 4 5 

107 14409494253057482649 1 5
1 3 5 0 6 

364 12470469785498472447 2 5
6 8 3 5 2 
8 6 3 5 2 

122 5064089338255926100 1 5
1 6 3 5 4 

110 6638954676702117267 1 5
1 6 3 5 2 

155 14943923666616150773 1 5
1 3 4 7 0 

412 1363027238931889842 2 5
7 8 3 4 2 
8 7 3 4 2 

157 6555198491967821527 2 5
0 7 3 4 2 
7 0 3 4 2 

143 12430073192089199419 1 5
1 3 2 7 0 

158 1981906576404331001 1 5
1 7 3 4 2 

181 9394318036209547325 2 5
0 7 2 4 5 
7 0 2 4 5 

185 3977318627545487380 2 5
0 7 3 5 4 
7 0 3 5 4 

173 14737330722525346677 2 5
0 7 3 5 2 
7 0 3 5 2 

179 5923085701538907721 2 5
1 0 7 5 4 
1 5 4 0 7 

436 7811441255554183364 2 5
7 8 2 4 5 
8 7 2 4 5 

182 1699206694860025412 1 5
1 7 4 2 5 

171 14409494253057482649 1 5
1 3 5 0 7 

428 15457918683075467779 2 5
7 8 3 5 2 
8 7 3 5 2 

186 16849799682288936553 1 5
1 7 3 5 4 

174 10081631848879743783 1 5
1 7 3 5 2 

217 1950191154947432101 2 5
3 4 6 7 0 
3 4 7 6 0 

213 8489146567678322731 2 5
2 4 6 7 0 
2 4 7 6 0 

205 7273631858806932316 2 5
3 2 6 7 0 
3 2 7 6 0 

220 11231715040715251991 2 5
6 7 3 4 2 
7 6 3 4 2 

211 725972278020367895 1 5
1 4 7 6 0 

468 16637453892482173850 1 5
2 4 7 8 6 

214 7697581299875346670 1 5
1 7 6 4 2 

218 18405767730067668277 1 5
1 3 4 7 6 

206 12111682969897559750 1 5
1 3 2 7 6 

229 7808692796422498425 2 5
2 5 6 7 0 
2 5 7 6 0 

203 10626209235890822267 4 5
1 3 6 7 0 
1 3 7 6 0 
3 1 6 7 0 
3 1 7 6 0 

460 12795270914915284485 1 5
3 2 7 8 6 

241 3584731225284578173 4 5
4 5 6 7 0 
4 5 7 6 0 
5 4 6 7 0 
5 4 7 6 0 

233 11848337904936945021 2 5
3 5 6 7 0 
3 5 7 6 0 

244 14626841857910594319 2 5
6 7 2 4 5 
7 6 2 4 5 

248 2382421180696680688 2 5
6 7 3 5 4 
7 6 3 5 4 

227 6641950137564085828 2 5
1 5 0 6 7 
1 5 0 7 6 

242 18203315244452910323 1 5
1 7 6 4 5 

236 1562217181443564133 2 5
6 7 3 5 2 
7 6 3 5 2 

230 14374054626530028411 1 5
1 2 5 7 6 

234 9009169273818888705 2 5
1 3 5 6 7 
1 3 5 7 6 

285 6555198491967821527 2 5
0 8 3 4 2 
8 0 3 4 2 

286 14021886909184917955 1 5
1 8 3 4 2 

313 3977318627545487380 2 5
0 8 3 5 4 
8 0 3 5 4 

309 9394318036209547325 2 5
0 8 2 4 5 
8 0 2 4 5 

301 14737330722525346677 2 5
0 8 3 5 2 
8 0 3 5 2 

310 16182022526025850692 1 5
1 8 4 2 5 

314 11456562388836261605 1 5
1 8 3 4 5 

302 2516122909364156785 1 5
1 8 3 5 2 

345 16334031723583977530 2 5
3 4 6 8 0 
3 4 8 6 0 

341 1686455317279253113 2 5
2 4 6 8 0 
2 4 8 6 0 

333 7614852693850133674 2 5
3 2 6 8 0 
3 2 8 6 0 

369 15159478830403372626 4 5
4 5 6 8 0 
4 5 8 6 0 
5 4 6 8 0 
5 4 8 6 0 

357 17942725879924805937 2 5
2 5 6 8 0 
2 5 8 6 0 

361 844009769393059239 2 5
3 5 6 8 0 
3 5 8 6 0 

376 13318080531566759780 2 5
6 8 3 5 4 
8 6 3 5 4 

405 3628152196169328073 2 5
2 4 7 8 0 
2 4 8 7 0 

409 12211663977645919596 2 5
3 4 7 8 0 
3 4 8 7 0 

397 1514562521314822158 2 5
3 2 7 8 0 
3 2 8 7 0 

421 4559319658283223996 2 5
2 5 7 8 0 
2 5 8 7 0 

433 6892554146738669433 4 5
4 5 7 8 0 
4 5 8 7 0 
5 4 7 8 0 
5 4 8 7 0 

425 4617078560857882118 2 5
3 5 7 8 0 
3 5 8 7 0 

440 12450093579214509911 2 5
7 8 3 5 4 
8 7 3 5 4 

472 12852373368391607987 1 5
3 4 7 8 6 

466 552777010579638669 1 5
1 4 8 7 6 

