424 128745913438911646 2 4
3 5 7 8 
3 5 8 7 

456 15236505058129304159 1 4
3 7 8 6 

432 11591101788391728525 4 4
4 5 7 8 
4 5 8 7 
5 4 7 8 
5 4 8 7 

450 1019340032920959546 1 4
1 7 8 6 

418 14218123893882150151 2 4
7 8 1 5 
8 7 1 5 

113 7280204158998552156 2 4
4 5 0 6 
5 4 0 6 

240 394700380938346138 4 4
4 5 6 7 
4 5 7 6 
5 4 6 7 
5 4 7 6 

105 9124570862512070069 1 4
3 5 0 6 

232 14322606964620318211 2 4
3 5 6 7 
3 5 7 6 

101 15896268698264125057 2 4
0 6 5 2 
0 6 2 5 

228 9889576315341648160 4 4
6 7 2 5 
6 7 5 2 
7 6 5 2 
7 6 2 5 

90 7318746763332691263 2 4
4 6 3 1 
6 4 3 1 

344 11025324576651510866 1 4
3 4 6 8 

210 1229801120248658742 1 4
1 4 7 6 

85 6534630873780932037 2 4
2 4 0 6 
4 2 0 6 

212 2974813683649203891 2 4
2 4 6 7 
4 2 6 7 

202 888316546281905823 2 4
3 1 6 7 
3 1 7 6 

329 15669754230730330559 2 4
3 0 6 8 
3 0 8 6 

77 15406660600063173003 2 4
0 6 3 2 
3 2 0 6 

204 10083773938285380914 2 4
3 2 6 7 
3 2 7 6 

198 6835932951802193792 2 4
1 2 6 7 
1 2 7 6 

57 9731902847931869395 1 4
0 4 3 5 

184 17465748723387151498 2 4
4 7 3 5 
7 4 3 5 

178 3021977416165261066 2 4
4 7 1 5 
7 4 1 5 

305 7280204158998552156 2 4
4 5 0 8 
5 4 0 8 

43 14491333849796207520 1 4
0 3 5 1 

297 9124570862512070069 1 4
3 5 0 8 

45 14312048026437580726 1 4
0 3 5 2 

39 12582083999160964811 1 4
0 1 5 2 

293 15896268698264125057 2 4
0 8 5 2 
0 8 2 5 

15 14120860662937906221 1 4
0 3 1 2 

269 15406660600063173003 2 4
0 8 3 2 
3 2 0 8 

386 2231123473344165760 2 3
1 7 8 
1 8 7 

259 8387938762811113651 1 3
1 0 8 

92 10983409412583460812 2 4
4 6 3 2 
6 4 3 2 

71 13160987837634650052 1 4
0 6 1 2 

328 12585292063867719537 2 3
3 6 8 
3 8 6 

201 5625766177066252915 2 4
3 0 6 7 
3 0 7 6 

86 14807029211937000148 2 4
4 6 2 1 
6 4 2 1 

83 6566555380970344854 1 4
1 4 0 6 

340 17015737541233389546 2 4
2 4 6 8 
4 2 6 8 

154 3503772650113454045 2 4
4 7 3 1 
7 4 3 1 

281 5655568875390600688 1 4
3 4 0 8 

408 4771278937119862935 1 4
3 4 7 8 

322 13752374035463932803 2 3
1 6 8 
1 8 6 

195 12796530862410738943 2 4
1 0 6 7 
1 0 7 6 

11 16415941006346795729 1 3
0 3 1 

265 11149028268085365730 1 3
3 0 8 

274 1323343037929180393 2 3
1 4 8 
1 8 4 

153 858386096429394798 1 4
3 4 0 7 

176 6906529405458791006 6 3
4 5 7 
4 7 5 
5 4 7 
5 7 4 
7 5 4 
7 4 5 

194 5663025652629223921 2 3
1 6 7 
1 7 6 

67 8387938762811113651 1 3
1 0 6 

304 6906529405458791006 6 3
4 5 8 
4 8 5 
5 4 8 
5 8 4 
8 5 4 
8 4 5 

177 7280204158998552156 2 4
4 5 0 7 
5 4 0 7 

9 17087753756477223945 2 2
0 3 
3 0 

263 13160987837634650052 1 4
0 8 1 2 

390 9814451200329864811 2 4
7 8 1 2 
8 7 1 2 

41 16093423872204931228 1 3
0 3 5 

53 16759578986255104721 1 4
0 4 5 2 

180 10601132076907988804 2 4
4 7 2 5 
7 4 2 5 

112 6906529405458791006 6 3
4 5 6 
4 6 5 
5 4 6 
5 6 4 
6 5 4 
6 4 5 

37 7698985776645440831 2 3
0 2 5 
0 5 2 

291 14659958339267358355 1 4
0 8 1 5 

148 754205998099296360 6 3
2 4 7 
2 7 4 
4 2 7 
4 7 2 
7 4 2 
7 2 4 

275 11100890817693814126 1 4
1 4 0 8 

402 6156743128018102125 1 4
1 4 7 8 

146 327067003963335458 2 3
1 4 7 
1 7 4 

7 12814344926018448297 1 3
0 1 2 

152 15538808191813614364 2 3
3 4 7 
3 7 4 

35 9828701846255597832 1 3
0 1 5 

3 4377786004199497311 1 2
0 1 

89 9355734335757152917 1 4
3 4 0 6 

216 1825674171887072038 1 4
3 4 6 7 

200 17258787824257198352 2 3
3 6 7 
3 7 6 

13 11149028268085365730 1 3
0 3 2 

267 14970762704075013512 1 4
0 8 3 1 

137 11149028268085365730 1 3
3 0 7 

394 6244188280160558719 2 4
3 1 7 8 
3 1 8 7 

131 8387938762811113651 1 3
1 0 7 

226 1283022921573306731 2 4
1 5 6 7 
1 5 7 6 

19 327867739371033520 1 3
0 1 4 

276 14860785610888650053 6 3
2 4 8 
2 8 4 
4 2 8 
4 8 2 
8 4 2 
8 2 4 

149 17551861176896189898 2 4
2 4 0 7 
4 2 0 7 

84 13119232308241019096 6 3
2 4 6 
2 6 4 
4 2 6 
4 6 2 
6 4 2 
6 2 4 

338 12880100266817802468 1 4
1 4 8 6 

280 10706753935364593016 2 3
3 4 8 
3 8 4 

23 1056253197463335679 1 4
0 4 1 2 

150 10318168893125950790 2 4
4 7 1 2 
7 4 1 2 

277 4415345656511538872 2 4
2 4 0 8 
4 2 0 8 

147 4282952595918841823 1 4
1 4 0 7 

404 7978115995136584964 2 4
2 4 8 7 
4 2 8 7 

82 1148611612121554985 2 3
1 4 6 
1 6 4 

29 5655568875390600688 1 4
0 4 3 2 

156 5526789456813388103 2 4
4 7 3 2 
7 4 3 2 

88 2512533711646785065 2 3
3 4 6 
3 6 4 

116 14772881018774504782 2 4
4 6 2 5 
6 4 2 5 

114 13341379709743572060 2 4
4 6 1 5 
6 4 1 5 

368 3364750820705448782 4 4
4 5 6 8 
4 5 8 6 
5 4 6 8 
5 4 8 6 

120 14186263560562882883 2 4
4 6 3 5 
6 4 3 5 

392 3870621583062396010 2 3
3 7 8 
3 8 7 

135 13160987837634650052 1 4
0 7 1 2 

141 15406660600063173003 2 4
0 7 3 2 
3 2 0 7 

396 5212208834225348329 2 4
3 2 7 8 
3 2 8 7 

139 14970762704075013512 1 4
0 7 3 1 

393 5215022540671273095 2 4
3 0 7 8 
3 0 8 7 

165 15896268698264125057 2 4
0 7 5 2 
0 7 2 5 

420 3092465935444304488 4 4
7 8 2 5 
7 8 5 2 
8 7 5 2 
8 7 2 5 

163 14659958339267358355 1 4
0 7 1 5 

169 9124570862512070069 1 4
3 5 0 7 

21 10706753935364593016 2 3
0 2 4 
0 4 2 

278 3936955640302321587 2 4
4 8 1 2 
8 4 1 2 

27 9857826808787743204 1 4
0 4 3 1 

284 4415345656511538872 2 4
4 8 3 2 
8 4 3 2 

25 12533917308045192969 2 3
0 3 4 
3 0 4 

282 17878389779343261184 2 4
4 8 3 1 
8 4 3 1 

51 3310337402503975341 1 4
0 4 5 1 

308 16795696787755097424 2 4
4 8 2 5 
8 4 2 5 

49 12254329342543767602 2 3
0 4 5 
0 5 4 

306 445740923631160849 2 4
4 8 1 5 
8 4 1 5 

312 12886457171362146991 2 4
4 8 3 5 
8 4 3 5 

323 14189902783125486146 2 4
1 0 6 8 
1 0 8 6 

326 2357681373491265331 2 4
1 2 6 8 
1 2 8 6 

75 14970762704075013512 1 4
0 6 3 1 

332 7150496180077738619 2 4
3 2 6 8 
3 2 8 6 

73 11149028268085365730 1 3
3 0 6 

330 9873731521462084146 2 4
3 1 6 8 
3 1 8 6 

354 1252633100482169856 2 4
1 5 6 8 
1 5 8 6 

99 14659958339267358355 1 4
0 6 1 5 

356 7556829846088060811 4 4
6 8 2 5 
6 8 5 2 
8 6 5 2 
8 6 2 5 

360 17092683512652283440 2 4
3 5 6 8 
3 5 8 6 

387 17207841594153866587 2 4
1 0 7 8 
1 0 8 7 

