bhabha2pb2m[0,0,0,0,0,0,0,0,0]*(5*a1-5*a2+5*a6-5*a7)
bhabha2pb2m[0,1,0,0,0,-1,0,0,0]*(-3*a1)
bhabha2pb2m[0,1,0,0,0,0,0,0,0]*(-3*a1+5*a1*eta)
bhabha2pb2m[0,1,-1,0,0,0,0,0,0]*(-2*a1)
bhabha2pb2m[0,0,0,0,0,0,0,0,1]*(18*a8)
bhabha2pb2m[0,0,0,0,0,0,-1,0,1]*(-6*a8)
bhabha2pb2m[-1,0,0,0,0,0,1,0,0]*(-7*a6)
bhabha2pb2m[-1,0,0,0,0,0,0,0,1]*(9*a8)
bhabha2pb2m[0,0,0,1,0,0,0,0,0]*(-4*a3*eta+6*a3)
bhabha2pb2m[0,0,0,0,0,0,1,-1,0]*(2*a6)
bhabha2pb2m[0,0,0,0,0,0,1,0,0]*(-14*a6)
bhabha2pb2m[0,-1,1,0,0,0,0,0,0]*(2*a2)
bhabha2pb2m[0,0,1,0,0,-1,0,0,0]*(3*a2)
bhabha2pb2m[0,0,1,0,0,0,0,0,0]*(2*a2*eta+3*a2)
bhabha2pb2m[0,0,0,0,0,0,0,-1,1]*(-3*a8)
bhabha2pb2m[0,-1,0,1,0,0,0,0,0]*(-4*a3)
bhabha2pb2m[0,0,0,1,0,-1,0,0,0]*(6*a3)
bhabha2pb2m[-1,0,0,0,0,0,0,1,0]*(7*a7)
bhabha2pb2m[0,0,0,0,0,0,0,1,0]*(14*a7)
bhabha2pb2m[0,0,-1,1,0,0,0,0,0]*(-2*a3)
bhabha2pb2m[0,0,0,0,0,0,-1,1,0]*(-2*a7)

bhabha2pb2m[0,1,-1,0,0,0,0,0,0]*(2*a1)
bhabha2pb2m[0,1,0,0,0,-1,0,0,0]*(3*a1)
bhabha2pb2m[0,1,0,0,0,0,0,0,0]*(-27*a1)
bhabha2pb2m[0,0,0,0,0,0,0,0,0]*(6*a8-4*a2+4*a3-6*a7)
bhabha2pb2m[0,1,0,-1,0,0,0,0,0]*(-5*a1)
bhabha2pb2m[-1,0,0,0,0,0,0,0,1]*(-4*a8)
bhabha2pb2m[-1,0,0,0,0,0,1,0,0]*(2*a6)
bhabha2pb2m[0,0,0,0,0,0,1,-1,0]*(3*a6)
bhabha2pb2m[0,0,0,0,0,0,1,0,0]*(4*a6)
bhabha2pb2m[0,0,0,1,0,0,0,0,0]*(28*a3)
bhabha2pb2m[0,0,0,0,0,0,1,0,-1]*(-5*a6)
bhabha2pb2m[0,0,0,1,0,-1,0,0,0]*(4*a3)
bhabha2pb2m[0,0,0,0,0,0,0,0,1]*(-8*a8)
bhabha2pb2m[0,0,1,0,0,-1,0,0,0]*(6*a2)
bhabha2pb2m[0,0,1,0,0,0,0,0,0]*(-6*a2)
bhabha2pb2m[0,0,0,0,0,0,0,-1,1]*(-2*a8)
bhabha2pb2m[0,0,1,-1,0,0,0,0,0]*(-2*a2)
bhabha2pb2m[0,0,-1,1,0,0,0,0,0]*(-8*a3)
bhabha2pb2m[-1,0,0,0,0,0,0,1,0]*(4*a7)
bhabha2pb2m[0,0,0,0,0,0,0,1,-1]*(2*a7)
bhabha2pb2m[0,0,0,0,0,0,0,1,0]*(8*a7)

bhabha2pb2m[0,0,0,0,0,0,0,0,0]*(3*a1-3*a8-5*a2+3*a6+2*a3)
bhabha2pb2m[0,1,0,0,0,-1,0,0,0]*(-3*a1)
bhabha2pb2m[0,1,0,0,0,0,0,0,0]*(9*a1+3*a1*eta)
bhabha2pb2m[0,1,-1,0,0,0,0,0,0]*(-2*a1)
bhabha2pb2m[0,1,0,-1,0,0,0,0,0]*(2*a1)
bhabha2pb2m[0,0,0,1,0,0,0,0,0]*(4*a3*eta+8*a3)
bhabha2pb2m[-1,0,0,0,0,0,1,0,0]*(-5*a6)
bhabha2pb2m[-1,0,0,0,0,0,0,0,1]*(5*a8)
bhabha2pb2m[0,0,0,1,0,-1,0,0,0]*(-4*a3)
bhabha2pb2m[0,0,0,0,0,0,1,0,-1]*(2*a6)
bhabha2pb2m[0,0,0,0,0,0,1,0,0]*(-10*a6)
bhabha2pb2m[0,-1,1,0,0,0,0,0,0]*(6*a2)
bhabha2pb2m[0,0,1,0,0,-1,0,0,0]*(-6*a2)
bhabha2pb2m[0,0,1,0,0,0,0,0,0]*(6*a2*eta+24*a2)
bhabha2pb2m[0,0,0,0,0,0,0,0,1]*(10*a8)
bhabha2pb2m[0,0,1,-1,0,0,0,0,0]*(5*a2)
bhabha2pb2m[0,-1,0,1,0,0,0,0,0]*(4*a3)
bhabha2pb2m[0,0,0,0,0,0,0,1,0]*(22*a7)
bhabha2pb2m[0,0,0,0,0,0,0,1,-1]*(-5*a7)
bhabha2pb2m[0,0,-1,1,0,0,0,0,0]*(-2*a3)
bhabha2pb2m[0,0,0,0,0,0,-1,0,1]*(-2*a8)
bhabha2pb2m[-1,0,0,0,0,0,0,1,0]*(11*a7)
bhabha2pb2m[0,0,0,0,0,0,-1,1,0]*(-6*a7)

