bhabha2pb2m[-1,0,0,0,0,1,0,0,0]*(-7*a5)
bhabha2pb2m[0,0,0,0,0,0,0,0,0]*(-5*a1+5*a8+5*a5-5*a6)
bhabha2pb2m[0,0,0,0,0,0,0,1,0]*(18*a7)
bhabha2pb2m[0,0,0,0,0,1,-1,0,0]*(2*a5)
bhabha2pb2m[0,0,0,0,0,1,0,0,0]*(-14*a5)
bhabha2pb2m[0,0,0,0,-1,0,0,0,1]*(-7*a8)
bhabha2pb2m[0,0,0,0,0,0,-1,1,0]*(-3*a7)
bhabha2pb2m[0,0,0,0,0,0,0,0,1]*(-7*a8)
bhabha2pb2m[0,-1,0,0,0,0,0,0,1]*(2*a8)
bhabha2pb2m[-1,0,0,0,0,0,0,1,0]*(9*a7)
bhabha2pb2m[0,0,1,0,0,0,0,0,0]*(-2*a2)
bhabha2pb2m[0,1,0,0,-1,0,0,0,0]*(7*a1)
bhabha2pb2m[0,1,0,0,0,0,0,0,-1]*(-2*a1)
bhabha2pb2m[0,1,0,0,0,0,0,0,0]*(7*a1)
bhabha2pb2m[0,0,1,0,-1,0,0,0,0]*(-2*a2)
bhabha2pb2m[-1,0,0,0,0,0,1,0,0]*(7*a6)
bhabha2pb2m[0,0,0,0,0,-1,0,1,0]*(-6*a7)
bhabha2pb2m[0,0,0,0,0,0,1,0,0]*(14*a6)
bhabha2pb2m[0,0,1,0,0,0,0,0,-1]*(4*a2)
bhabha2pb2m[0,-1,1,0,0,0,0,0,0]*(-2*a2)
bhabha2pb2m[0,0,0,0,0,-1,1,0,0]*(-2*a6)

bhabha2pb2m[-1,0,0,0,0,1,0,0,0]*(2*a5)
bhabha2pb2m[0,0,0,0,0,1,-1,0,0]*(3*a5)
bhabha2pb2m[0,0,0,0,0,1,0,0,0]*(4*a5)
bhabha2pb2m[0,0,0,0,0,0,0,0,0]*(-4*a1+4*a2-6*a6+6*a7)
bhabha2pb2m[0,0,0,0,0,1,0,-1,0]*(-5*a5)
bhabha2pb2m[-1,0,0,0,0,0,0,1,0]*(-4*a7)
bhabha2pb2m[0,-1,0,0,0,0,0,0,1]*(-2*a8)
bhabha2pb2m[0,0,0,0,-1,0,0,0,1]*(-3*a8)
bhabha2pb2m[0,0,0,0,0,0,0,0,1]*(27*a8+5*a8*eta)
bhabha2pb2m[0,0,1,0,0,0,0,0,0]*(28*a2+4*a2*eta)
bhabha2pb2m[0,0,-1,0,0,0,0,0,1]*(5*a8)
bhabha2pb2m[0,0,1,0,-1,0,0,0,0]*(4*a2)
bhabha2pb2m[0,0,0,0,0,0,0,1,0]*(-8*a7)
bhabha2pb2m[0,1,0,0,-1,0,0,0,0]*(6*a1)
bhabha2pb2m[0,1,0,0,0,0,0,0,0]*(-6*a1-2*a1*eta)
bhabha2pb2m[0,0,0,0,0,0,-1,1,0]*(-2*a7)
bhabha2pb2m[0,1,-1,0,0,0,0,0,0]*(-2*a1)
bhabha2pb2m[0,0,0,0,0,0,1,-1,0]*(2*a6)
bhabha2pb2m[0,-1,1,0,0,0,0,0,0]*(-8*a2)
bhabha2pb2m[-1,0,0,0,0,0,1,0,0]*(4*a6)
bhabha2pb2m[0,0,0,0,0,0,1,0,0]*(8*a6)

bhabha2pb2m[-1,0,0,0,0,1,0,0,0]*(-5*a5)
bhabha2pb2m[0,0,0,0,0,0,0,0,0]*(-5*a1+3*a8+3*a5+2*a2-3*a7)
bhabha2pb2m[-1,0,0,0,0,0,0,1,0]*(5*a7)
bhabha2pb2m[0,0,0,0,0,1,0,-1,0]*(2*a5)
bhabha2pb2m[0,0,0,0,0,1,0,0,0]*(-10*a5)
bhabha2pb2m[0,0,0,0,-1,0,0,0,1]*(-3*a8)
bhabha2pb2m[0,0,0,0,0,0,0,1,0]*(10*a7)
bhabha2pb2m[0,0,0,0,0,0,0,0,1]*(-15*a8-2*a8*eta)
bhabha2pb2m[0,-1,0,0,0,0,0,0,1]*(2*a8)
bhabha2pb2m[0,0,-1,0,0,0,0,0,1]*(-2*a8)
bhabha2pb2m[0,-1,1,0,0,0,0,0,0]*(-2*a2)
bhabha2pb2m[0,1,0,0,-1,0,0,0,0]*(6*a1)
bhabha2pb2m[0,1,0,0,0,0,0,0,-1]*(-6*a1)
bhabha2pb2m[0,1,0,0,0,0,0,0,0]*(36*a1+5*a1*eta)
bhabha2pb2m[0,0,0,0,0,-1,0,1,0]*(-2*a7)
bhabha2pb2m[0,1,-1,0,0,0,0,0,0]*(5*a1)
bhabha2pb2m[0,0,1,0,0,0,0,0,-1]*(-4*a2)
bhabha2pb2m[0,0,1,0,-1,0,0,0,0]*(4*a2)
bhabha2pb2m[0,0,0,0,0,0,1,0,0]*(22*a6)
bhabha2pb2m[0,0,1,0,0,0,0,0,0]*(16*a2+2*a2*eta)
bhabha2pb2m[-1,0,0,0,0,0,1,0,0]*(11*a6)
bhabha2pb2m[0,0,0,0,0,0,1,-1,0]*(-5*a6)
bhabha2pb2m[0,0,0,0,0,-1,1,0,0]*(-6*a6)

