506 15620130483953721908 2 7
5 3 6 7 1 8 4 
5 1 8 4 3 6 7 

491 4055055889110117467 1 7
5 1 8 0 3 7 6 

494 2720810331096184347 1 7
5 1 8 3 2 7 6 

443 8657209335098524606 1 7
5 3 7 1 8 0 4 

446 3277551913748712412 1 7
5 1 8 4 3 2 7 

431 10016409890026338229 1 7
5 1 8 0 3 2 7 

505 15637647189333994916 1 7
5 3 6 7 8 4 0 

508 7954731069156802371 1 7
5 4 8 3 2 7 6 

493 10636289193797646626 1 7
5 8 0 3 2 7 6 

445 17493007211580793479 1 7
5 3 2 7 8 0 4 

499 7371600980721540010 1 7
5 7 6 1 4 8 0 

502 5685369812617530308 1 7
5 1 8 4 2 6 7 

501 32270693958014603 2 7
5 2 6 7 8 4 0 
5 2 7 6 4 8 0 

487 11331363146574036692 1 7
5 1 8 0 2 7 6 

439 18315641233763312682 1 7
5 2 7 1 8 0 4 

475 5477081989870644958 1 7
3 6 7 1 0 8 4 

415 3551236417632290947 2 7
2 3 7 1 0 8 4 
3 2 7 1 0 8 4 

477 11870663138481918396 2 7
0 4 8 3 2 6 7 
0 8 4 3 2 6 7 

478 17236715913567687077 1 7
1 8 4 3 2 6 7 

463 10066321826581994302 1 7
1 0 8 3 2 6 7 

471 11621003613034858208 2 7
2 6 7 1 0 8 4 
2 7 6 1 0 8 4 

379 5115410010137237932 1 7
5 3 6 1 4 0 8 

367 3744002703264162250 1 7
5 1 0 8 3 2 6 

382 9300277447165800783 1 7
5 1 4 8 3 2 6 

319 2374763614201251871 1 7
5 3 2 1 0 8 4 

381 4095834724335652632 1 7
5 3 2 6 4 0 8 

351 9205908349339500002 1 7
3 2 6 1 0 8 4 

375 9549956743672342283 1 7
5 2 6 1 4 0 8 

251 6228961744441670228 1 7
5 1 4 0 3 6 7 

239 12795578786251859461 1 7
5 1 0 3 2 6 7 

191 9610624165724129010 1 7
5 1 0 4 3 2 7 

254 16308458769386594528 1 7
5 1 4 3 2 6 7 

127 3283868492979627442 1 7
5 1 4 0 3 2 6 

247 9878633392027648856 1 7
5 1 4 0 2 6 7 

253 143406361359389249 1 7
5 4 0 3 2 6 7 

223 11070631078220661716 1 7
1 0 4 3 2 6 7 

490 11657093155645032796 1 6
5 1 8 3 7 6 

442 5429548130154424946 1 6
5 3 7 1 8 4 

427 10625771613477754859 1 6
5 3 7 1 8 0 

430 3558511557731516111 1 6
5 1 8 3 2 7 

489 579180040307995781 1 6
5 8 0 3 7 6 

504 4256170867034288619 1 6
5 4 8 3 7 6 

492 5771567354490341414 2 6
5 8 3 2 7 6 
8 5 3 2 7 6 

441 7539213181544606426 1 6
5 3 7 8 0 4 

444 11316681182626000233 1 6
5 8 4 3 2 7 

429 6728929195064005857 1 6
5 8 0 3 2 7 

483 4893765000793422316 1 6
5 7 6 1 8 0 

498 4256170867034288619 1 6
5 7 6 1 4 8 

435 1062664257771495213 2 6
5 7 1 8 0 4 
7 5 1 8 0 4 

486 3881640466427956218 1 6
5 1 8 2 7 6 

497 13473233131703264000 2 6
5 6 7 8 4 0 
5 7 6 4 8 0 

423 811990933481719197 1 6
5 2 7 1 8 0 

438 1477328639218358948 1 6
5 2 7 1 8 4 

500 8949792681129148197 2 6
5 4 8 2 7 6 
5 8 4 2 6 7 

485 3168355929385098574 1 6
5 8 0 2 7 6 

474 9664659580043954769 2 6
1 8 4 3 6 7 
3 6 7 1 8 4 

459 10619229778439772080 1 6
1 0 8 3 6 7 

437 5707486863316149559 1 6
5 2 7 8 0 4 

462 10249849302948238587 1 6
1 8 3 2 6 7 

414 4057669094100344527 2 6
1 8 4 3 2 7 
1 8 4 2 3 7 

399 7706013079832485945 2 6
1 0 8 3 2 7 
1 0 8 2 3 7 

411 8913297516635563450 1 6
3 7 1 0 8 4 

473 5877163488697692561 2 6
3 6 7 0 4 8 
3 6 7 0 8 4 

476 10185279196549763206 2 6
4 8 3 2 6 7 
8 4 3 2 6 7 

413 3412305818332951916 4 6
2 3 7 0 4 8 
2 3 7 0 8 4 
3 2 7 0 4 8 
3 2 7 0 8 4 

461 16956044794953801550 1 6
0 8 3 2 6 7 

467 12078694481076679082 2 6
6 7 1 0 8 4 
7 6 1 0 8 4 

455 1118276768156224789 2 6
1 0 8 2 7 6 
1 0 8 2 6 7 

470 7902747442731901701 2 6
1 8 4 2 7 6 
1 8 4 2 6 7 

407 8913297516635563450 1 6
2 7 1 0 8 4 

469 7827889540293469095 4 6
2 6 7 0 4 8 
2 6 7 0 8 4 
2 7 6 0 4 8 
2 7 6 0 8 4 

363 4256841441936303068 1 6
5 3 6 1 0 8 

378 11657093155645032796 1 6
5 3 6 1 4 8 

366 672931056080305172 1 6
5 1 8 3 2 6 

318 6847673608613352984 1 6
5 3 2 1 8 4 

315 5135884493213777908 1 6
3 5 1 0 8 4 

303 591783768790792286 1 6
5 3 2 1 0 8 

377 1359609848479810392 1 6
5 3 6 4 0 8 

365 17388308047709971290 1 6
5 0 8 3 2 6 

380 16261193324287292028 1 6
5 4 8 3 2 6 

317 2037048160129160234 1 6
5 3 2 0 4 8 

371 5033207161861851838 2 6
5 6 1 4 0 8 
6 5 1 4 0 8 

359 12954071886274239855 1 6
5 2 6 1 0 8 

374 4437638152719133672 1 6
5 2 6 1 4 8 

311 11965194181417313709 1 6
2 5 1 0 8 4 

373 5707486863316149559 1 6
5 2 6 4 0 8 

347 3544952470209398249 1 6
3 6 1 0 8 4 

287 4144881257744481725 2 6
2 3 1 0 8 4 
3 2 1 0 8 4 

335 8196303787820285354 1 6
1 0 8 3 2 6 

350 5813078525945078869 1 6
1 8 4 3 2 6 

349 8223227116892774211 2 6
3 2 6 0 4 8 
3 2 6 0 8 4 

235 5170187482441496073 1 6
5 1 0 3 6 7 

343 8913297516635563450 1 6
2 6 1 0 8 4 

250 5429548130154424946 1 6
5 1 4 3 6 7 

238 12304439522202302579 1 6
1 5 3 2 6 7 

187 1929936955329175168 1 6
5 3 7 1 0 4 

175 18152284818025961378 1 6
5 1 0 3 2 7 

190 6481294432326067064 1 6
5 1 4 3 2 7 

249 6657825015513823709 1 6
5 4 0 3 6 7 

252 17934318880163315229 2 6
4 5 3 2 6 7 
5 4 3 2 6 7 

189 13475379632591545989 1 6
5 0 4 3 2 7 

237 12034878929986779545 1 6
0 5 3 2 6 7 

243 10964373071449953783 1 6
5 6 7 1 4 0 

246 13645739818970934841 1 6
5 1 4 2 6 7 

231 12556298996372160827 1 6
5 1 0 2 7 6 

183 6522268994549288899 1 6
5 2 7 1 0 4 

245 3168355929385098574 1 6
5 4 0 2 6 7 

219 6306907021771662834 1 6
1 0 4 3 6 7 

159 7876629271859862715 2 6
1 0 4 3 2 7 
1 0 4 2 3 7 

207 7738259729194791997 1 6
1 0 3 2 6 7 

222 17830056156839413195 1 6
1 4 3 2 6 7 

221 16956044794953801550 1 6
0 4 3 2 6 7 

123 9779042799491481868 1 6
5 3 6 1 4 0 

215 14881272400856847953 2 6
1 0 4 2 6 7 
1 0 4 2 7 6 

111 16500107745032816288 1 6
5 1 0 3 2 6 

126 2374803439733675903 1 6
5 1 4 3 2 6 

63 1986476479012632320 1 6
5 3 2 1 0 4 

125 16212640993430827984 1 6
5 4 0 3 2 6 

95 14299887371323682608 1 6
1 0 4 3 2 6 

119 55584022379775536 1 6
5 2 6 1 4 0 

488 18064990090265222733 2 5
5 8 3 7 6 
8 5 3 7 6 

426 12813607503129867153 1 5
5 1 8 3 7 

440 10711925097737042252 1 5
5 3 7 8 4 

428 12158667911140282298 4 5
5 8 2 3 7 
5 8 3 2 7 
8 5 3 2 7 
8 5 2 3 7 

425 7311203388328941449 1 5
5 3 7 8 0 

482 4596102902320277502 1 5
5 1 8 7 6 

434 2931493229845075762 2 5
5 7 1 8 4 
7 5 1 8 4 

354 3758550860374928371 2 4
5 6 1 8 
6 5 1 8 

97 8601944490373965179 2 3
0 5 6 
0 6 5 

294 5036159874697649378 1 4
2 5 1 8 

37 15958059800931094834 1 3
2 0 5 

330 12030119370035199782 2 4
1 8 3 6 
3 6 1 8 

73 7703474770747799351 1 3
0 3 6 

282 8389516611493844045 1 4
3 1 8 4 

25 13848700440936545170 1 3
3 0 4 

270 3117539274478306512 2 4
1 8 3 2 
1 8 2 3 

13 7989903122454054610 2 3
0 2 3 
0 3 2 

326 1361567497545663179 1 4
1 8 2 6 

69 17533981407011413632 1 3
0 2 6 

278 8389516611493844045 1 4
2 1 8 4 

21 13848700440936545170 1 3
2 0 4 

163 5484117548083336729 2 4
5 7 1 0 
7 5 1 0 

420 15804328657059468321 2 4
5 8 2 7 
8 5 2 7 

178 5017445520378449331 2 4
5 7 1 4 
7 5 1 4 

177 9783297349792090454 2 4
5 7 0 4 
7 5 0 4 

210 7150496180077738619 2 4
1 4 6 7 
1 4 7 6 

195 17888136917517282793 2 4
1 0 6 7 
1 0 7 6 

209 500395640035807574 2 4
0 4 6 7 
0 4 7 6 

466 4622508568593048949 2 5
6 7 1 8 4 
7 6 1 8 4 

360 3758550860374928371 2 4
5 8 3 6 
8 5 3 6 

103 1549652078471550345 1 5
5 1 0 2 6 

106 18188994175204141202 1 4
1 5 3 6 

297 13248990915694869813 1 4
3 5 0 8 

170 12790940207649449064 1 4
1 5 3 7 

43 2222252560919144194 1 4
3 5 1 0 

300 342674997343172527 4 4
5 8 2 3 
5 8 3 2 
8 5 3 2 
8 5 2 3 

312 18125736765879375276 1 4
3 5 4 8 

55 3150857807184819883 1 5
2 5 1 0 4 

58 12790940207649449064 1 4
3 5 1 4 

46 13219029515554589214 1 4
1 5 3 2 

120 9515771854054113449 2 4
4 5 3 6 
5 4 3 6 

60 9258636742296635226 2 4
4 5 3 2 
5 4 3 2 

105 12441571569185702856 1 4
0 5 3 6 

362 13206557887366424125 2 5
5 3 6 1 8 
5 1 8 3 6 

184 5017445520378449331 2 4
4 5 3 7 
5 4 3 7 

57 2495908335723490566 1 4
3 5 0 4 

314 8336637092471597263 1 5
3 5 1 8 4 

353 9783297349792090454 2 4
5 6 0 8 
6 5 0 8 

226 18125736765879375276 1 4
1 5 7 6 

99 7206845894264776275 2 4
5 6 1 0 
6 5 1 0 

356 17551861176896189898 2 4
5 8 2 6 
8 5 2 6 

45 13936225467280465456 1 4
0 5 3 2 

302 11409886770531985166 1 5
5 1 8 3 2 

368 1677071180347565230 2 4
5 6 4 8 
6 5 4 8 

114 15804328657059468321 2 4
5 6 1 4 
6 5 1 4 

102 12844178937462204567 1 4
1 5 2 6 

240 1677071180347565230 2 4
4 5 6 7 
5 4 6 7 

113 18041200491207493591 2 4
5 6 4 0 
6 5 4 0 

370 18064990090265222733 2 5
5 6 1 4 8 
6 5 1 4 8 

308 698476773254776664 2 4
2 5 4 8 
2 5 8 4 

54 12844178937462204567 1 4
2 5 1 4 

293 430096884007488319 1 4
2 5 0 8 

166 6570806256634135414 1 4
1 5 2 7 

39 1416558437811061921 1 4
2 5 1 0 

296 10706753935364593016 2 3
3 5 8 
3 8 5 

116 15804328657059468321 2 4
4 5 2 6 
5 4 2 6 

193 15075452131784449724 2 3
0 6 7 
0 7 6 

450 3982813991072387447 2 4
1 8 7 6 
1 8 6 7 

329 17328504403499794297 1 4
3 6 0 8 

202 8389516611493844045 1 4
1 3 6 7 

75 6510546431061236673 1 4
1 0 3 6 

201 8500616377008772498 1 4
0 3 6 7 

458 12586974753393532778 1 5
1 8 3 6 7 

74 1100806113672523033 1 3
1 3 6 

331 17909229297275876235 1 5
3 6 1 0 8 

269 5732719494325421466 2 4
2 3 0 8 
3 2 0 8 

142 11990823882079085441 2 4
1 2 3 7 
1 3 2 7 

15 3386673144704424243 2 4
1 0 2 3 
1 0 3 2 

56 12769602731266802952 2 3
3 4 5 
3 5 4 

313 7405574645410706548 1 5
3 5 0 4 8 

52 10706753935364593016 2 3
2 4 5 
2 5 4 

309 4967223170978596432 2 5
2 5 0 4 8 
2 5 0 8 4 

135 12415588143268957312 1 4
1 0 2 7 

262 1100806113672523033 1 3
2 1 8 

5 17935342459963897086 1 2
2 0 

85 7521903088142947439 1 4
2 6 0 4 

342 16476275988343549283 1 5
2 6 1 8 4 

141 12122797391891073009 2 4
0 2 3 7 
0 3 2 7 

398 4529249393062366034 2 5
1 8 3 2 7 
1 8 2 3 7 

14 260049142612031377 2 3
1 2 3 
1 3 2 

271 12479129437640119803 2 5
2 3 1 0 8 
3 2 1 0 8 

41 4878161687644976142 1 3
3 0 5 

298 18188994175204141202 1 4
3 5 1 8 

197 18375751073023694622 2 4
0 2 6 7 
0 2 7 6 

454 2297159645589997922 2 5
1 8 2 7 6 
1 8 2 6 7 

70 11149028268085365730 1 3
1 2 6 

327 16854627920168794569 1 5
2 6 1 0 8 

133 17533981407011413632 1 3
0 2 7 

390 1361567497545663179 1 4
1 8 2 7 

6 17087753756477223945 2 2
1 2 
2 1 

263 13542272962862673404 1 4
2 1 0 8 

165 15912622039163309722 1 4
0 5 2 7 

422 8497648867450228684 1 5
5 1 8 2 7 

292 10706753935364593016 2 3
2 5 8 
2 8 5 

38 16574095905003600574 2 3
1 2 5 
2 1 5 

295 11405085245648914461 1 5
2 5 1 0 8 

9 17935342459963897086 1 2
3 0 

266 1100806113672523033 1 3
3 1 8 

10 17087753756477223945 2 2
1 3 
3 1 

267 13542272962862673404 1 4
3 1 0 8 

137 17533981407011413632 1 3
0 3 7 

394 1361567497545663179 1 4
1 8 3 7 

78 4482402122045907183 1 4
1 3 2 6 

112 2728381371886174304 6 3
4 5 6 
4 6 5 
5 4 6 
5 6 4 
6 5 4 
6 4 5 

369 2727179038631408762 2 5
5 6 4 0 8 
6 5 4 0 8 

180 17551861176896189898 2 4
4 5 2 7 
5 4 2 7 

53 430096884007488319 1 4
2 5 0 4 

310 10080545440292170948 1 5
2 5 1 8 4 

134 11149028268085365730 1 3
1 2 7 

391 16854627920168794569 1 5
2 7 1 0 8 

7 2298269569450354975 1 3
2 1 0 

261 13848700440936545170 1 3
2 0 8 

101 15912622039163309722 1 4
0 5 2 6 

358 10046078961121171847 1 5
5 1 8 2 6 

194 12585292063867719537 2 3
1 6 7 
1 7 6 

451 12014171187311810556 2 5
6 7 1 0 8 
7 6 1 0 8 

161 8601944490373965179 2 3
0 5 7 
0 7 5 

418 9515771854054113449 2 4
5 7 1 8 
7 5 1 8 

153 7521903088142947439 1 4
3 7 0 4 

410 16476275988343549283 1 5
3 7 1 8 4 

26 11149028268085365730 1 3
3 1 4 

283 11103218606983905550 1 5
3 1 0 8 4 

280 12585292063867719537 2 3
3 4 8 
3 8 4 

23 9073241651753687962 1 4
2 1 0 4 

176 754205998099296360 6 3
4 5 7 
4 7 5 
5 4 7 
5 7 4 
7 5 4 
7 4 5 

433 2727179038631408762 2 5
5 7 8 0 4 
7 5 8 0 4 

149 7521903088142947439 1 4
2 7 0 4 

406 16476275988343549283 1 5
2 7 1 8 4 

22 11149028268085365730 1 3
2 1 4 

279 11103218606983905550 1 5
2 1 0 8 4 

276 12585292063867719537 2 3
2 4 8 
2 8 4 

11 2298269569450354975 1 3
3 1 0 

138 11149028268085365730 1 3
1 3 7 

395 16854627920168794569 1 5
3 7 1 0 8 

265 13848700440936545170 1 3
3 0 8 

29 5732719494325421466 2 4
2 3 0 4 
3 2 0 4 

286 14757008162573915736 2 5
2 3 1 8 4 
3 2 1 8 4 

139 12415588143268957312 1 4
1 0 3 7 

89 17328504403499794297 1 4
3 6 0 4 

346 12586974753393532778 1 5
3 6 1 8 4 

284 2619098640235373304 4 4
2 3 4 8 
2 3 8 4 
3 2 4 8 
3 2 8 4 

27 9073241651753687962 1 4
3 1 0 4 

30 11962963340393468856 2 4
1 4 3 2 
1 4 2 3 

169 5418483658135559333 1 4
0 5 3 7 

42 5851304085804368075 2 3
1 3 5 
3 1 5 

299 11962070091102349134 1 5
3 5 1 0 8 

225 2822895409248407494 2 4
0 5 6 7 
0 5 7 6 

98 10706753935364593016 2 3
1 5 6 
1 6 5 

355 16063015200896224115 2 5
5 6 1 0 8 
6 5 1 0 8 

352 754205998099296360 6 3
5 6 8 
5 8 6 
6 5 8 
6 8 5 
8 6 5 
8 5 6 

162 12769602731266802952 2 3
1 5 7 
1 7 5 

419 11217411883957351426 2 5
5 7 1 8 0 
7 5 1 8 0 

416 2728381371886174304 6 3
5 7 8 
5 8 7 
7 5 8 
7 8 5 
8 7 5 
8 5 7 

277 7525392901702214553 2 4
2 0 4 8 
2 0 8 4 

150 15406660600063173003 2 4
1 4 2 7 
2 7 1 4 

325 7521903088142947439 1 4
2 6 0 8 

198 15669754230730330559 2 4
1 2 6 7 
1 2 7 6 

71 12415588143268957312 1 4
1 0 2 6 

340 7150496180077738619 2 4
2 6 4 8 
2 6 8 4 

86 15406660600063173003 2 4
1 4 2 6 
2 6 1 4 

281 7525392901702214553 2 4
3 0 4 8 
3 0 8 4 

154 15406660600063173003 2 4
1 4 3 7 
3 7 1 4 

77 1809854650952499185 1 4
0 3 2 6 

334 18370894349058557510 1 5
1 8 3 2 6 

344 3982813991072387447 2 4
3 6 4 8 
3 6 8 4 

87 4619911757785968009 1 5
2 6 1 0 4 

90 1361567497545663179 1 4
3 6 1 4 

404 7150496180077738619 2 4
2 7 4 8 
2 7 8 4 

389 7521903088142947439 1 4
2 7 0 8 

449 500395640035807574 2 4
0 8 7 6 
0 8 6 7 

393 7521903088142947439 1 4
3 7 0 8 

408 7150496180077738619 2 4
3 7 4 8 
3 7 8 4 

151 4619911757785968009 1 5
2 7 1 0 4 

464 13150025586414177241 8 4
4 8 7 6 
4 8 6 7 
6 7 4 8 
6 7 8 4 
7 6 4 8 
7 6 8 4 
8 4 7 6 
8 4 6 7 

432 1677071180347565230 2 4
5 7 8 4 
7 5 8 4 

417 18041200491207493591 2 4
5 7 8 0 
7 5 8 0 

480 1677071180347565230 2 4
5 8 7 6 
8 5 7 6 

424 15804328657059468321 2 4
5 8 3 7 
8 5 3 7 

167 4519896223484288946 1 5
5 1 0 2 7 

93 5459937785028026719 1 5
0 4 3 2 6 

79 12066960839258783398 1 5
1 0 3 2 6 

94 7006514734424415631 1 5
1 4 3 2 6 

31 3823493227173135282 2 5
2 3 1 0 4 
3 2 1 0 4 

91 6648666532635138157 1 5
3 6 1 0 4 

348 10750593861048357360 2 5
4 8 3 2 6 
8 4 3 2 6 

117 6726631856280354811 1 5
5 2 6 4 0 

118 2156186079903720028 2 5
5 2 6 1 4 
5 1 4 2 6 

115 15098771517009578628 2 5
5 6 1 4 0 
6 5 1 4 0 

372 379923436499829735 1 5
5 2 6 4 8 

61 3357974633359148307 1 5
5 3 2 0 4 

109 7008809511305016308 1 5
0 5 3 2 6 

124 2442724551721647618 2 5
4 5 3 2 6 
5 4 3 2 6 

121 17301901636395644372 1 5
5 3 6 4 0 

47 11747010144576851106 1 5
5 1 0 3 2 

62 720153406986957353 1 5
5 1 4 3 2 

59 17655076338336235182 1 5
3 5 1 0 4 

316 5989657621515135584 1 5
5 3 2 4 8 

110 17074012987824720655 1 5
1 5 3 2 6 

107 9412784311457439653 1 5
5 1 0 3 6 

364 9407745568372446984 2 5
5 8 3 2 6 
8 5 3 2 6 

122 12813607503129867153 1 5
5 3 6 1 4 

213 12062909479044095800 2 5
0 4 2 6 7 
0 4 2 7 6 

214 1170858302316114891 2 5
1 4 2 6 7 
1 4 2 7 6 

199 9276299119717456067 2 5
1 0 2 6 7 
1 0 2 7 6 

211 17756051038726157904 2 5
6 7 1 0 4 
7 6 1 0 4 

468 5985004378282824371 4 5
4 8 2 7 6 
4 8 2 6 7 
8 4 2 7 6 
8 4 2 6 7 

205 18119138785441016620 1 5
0 3 2 6 7 

157 468570932662407995 2 5
0 4 3 2 7 
0 4 2 3 7 

217 18034619113762535739 1 5
0 4 3 6 7 

158 4829484002395752990 2 5
1 4 3 2 7 
1 4 2 3 7 

155 4619911757785968009 1 5
3 7 1 0 4 

412 319330563881633936 4 5
4 8 2 3 7 
4 8 3 2 7 
8 4 3 2 7 
8 4 2 3 7 

206 10588727508656393821 1 5
1 3 2 6 7 

143 3289745960368753254 2 5
1 0 2 3 7 
1 0 3 2 7 

218 16476275988343549283 1 5
1 4 3 6 7 

203 1246532205109448911 1 5
1 0 3 6 7 

181 16800855072722498481 1 5
5 2 7 0 4 

229 8062759507845852303 2 5
0 5 2 6 7 
0 5 2 7 6 

244 9397628363481839042 2 5
4 5 2 6 7 
5 4 2 6 7 

241 17472910351450515450 1 5
5 4 0 6 7 

182 2312962615793463669 1 5
5 1 4 2 7 

230 15166400095534292492 1 5
1 5 2 7 6 

179 5048511305285075499 2 5
5 7 1 0 4 
7 5 1 0 4 

436 379923436499829735 1 5
5 2 7 8 4 

242 10711925097737042252 1 5
5 1 4 6 7 

227 18277309173071297762 1 5
5 1 0 7 6 

484 9397628363481839042 2 5
5 8 2 7 6 
8 5 2 7 6 

173 8235590435603366844 1 5
0 5 3 2 7 

188 7983641905307666947 2 5
4 5 3 2 7 
5 4 3 2 7 

185 216402059418460862 1 5
5 3 7 0 4 

233 16734322968641226284 1 5
0 5 3 6 7 

248 2931493229845075762 2 5
4 5 3 6 7 
5 4 3 6 7 

174 16534111425537454572 1 5
1 5 3 2 7 

171 17267397501816861203 1 5
5 1 0 3 7 

186 10665237275681059539 2 5
5 3 7 1 4 
5 1 4 3 7 

234 8336637092471597263 1 5
1 5 3 6 7 

341 9966726664873000712 2 5
2 6 0 4 8 
2 6 0 8 4 

333 5459937785028026719 1 5
0 8 3 2 6 

345 10993742110499272110 2 5
3 6 0 4 8 
3 6 0 8 4 

285 7985378983616038005 4 5
2 3 0 4 8 
2 3 0 8 4 
3 2 0 4 8 
3 2 0 8 4 

357 16800855072722498481 1 5
5 2 6 0 8 

301 7538570189389836751 1 5
5 3 2 0 8 

361 13487989879628236465 1 5
5 3 6 0 8 

376 4596102902320277502 1 5
5 3 6 4 8 

405 9966726664873000712 2 5
2 7 0 4 8 
2 7 0 8 4 

453 12062909479044095800 2 5
0 8 2 7 6 
0 8 2 6 7 

465 3506329680996628203 4 5
6 7 0 4 8 
6 7 0 8 4 
7 6 0 4 8 
7 6 0 8 4 

397 468570932662407995 2 5
0 8 3 2 7 
0 8 2 3 7 

457 18034619113762535739 1 5
0 8 3 6 7 

409 9966726664873000712 2 5
3 7 0 4 8 
3 7 0 8 4 

472 4622508568593048949 2 5
4 8 3 6 7 
8 4 3 6 7 

421 6726631856280354811 1 5
5 2 7 8 0 

481 17472910351450515450 1 5
5 8 0 7 6 

496 2116756502251157976 4 5
5 4 8 7 6 
5 6 7 8 4 
5 7 6 4 8 
5 8 4 6 7 

