416 2728381371886174304 6 3
5 7 8 
5 8 7 
7 5 8 
7 8 5 
8 7 5 
8 5 7 

392 12260785478939447192 6 3
3 7 8 
3 8 7 
7 3 8 
7 8 3 
8 7 3 
8 3 7 

352 754205998099296360 6 3
5 6 8 
5 8 6 
6 5 8 
6 8 5 
8 6 5 
8 5 6 

289 8957717541549607914 2 3
0 5 8 
0 8 5 

304 6906529405458791006 6 3
4 5 8 
4 8 5 
5 4 8 
5 8 4 
8 5 4 
8 4 5 

296 11283220846380389061 2 3
8 5 3 
8 3 5 

259 10631059303007246720 2 3
0 1 8 
0 8 1 

265 2335239036514854884 2 3
0 3 8 
0 8 3 

35 8116465361113029365 2 3
0 1 5 
0 5 1 

42 11283220846380389061 2 3
1 3 5 
1 5 3 

13 8362370557999984027 1 3
2 0 3 

100 2512533711646785065 2 3
2 5 6 
2 6 5 

41 2978131671386783366 2 3
0 3 5 
0 5 3 

28 2194224039831407595 2 3
2 3 4 
2 4 3 

37 11890221872239453261 1 3
2 0 5 

11 12015026199554904927 2 3
0 1 3 
0 3 1 

69 10177305612808908690 1 3
2 0 6 

98 13119232308241019096 6 3
1 5 6 
1 6 5 
5 1 6 
5 6 1 
6 5 1 
6 1 5 

52 2194224039831407595 2 3
2 4 5 
2 5 4 

26 6906529405458791006 6 3
1 3 4 
1 4 3 
3 1 4 
3 4 1 
4 3 1 
4 1 3 

21 13251033927989329642 1 3
2 0 4 

168 11283220846380389061 2 3
7 5 3 
7 3 5 

50 6906529405458791006 6 3
1 4 5 
1 5 4 
4 1 5 
4 5 1 
5 4 1 
5 1 4 

7 4749399184548986812 1 3
0 2 1 

280 6906529405458791006 6 3
3 4 8 
3 8 4 
4 3 8 
4 8 3 
8 4 3 
8 3 4 

162 14860785610888650053 6 3
1 5 7 
1 7 5 
5 1 7 
5 7 1 
7 5 1 
7 1 5 

44 11377997893034778902 2 3
2 3 5 
2 5 3 

5 8480609940174239434 1 2
2 0 

76 16258839135554755291 2 3
2 3 6 
2 6 3 

104 11283220846380389061 2 3
6 5 3 
6 3 5 

74 1780203312458342186 6 3
1 3 6 
1 6 3 
3 1 6 
3 6 1 
6 3 1 
6 1 3 

133 16420127714145361090 1 3
2 0 7 

140 15538808191813614364 2 3
2 3 7 
2 7 3 

138 14590248500468714027 6 3
1 3 7 
1 7 3 
3 1 7 
3 7 1 
7 3 1 
7 1 3 

196 12585292063867719537 2 3
2 6 7 
2 7 6 

148 7698985776645440831 2 3
2 4 7 
2 7 4 

164 10706753935364593016 2 3
2 5 7 
2 7 5 

84 7698985776645440831 2 3
2 4 6 
2 6 4 

261 7845893220834310273 1 3
0 2 8 

