bhabha2pb2m[0,0,0,0,-1,0,1,0,0]*(-7*a6)
bhabha2pb2m[0,0,0,0,0,0,0,0,0]*(-5*a1+5*a8+5*a6-5*a0)
bhabha2pb2m[0,0,0,0,0,0,1,0,0]*(2*a6*eta-7*a6)
bhabha2pb2m[-1,0,0,0,0,0,1,0,0]*(2*a6)
bhabha2pb2m[0,0,0,0,0,0,0,1,0]*(-3*eta*a7+9*a7)
bhabha2pb2m[0,0,0,0,0,0,-1,1,0]*(-6*a7)
bhabha2pb2m[0,0,0,-1,0,0,0,0,1]*(-7/2*a8)
bhabha2pb2m[0,0,0,0,-1,0,0,0,1]*(7*a8)
bhabha2pb2m[0,0,0,0,0,-1,0,0,1]*(-7/2*a8)
bhabha2pb2m[0,0,0,0,-1,0,0,1,0]*(9*a7)
bhabha2pb2m[0,0,0,0,0,0,0,0,1]*(-7*a8)
bhabha2pb2m[0,-1,0,0,0,0,0,0,1]*(2*a8)
bhabha2pb2m[0,0,1,0,0,0,0,0,0]*(-2*a2)
bhabha2pb2m[0,0,1,0,0,-1,0,0,0]*(-a2)
bhabha2pb2m[0,0,1,0,-1,0,0,0,0]*(2*a2)
bhabha2pb2m[0,-1,1,0,0,0,0,0,0]*(-2*a2)
bhabha2pb2m[1,0,0,0,-1,0,0,0,0]*(7*a0)
bhabha2pb2m[1,0,0,0,0,0,-1,0,0]*(-2*a0)
bhabha2pb2m[1,0,0,0,0,0,0,0,0]*(-5*eta*a0+7*a0)
bhabha2pb2m[-1,0,0,0,0,0,0,1,0]*(-3*a7)
bhabha2pb2m[0,0,1,0,0,0,0,0,-1]*(4*a2)
bhabha2pb2m[0,0,1,-1,0,0,0,0,0]*(-a2)
bhabha2pb2m[0,1,0,-1,0,0,0,0,0]*(7/2*a1)
bhabha2pb2m[0,1,0,0,-1,0,0,0,0]*(-7*a1)
bhabha2pb2m[0,1,0,0,0,-1,0,0,0]*(7/2*a1)
bhabha2pb2m[0,1,0,0,0,0,0,0,-1]*(-2*a1)
bhabha2pb2m[0,1,0,0,0,0,0,0,0]*(7*a1)

bhabha2pb2m[-1,0,0,0,0,0,1,0,0]*(3*a6)
bhabha2pb2m[0,0,0,0,-1,0,1,0,0]*(2*a6)
bhabha2pb2m[0,0,0,0,0,0,1,0,0]*(3*a6*eta+2*a6)
bhabha2pb2m[0,0,0,0,0,0,0,1,0]*(-2*eta*a7-4*a7)
bhabha2pb2m[0,0,0,0,0,0,1,-1,0]*(-5*a6)
bhabha2pb2m[0,0,0,0,0,0,0,0,0]*(-4*a1+4*a2-6*a0+6*a7)
bhabha2pb2m[0,-1,0,0,0,0,0,0,1]*(-2*a8)
bhabha2pb2m[0,0,0,-1,0,0,0,0,1]*(-3/2*a8)
bhabha2pb2m[0,0,0,0,-1,0,0,0,1]*(3*a8)
bhabha2pb2m[0,0,0,0,0,-1,0,0,1]*(-3/2*a8)
bhabha2pb2m[0,0,0,0,0,0,0,0,1]*(27*a8)
bhabha2pb2m[0,-1,1,0,0,0,0,0,0]*(-8*a2)
bhabha2pb2m[0,0,-1,0,0,0,0,0,1]*(5*a8)
bhabha2pb2m[0,0,1,0,0,0,0,0,0]*(28*a2)
bhabha2pb2m[0,0,0,0,-1,0,0,1,0]*(-4*a7)
bhabha2pb2m[1,0,0,0,-1,0,0,0,0]*(4*a0)
bhabha2pb2m[1,0,0,0,0,0,0,0,0]*(-6*eta*a0+4*a0)
bhabha2pb2m[0,0,1,-1,0,0,0,0,0]*(2*a2)
bhabha2pb2m[1,0,0,0,0,0,0,-1,0]*(2*a0)
bhabha2pb2m[0,0,1,0,0,-1,0,0,0]*(2*a2)
bhabha2pb2m[0,0,1,0,-1,0,0,0,0]*(-4*a2)
bhabha2pb2m[0,1,0,-1,0,0,0,0,0]*(3*a1)
bhabha2pb2m[0,1,0,0,-1,0,0,0,0]*(-6*a1)
bhabha2pb2m[0,1,0,0,0,-1,0,0,0]*(3*a1)
bhabha2pb2m[0,1,0,0,0,0,0,0,0]*(-6*a1)
bhabha2pb2m[-1,0,0,0,0,0,0,1,0]*(-2*a7)
bhabha2pb2m[0,1,-1,0,0,0,0,0,0]*(-2*a1)

bhabha2pb2m[0,0,0,0,-1,0,1,0,0]*(-5*a6)
bhabha2pb2m[0,0,0,0,0,0,0,0,0]*(-5*a1+3*a8+2*a2+3*a6-3*a7)
bhabha2pb2m[0,0,0,0,0,0,1,0,0]*(-5*a6)
bhabha2pb2m[0,0,0,0,0,0,0,1,0]*(5*a7)
bhabha2pb2m[0,0,0,0,0,0,1,-1,0]*(2*a6)
bhabha2pb2m[0,0,1,0,0,0,0,0,0]*(16*a2)
bhabha2pb2m[0,0,0,-1,0,0,0,0,1]*(-3/2*a8)
bhabha2pb2m[0,0,0,0,-1,0,0,0,1]*(3*a8)
bhabha2pb2m[0,0,0,0,0,-1,0,0,1]*(-3/2*a8)
bhabha2pb2m[0,0,0,0,-1,0,0,1,0]*(5*a7)
bhabha2pb2m[0,0,0,0,0,0,0,0,1]*(-15*a8)
bhabha2pb2m[0,-1,0,0,0,0,0,0,1]*(2*a8)
bhabha2pb2m[0,0,-1,0,0,0,0,0,1]*(-2*a8)
bhabha2pb2m[0,0,1,0,-1,0,0,0,0]*(-4*a2)
bhabha2pb2m[1,0,0,0,-1,0,0,0,0]*(11*a0)
bhabha2pb2m[1,0,0,0,0,0,-1,0,0]*(-6*a0)
bhabha2pb2m[1,0,0,0,0,0,0,0,0]*(11*a0)
bhabha2pb2m[0,0,1,0,0,0,0,0,-1]*(-4*a2)
bhabha2pb2m[1,0,0,0,0,0,0,-1,0]*(-5*a0)
bhabha2pb2m[0,0,0,0,0,0,-1,1,0]*(-2*a7)
bhabha2pb2m[0,1,0,-1,0,0,0,0,0]*(3*a1)
bhabha2pb2m[0,1,0,0,-1,0,0,0,0]*(-6*a1)
bhabha2pb2m[0,1,0,0,0,-1,0,0,0]*(3*a1)
bhabha2pb2m[0,1,0,0,0,0,0,0,-1]*(-6*a1)
bhabha2pb2m[0,1,0,0,0,0,0,0,0]*(36*a1)
bhabha2pb2m[0,0,1,0,0,-1,0,0,0]*(2*a2)
bhabha2pb2m[0,1,-1,0,0,0,0,0,0]*(5*a1)
bhabha2pb2m[0,0,1,-1,0,0,0,0,0]*(2*a2)
bhabha2pb2m[0,-1,1,0,0,0,0,0,0]*(-2*a2)

