505 9612420936038850412 1 7
8 3 0 7 5 4 6 

493 16944479013269148051 1 7
8 3 0 2 7 5 6 

491 3147140236559508157 1 7
8 1 3 0 7 5 6 

494 4149628288021635765 4 7
8 3 1 2 5 7 6 
8 5 7 6 3 1 2 
8 7 5 6 1 3 2 
8 1 3 2 7 5 6 

443 8535935165913717900 1 7
8 7 5 4 1 3 0 

445 17711708652507093631 1 7
8 3 2 0 7 5 4 

431 8093372335114683332 1 7
8 5 7 3 1 0 2 

506 15466953333289021642 1 7
8 3 1 5 7 4 6 

508 2967583873110630567 1 7
8 3 2 7 5 4 6 

446 3251006265909189345 1 7
8 7 5 4 1 3 2 

381 15671675457895120093 1 7
8 3 2 0 5 4 6 

379 14746804427861644453 1 7
8 5 4 6 1 3 0 

367 7073148000749344588 1 7
8 5 6 1 3 0 2 

319 2467292002977493957 1 7
8 5 4 1 3 2 0 

382 18127030017520502165 1 7
8 5 4 6 1 3 2 

253 7960579881473349250 1 7
3 0 2 7 5 4 6 

251 11691727809915436070 1 7
1 3 0 7 5 4 6 

239 10169034258743752800 2 7
5 7 6 1 3 0 2 
7 5 6 1 3 0 2 

254 9172682221036765585 2 7
1 3 2 7 5 4 6 
3 1 2 7 5 4 6 

191 6599931897058844657 1 7
7 5 4 1 3 0 2 

127 5863461016825681738 2 7
5 4 6 1 3 0 2 
5 6 4 1 3 0 2 

499 16549312380849513929 1 7
8 1 0 5 7 4 6 

501 14232311311901678899 1 7
8 2 0 7 5 4 6 

487 16433566983659538736 1 7
8 1 0 2 5 7 6 

439 13141530897165952579 1 7
8 1 2 0 5 7 4 

502 2970955916022937084 1 7
8 1 2 5 7 4 6 

375 5045572238235354687 1 7
8 1 2 0 5 4 6 

247 10917660285416875441 1 7
1 0 2 7 5 4 6 

475 12281791040266929276 1 7
8 7 4 6 3 1 0 

477 16968512863325658517 1 7
8 3 2 0 7 4 6 

415 6335413542683038521 1 7
8 7 4 3 1 2 0 

463 3788416112975876090 1 7
8 7 6 3 1 0 2 

478 1020004434921262991 1 7
8 7 4 6 3 1 2 

471 6392889819339090686 1 7
8 1 2 0 7 4 6 

223 11428802752359199457 1 7
7 4 6 1 3 0 2 

351 8729118351704256124 1 7
8 4 6 3 1 2 0 

489 15529101263703875040 1 6
8 3 0 7 5 6 

441 15839591951207033485 1 6
8 3 0 7 5 4 

427 18390798449833733919 1 6
8 5 7 3 1 0 

429 4903873419194278963 1 6
8 7 5 3 0 2 

490 5463135842552043650 2 6
8 3 1 5 7 6 
8 1 3 7 5 6 

504 13367584301549009580 1 6
3 8 7 5 4 6 

492 10981284032893263408 1 6
8 3 2 7 5 6 

430 5463135842552043650 2 6
8 5 7 3 1 2 
8 7 5 1 3 2 

442 14117637469262545471 1 6
8 3 1 5 7 4 

444 7556524124660942065 1 6
8 3 2 7 5 4 

377 15610401782197230208 1 6
8 3 0 5 4 6 

363 3183195842460452799 1 6
8 5 6 1 3 0 

365 14877379080520043880 1 6
8 5 6 3 0 2 

315 11172026652745722271 1 6
8 5 4 1 3 0 

317 11312055874359496356 1 6
8 5 4 3 2 0 

378 8953116929568170435 1 6
8 1 3 5 4 6 

303 6288447327695428918 1 6
5 8 1 3 0 2 

380 14140043333891065649 1 6
8 3 2 5 4 6 

366 10981284032893263408 1 6
8 5 6 1 3 2 

318 15628984469286007111 1 6
8 5 4 1 3 2 

235 3923511146306000536 2 6
1 3 0 5 7 6 
1 3 0 7 5 6 

237 7499504164685345357 2 6
3 0 2 5 7 6 
3 0 2 7 5 6 

249 7155571736391175898 1 6
3 0 7 5 4 6 

238 13873251213657616107 8 6
1 3 2 5 7 6 
1 3 2 7 5 6 
3 1 2 5 7 6 
3 1 2 7 5 6 
5 7 6 1 3 2 
5 7 6 3 1 2 
7 5 6 3 1 2 
7 5 6 1 3 2 

187 7954181046705423148 1 6
7 5 4 1 3 0 

189 4186013153503399790 1 6
3 0 2 7 5 4 

175 1636928502218442379 2 6
5 7 1 3 0 2 
7 5 1 3 0 2 

250 15366114782198311000 2 6
1 3 7 5 4 6 
3 1 7 5 4 6 

252 15377213930893413220 1 6
3 2 7 5 4 6 

190 15897027228049360416 2 6
7 5 4 3 1 2 
7 5 4 1 3 2 

123 3304318008047616220 2 6
5 4 6 1 3 0 
5 6 4 1 3 0 

125 8102513002324821715 2 6
3 0 2 5 4 6 
3 0 2 5 6 4 

111 13154213421612602638 1 6
5 6 1 3 0 2 

126 13123408727682790575 4 6
5 4 6 1 3 2 
5 4 6 3 1 2 
5 6 4 3 1 2 
5 6 4 1 3 2 

63 13154213421612602638 1 6
5 4 1 3 0 2 

497 3099772149604569866 1 6
0 8 7 5 4 6 

485 5112120128436033002 1 6
8 0 2 5 7 6 

483 8818049227375221592 1 6
8 1 0 5 7 6 

437 8719690184615359528 1 6
8 2 0 7 5 4 

435 9853558052309038011 1 6
8 1 0 5 7 4 

423 2584165115526274822 1 6
8 5 7 1 0 2 

500 9345220652717770923 2 6
2 8 7 5 4 6 
8 2 7 5 4 6 

498 2957541135712920571 1 6
1 8 5 7 4 6 

438 11906403126014346780 1 6
8 1 2 5 7 4 

486 10981284032893263408 1 6
8 1 2 5 7 6 

373 14902232782012050991 1 6
8 2 0 5 4 6 

371 9218065682915889463 1 6
8 1 0 5 4 6 

359 15097732280132783655 1 6
8 5 6 1 0 2 

311 16319785469118663779 1 6
8 5 4 1 2 0 

374 8277200859855801599 1 6
8 1 2 5 4 6 

231 2155689857592917390 2 6
1 0 2 5 7 6 
1 0 2 7 5 6 

243 10167002054533053187 1 6
1 0 7 5 4 6 

245 14527911332324468661 1 6
0 2 7 5 4 6 

183 15118024145331209552 1 6
1 0 2 7 5 4 

119 5103912588510851316 2 6
1 0 2 5 4 6 
1 0 2 5 6 4 

473 15683978881477360556 1 6
8 3 0 7 4 6 

246 15377213930893413220 1 6
1 2 7 5 4 6 

459 4491090576241803880 1 6
8 7 6 3 1 0 

461 13227983509175831797 1 6
8 7 6 3 0 2 

411 5676306765618104562 1 6
8 7 4 3 1 0 

413 2181560380692587426 1 6
8 7 4 3 2 0 

399 8500066152895391490 1 6
7 8 3 1 0 2 

474 8898674857064432243 1 6
8 3 1 7 4 6 

476 16916162718668162450 1 6
8 3 2 7 4 6 

462 10981284032893263408 1 6
8 7 6 3 1 2 

414 1687902914049680690 1 6
8 7 4 3 1 2 

347 6429383336686481718 1 6
8 4 6 3 1 0 

335 850999568828965244 2 6
6 8 1 3 0 2 
8 6 1 3 0 2 

349 9847966439464745358 1 6
8 4 6 3 2 0 

287 14917658401644940511 2 6
4 8 3 1 2 0 
8 4 3 1 2 0 

219 8037835025010095883 1 6
7 4 6 1 3 0 

350 4829422404602920210 1 6
8 4 6 3 1 2 

221 11831798622089568395 1 6
3 0 2 7 4 6 

159 15187627501703901249 1 6
7 4 1 3 0 2 

207 13154213421612602638 1 6
7 6 1 3 0 2 

222 5457711025663558523 2 6
7 4 6 3 1 2 
7 4 6 1 3 2 

95 11240298605312169651 2 6
4 6 1 3 0 2 
6 4 1 3 0 2 

467 12360828407514460213 1 6
8 1 0 7 4 6 

469 2757302111454693106 1 6
8 2 0 7 4 6 

455 2212880037207600431 1 6
8 7 6 1 0 2 

407 8899980551075372754 1 6
8 7 4 1 2 0 

343 4757545190320535365 1 6
8 4 6 1 2 0 

215 11082004088190854680 1 6
1 0 2 7 4 6 

470 8698447382172628952 1 6
8 1 2 7 4 6 

426 6628938596337911844 4 5
8 3 1 5 7 
8 5 7 3 1 
8 7 5 1 3 
8 1 3 7 5 

425 13280613972435919777 1 5
8 3 0 7 5 

440 14888397784521384839 1 5
3 8 7 5 4 

488 8864210113736955336 1 5
3 8 7 5 6 

428 6112701962418042987 1 5
8 3 2 7 5 

361 14489317040632839431 1 5
8 5 6 3 0 

313 3225494827322824563 1 5
8 3 0 5 4 

301 7198359043116667409 1 5
5 8 3 0 2 

299 10575299968195163585 1 5
5 8 1 3 0 

376 751547548725014587 1 5
3 8 5 4 6 

364 17385812837556256972 2 5
8 3 2 5 6 
8 5 6 3 2 

362 6112701962418042987 1 5
8 5 6 1 3 

314 4798534872612045779 1 5
8 5 4 1 3 

316 3114239447742403246 1 5
8 3 2 5 4 

302 8864210113736955336 1 5
5 8 1 3 2 

233 16144798712829640708 2 5
3 0 5 7 6 
3 0 7 5 6 

171 8405737162146615222 2 5
5 7 1 3 0 
7 5 1 3 0 

173 1623858071259287042 2 5
5 7 3 0 2 
7 5 3 0 2 

185 17738525929280206874 1 5
3 0 7 5 4 

354 12159194040976764615 1 4
1 8 5 6 

97 3759919856541274266 1 3
0 5 6 

306 12159194040976764615 1 4
1 8 5 4 

49 3759919856541274266 1 3
0 5 4 

113 10767021166254719586 2 4
0 5 4 6 
0 5 6 4 

370 3440356624299248035 2 5
1 8 5 6 4 
1 8 5 4 6 

226 10053138311143861269 2 4
1 5 7 6 
1 7 5 6 

99 18097227561040981966 1 4
1 0 5 6 

356 6925972535638963533 2 4
2 8 5 6 
8 2 5 6 

101 13409567850297738501 1 4
5 6 0 2 

358 4729197768228215044 2 5
8 5 6 1 2 
8 1 2 5 6 

53 13409567850297738501 1 4
5 4 0 2 

310 4986282704383461797 2 5
8 5 4 1 2 
8 1 2 5 4 

178 9277465094035928717 1 4
1 7 5 4 

51 18097227561040981966 1 4
1 0 5 4 

308 6534630873780932037 2 4
2 8 5 4 
8 2 5 4 

166 13820943856998691373 2 4
1 2 5 7 
1 2 7 5 

39 5838733353070151234 1 4
5 1 0 2 

296 12533917308045192969 2 3
3 5 8 
5 3 8 

114 18446051609787146811 2 4
1 5 4 6 
1 5 6 4 

102 15406660600063173003 2 4
1 2 5 6 
5 6 1 2 

54 15406660600063173003 2 4
1 2 5 4 
5 4 1 2 

330 5355830797773317644 4 4
6 8 1 3 
6 8 3 1 
8 6 3 1 
8 6 1 3 

332 6925972535638963533 2 4
6 8 3 2 
8 6 3 2 

284 10983409412583460812 2 4
4 8 3 2 
8 4 3 2 

282 10934513306054177064 2 4
4 8 3 1 
8 4 3 1 

141 13810350967052152660 1 4
7 3 0 2 

398 8864210113736955336 1 5
7 8 3 1 2 

393 8816998387906419203 1 4
7 8 3 0 

136 17087753756477223945 2 2
3 7 
7 3 

139 1028004778960627555 1 4
7 1 3 0 

396 12159194040976764615 1 4
7 8 3 2 

204 15406660600063173003 2 4
3 2 7 6 
7 6 3 2 

456 12159194040976764615 1 4
3 8 7 6 

199 7630188331642544402 1 5
7 6 1 0 2 

329 5117557012692002781 2 4
6 8 3 0 
8 6 3 0 

202 13820943856998691373 2 4
7 6 3 1 
7 6 1 3 

156 13796289709583244209 1 4
7 4 3 2 

408 2938128104864643238 1 4
3 8 7 4 

151 10199845044356928417 1 5
7 4 1 0 2 

281 9576749486895712425 2 4
4 8 3 0 
8 4 3 0 

154 3692474826677755966 2 4
7 4 3 1 
7 4 1 3 

344 5259602734877291098 1 4
3 8 4 6 

87 3898303125560882396 2 5
4 6 1 0 2 
6 4 1 0 2 

90 3467906126263243703 4 4
1 3 4 6 
1 3 6 4 
3 1 4 6 
3 1 6 4 

142 10053138311143861269 2 4
7 3 1 2 
7 1 3 2 

216 7829362263272743145 1 4
3 7 4 6 

89 4606397436626732037 2 4
3 0 4 6 
3 0 6 4 

346 4955115016300365978 1 5
8 3 1 4 6 

92 1226238002688797454 2 4
3 2 4 6 
3 2 6 4 

450 5655568875390600688 1 4
1 8 7 6 

193 3759919856541274266 1 3
0 7 6 

323 6027012790134907914 2 4
6 8 1 0 
8 6 1 0 

402 12350803096133043051 1 4
1 8 7 4 

145 14962135363441838958 1 3
0 7 4 

275 16377755818246508028 2 4
4 8 1 0 
8 4 1 0 

338 12423888041580094999 2 4
1 8 6 4 
1 8 4 6 

81 15748046627287899108 2 3
0 4 6 
0 6 4 

278 6534630873780932037 2 4
4 8 1 2 
8 4 1 2 

326 6925972535638963533 2 4
6 8 1 2 
8 6 1 2 

197 13409567850297738501 1 4
7 6 0 2 

454 17385812837556256972 2 5
8 7 6 1 2 
8 1 2 7 6 

137 10680763293935131841 1 3
7 3 0 

394 3076150627041304599 1 4
7 8 3 1 

152 6486448604913209494 1 3
3 7 4 

409 1455893565540868529 1 5
8 7 4 3 0 

200 11149028268085365730 1 3
3 7 6 

457 7812840526762550281 1 5
8 7 6 3 0 

209 6226747005363735660 1 4
0 7 4 6 

466 3991372186182058657 1 5
1 8 7 4 6 

82 2849805779172057352 2 3
1 4 6 
1 6 4 

339 5630109743440267870 1 5
8 1 0 4 6 

386 12533917308045192969 2 3
1 7 8 
7 1 8 

129 8650397594878029623 1 2
7 0 

404 11040515184548072519 2 4
2 8 7 4 
8 2 7 4 

147 13638941118324901193 1 4
7 4 1 0 

277 8476010221369704270 2 4
4 8 2 0 
8 4 2 0 

150 13796289709583244209 1 4
7 4 1 2 

85 1047361594281708307 2 4
4 6 0 2 
6 4 0 2 

342 4523456793197455322 1 5
8 1 2 4 6 

37 16754236427383559129 1 3
5 0 2 

294 12159194040976764615 1 4
5 8 1 2 

449 17469835373506923596 1 4
0 8 7 6 

195 18097227561040981966 1 4
1 0 7 6 

452 6925972535638963533 2 4
2 8 7 6 
8 2 7 6 

322 10706753935364593016 2 3
1 6 8 
1 8 6 

340 5511271049085206704 2 4
2 8 4 6 
8 2 4 6 

83 12499189600115736938 2 4
1 0 4 6 
1 0 6 4 

86 1226238002688797454 2 4
1 2 4 6 
1 2 6 4 

388 10706753935364593016 2 3
7 2 8 
7 8 2 

131 15294172477765749758 1 3
7 1 0 

134 11149028268085365730 1 3
7 1 2 

391 6294433195048252497 1 5
7 8 1 0 2 

138 13757397901010577912 2 3
7 3 1 
7 1 3 

395 533918143659422111 1 5
7 8 3 1 0 

392 3519693191574693728 2 3
3 7 8 
7 3 8 

135 5838733353070151234 1 4
7 1 0 2 

130 17087753756477223945 2 2
1 7 
7 1 

387 2047771901637133904 1 4
7 8 1 0 

321 16601672470288975378 2 3
0 6 8 
0 8 6 

194 11149028268085365730 1 3
1 7 6 

451 17583300804150783034 1 5
8 1 0 7 6 

389 5426315064006508569 1 4
7 8 0 2 

390 5655568875390600688 1 4
7 8 1 2 

133 16754236427383559129 1 3
7 0 2 

33 8650397594878029623 1 2
5 0 

290 3519693191574693728 2 3
1 5 8 
5 1 8 

201 254167861345140507 1 4
7 6 3 0 

458 6112701962418042987 1 5
8 7 6 3 1 

328 10706753935364593016 2 3
3 6 8 
3 8 6 

40 17087753756477223945 2 2
3 5 
5 3 

297 7487780856036760346 1 4
5 8 3 0 

149 8037031624740287104 1 4
7 4 0 2 

406 7654937521476681339 1 5
8 7 4 1 2 

276 13119232308241019096 6 3
2 4 8 
2 8 4 
4 2 8 
4 8 2 
8 4 2 
8 2 4 

385 16085499760372201869 1 3
7 0 8 

140 11149028268085365730 1 3
7 3 2 

397 2250552784365540597 1 5
7 8 3 0 2 

88 2849805779172057352 2 3
3 4 6 
3 6 4 

345 7680867659362753851 1 5
8 3 0 4 6 

401 6801011074672458371 1 4
0 8 7 4 

274 10706753935364593016 2 3
1 4 8 
1 8 4 

273 9289790233242173822 2 3
0 4 8 
0 8 4 

146 6486448604913209494 1 3
1 7 4 

403 17220416263013234267 1 5
8 7 4 1 0 

153 1720494275273590382 1 4
7 4 3 0 

410 422128103963081057 1 5
8 7 4 3 1 

280 2512533711646785065 2 3
3 4 8 
3 8 4 

44 11149028268085365730 1 3
5 3 2 

177 1583327049968250594 1 4
0 7 5 4 

434 14435150392546023607 1 5
1 8 5 7 4 

50 11149028268085365730 1 3
1 5 4 

307 1017581939210468608 1 5
8 1 0 5 4 

225 13758825247835598197 2 4
0 5 7 6 
0 7 5 6 

482 8864210113736955336 1 5
1 8 5 7 6 

98 11149028268085365730 1 3
1 5 6 

355 1600377637205290393 1 5
8 1 0 5 6 

34 17087753756477223945 2 2
1 5 
5 1 

291 14028073706141986066 1 4
5 8 1 0 

161 5720987995386386502 2 3
0 5 7 
0 7 5 

418 3076150627041304599 1 4
1 8 5 7 

165 9241929553846401219 2 4
5 7 0 2 
7 5 0 2 

422 6112701962418042987 1 5
8 1 2 5 7 

38 11149028268085365730 1 3
5 1 2 

295 16319319001064076327 1 5
5 8 1 0 2 

292 10706753935364593016 2 3
5 2 8 
5 8 2 

35 15294172477765749758 1 3
5 1 0 

56 11149028268085365730 1 3
3 5 4 

163 5155360457775545363 2 4
1 0 5 7 
1 0 7 5 

420 5355830797773317644 4 4
2 8 7 5 
2 8 5 7 
8 2 7 5 
8 2 5 7 

162 13757397901010577912 2 3
1 5 7 
1 7 5 

419 10696510019780188709 1 5
8 1 0 5 7 

289 4915765409695612362 1 3
5 0 8 

104 11149028268085365730 1 3
3 5 6 

168 13757397901010577912 2 3
3 5 7 
3 7 5 

41 10680763293935131841 1 3
5 3 0 

298 3076150627041304599 1 4
5 8 1 3 

42 13757397901010577912 2 3
5 3 1 
5 1 3 

337 7685668044767173022 1 4
0 8 4 6 

210 7829362263272743145 1 4
1 7 4 6 

325 13229321074252515549 2 4
6 8 0 2 
8 6 0 2 

198 15406660600063173003 2 4
1 2 7 6 
7 6 1 2 

293 3854092148572158661 1 4
5 8 0 2 

305 12634868855956981852 1 4
0 8 5 4 

353 7106812319528209739 1 4
0 8 5 6 

417 10248002359252439996 1 4
0 8 5 7 

46 10053138311143861269 2 4
5 3 1 2 
5 1 3 2 

58 13820943856998691373 2 4
5 4 3 1 
5 4 1 3 

60 15406660600063173003 2 4
3 2 5 4 
5 4 3 2 

106 13820943856998691373 2 4
5 6 1 3 
5 6 3 1 

108 15406660600063173003 2 4
3 2 5 6 
5 6 3 2 

120 18446051609787146811 2 4
3 5 4 6 
3 5 6 4 

43 1028004778960627555 1 4
5 1 3 0 

300 5655568875390600688 1 4
5 8 3 2 

45 13810350967052152660 1 4
5 3 0 2 

57 254167861345140507 1 4
5 4 3 0 

105 254167861345140507 1 4
5 6 3 0 

184 9277465094035928717 1 4
3 7 5 4 

172 13820943856998691373 2 4
3 2 5 7 
3 2 7 5 

232 10053138311143861269 2 4
3 5 7 6 
3 7 5 6 

169 3402714000416304637 2 4
3 0 5 7 
3 0 7 5 

312 9355734335757152917 1 4
3 8 5 4 

55 7630188331642544402 1 5
5 4 1 0 2 

360 5655568875390600688 1 4
3 8 5 6 

103 7630188331642544402 1 5
5 6 1 0 2 

170 8344907997672176582 8 4
1 3 5 7 
1 3 7 5 
3 1 5 7 
3 1 7 5 
5 7 1 3 
5 7 3 1 
7 5 3 1 
7 5 1 3 

424 3076150627041304599 1 4
3 8 7 5 

167 10305245928204121698 2 5
5 7 1 0 2 
7 5 1 0 2 

214 9185396447271486135 1 5
1 2 7 4 6 

211 1416593502094140006 1 5
1 0 7 4 6 

468 16192161869655134988 2 5
2 8 7 4 6 
8 2 7 4 6 

213 4443559414261329569 1 5
0 2 7 4 6 

279 12136605136844141308 2 5
4 8 1 2 0 
8 4 1 2 0 

327 7807762247680988581 2 5
6 8 1 0 2 
8 6 1 0 2 

341 2615602866524561857 1 5
8 4 6 2 0 

405 3569213866657019577 1 5
8 7 4 2 0 

453 9466561212064448238 1 5
8 7 6 0 2 

465 13405770115580027561 1 5
0 8 7 4 6 

94 8313509446800806773 4 5
4 6 3 1 2 
4 6 1 3 2 
6 4 3 1 2 
6 4 1 3 2 

91 3873219589345460687 2 5
4 6 1 3 0 
6 4 1 3 0 

348 5329647126572027809 1 5
8 3 2 4 6 

93 7823103028111862085 2 5
4 6 3 0 2 
6 4 3 0 2 

158 3574761383850916089 2 5
7 4 3 1 2 
7 4 1 3 2 

206 9269427458993142057 2 5
7 6 3 1 2 
7 6 1 3 2 

143 13239366013154484330 1 5
7 1 3 0 2 

220 9185396447271486135 1 5
3 2 7 4 6 

218 14672554999018763087 2 5
1 3 7 4 6 
3 1 7 4 6 

155 5809440048069793950 1 5
7 4 1 3 0 

412 9521916541156677835 1 5
8 7 4 3 2 

157 5014244535888889356 1 5
7 4 3 0 2 

203 15932287754436765858 1 5
7 6 1 3 0 

460 4729197768228215044 2 5
8 3 2 7 6 
8 7 6 3 2 

205 2351648070068991611 1 5
7 6 3 0 2 

217 1311319767702342662 1 5
3 0 7 4 6 

286 13611894930306785151 2 5
4 8 3 1 2 
8 4 3 1 2 

334 14529235964774334673 4 5
6 8 3 1 2 
6 8 1 3 2 
8 6 3 1 2 
8 6 1 3 2 

283 16633294990252990788 2 5
4 8 3 1 0 
8 4 3 1 0 

285 3658539949698246886 2 5
4 8 3 2 0 
8 4 3 2 0 

333 16508938232620891825 2 5
6 8 3 0 2 
8 6 3 0 2 

331 16105109337528552209 2 5
6 8 1 3 0 
8 6 1 3 0 

472 6884841987915886819 1 5
3 8 7 4 6 

118 8199278229739520409 2 5
1 2 5 4 6 
1 2 5 6 4 

117 9896037009657321969 2 5
0 2 5 4 6 
0 2 5 6 4 

115 5152617396339290576 2 5
1 0 5 4 6 
1 0 5 6 4 

372 10145090123794274755 2 5
2 8 5 4 6 
8 2 5 4 6 

182 14642727359438366521 1 5
1 2 7 5 4 

242 3768586181554217947 1 5
1 7 5 4 6 

230 9269427458993142057 2 5
1 2 5 7 6 
1 2 7 5 6 

179 14144975827515510953 1 5
1 0 7 5 4 

436 9915829282233652172 2 5
2 8 7 5 4 
8 2 7 5 4 

181 14962099346514773109 1 5
0 2 7 5 4 

227 2638701469821510973 2 5
1 0 5 7 6 
1 0 7 5 6 

484 14529235964774334673 4 5
2 8 7 5 6 
2 8 5 7 6 
8 2 7 5 6 
8 2 5 7 6 

241 8951391775145504255 1 5
0 7 5 4 6 

229 17235451546597140893 2 5
0 2 5 7 6 
0 2 7 5 6 

309 10064147888156159780 1 5
8 5 4 2 0 

357 484321619589762100 1 5
8 5 6 0 2 

369 8489055154118478856 1 5
0 8 5 4 6 

421 3727769327297426367 1 5
8 5 7 0 2 

433 1260099874471016633 1 5
0 8 7 5 4 

481 11639155576114707042 1 5
0 8 5 7 6 

62 9269427458993142057 2 5
5 4 3 1 2 
5 4 1 3 2 

110 9269427458993142057 2 5
5 6 3 1 2 
5 6 1 3 2 

124 8199278229739520409 2 5
3 2 5 4 6 
3 2 5 6 4 

47 13239366013154484330 1 5
5 1 3 0 2 

122 15537182048570953679 4 5
1 3 5 4 6 
1 3 5 6 4 
3 1 5 4 6 
3 1 5 6 4 

59 15932287754436765858 1 5
5 4 1 3 0 

61 2351648070068991611 1 5
5 4 3 0 2 

107 15932287754436765858 1 5
5 6 1 3 0 

109 2351648070068991611 1 5
5 6 3 0 2 

121 16415525251979991597 2 5
3 0 5 4 6 
3 0 5 6 4 

188 14642727359438366521 1 5
3 2 7 5 4 

174 650495823012325553 4 5
5 7 3 1 2 
5 7 1 3 2 
7 5 3 1 2 
7 5 1 3 2 

186 12996826484762197726 2 5
1 3 7 5 4 
3 1 7 5 4 

236 9269427458993142057 2 5
3 2 5 7 6 
3 2 7 5 6 

248 3768586181554217947 1 5
3 7 5 4 6 

234 650495823012325553 4 5
1 3 5 7 6 
1 3 7 5 6 
3 1 5 7 6 
3 1 7 5 6 

