130 2
129 2
136 2
34 2
33 2
40 2
82 3
81 3
134 3
146 3
194 3
131 3
133 3
145 3
193 3
274 3
276 3
322 3
273 3
321 3
386 3
388 3
385 3
88 3
138 3
140 3
152 3
200 3
137 3
280 3
328 3
392 3
38 3
50 3
98 3
35 3
37 3
49 3
97 3
162 3
161 3
290 3
292 3
289 3
42 3
44 3
56 3
104 3
41 3
168 3
296 3
86 4
83 4
85 4
150 4
198 4
210 4
135 4
147 4
149 4
195 4
197 4
209 4
278 4
326 4
338 4
340 4
275 4
277 4
323 4
325 4
337 4
390 4
402 4
404 4
450 4
452 4
387 4
389 4
401 4
449 4
90 4
92 4
89 4
142 4
154 4
156 4
202 4
204 4
216 4
139 4
141 4
153 4
201 4
282 4
284 4
330 4
332 4
344 4
281 4
329 4
394 4
396 4
408 4
456 4
393 4
54 4
102 4
114 4
39 4
51 4
53 4
99 4
101 4
113 4
166 4
178 4
226 4
163 4
165 4
177 4
225 4
294 4
306 4
308 4
354 4
356 4
291 4
293 4
305 4
353 4
418 4
420 4
417 4
46 4
58 4
60 4
106 4
108 4
120 4
43 4
45 4
57 4
105 4
170 4
172 4
184 4
232 4
169 4
298 4
300 4
312 4
360 4
297 4
424 4
87 5
214 5
151 5
199 5
211 5
213 5
342 5
279 5
327 5
339 5
341 5
406 5
454 5
466 5
468 5
391 5
403 5
405 5
451 5
453 5
465 5
94 5
91 5
93 5
158 5
206 5
218 5
220 5
143 5
155 5
157 5
203 5
205 5
217 5
286 5
334 5
346 5
348 5
283 5
285 5
331 5
333 5
345 5
398 5
410 5
412 5
458 5
460 5
472 5
395 5
397 5
409 5
457 5
118 5
55 5
103 5
115 5
117 5
182 5
230 5
242 5
167 5
179 5
181 5
227 5
229 5
241 5
310 5
358 5
370 5
372 5
295 5
307 5
309 5
355 5
357 5
369 5
422 5
434 5
436 5
482 5
484 5
419 5
421 5
433 5
481 5
62 5
110 5
122 5
124 5
47 5
59 5
61 5
107 5
109 5
121 5
174 5
186 5
188 5
234 5
236 5
248 5
171 5
173 5
185 5
233 5
302 5
314 5
316 5
362 5
364 5
376 5
299 5
301 5
313 5
361 5
426 5
428 5
440 5
488 5
425 5
215 6
343 6
470 6
407 6
455 6
467 6
469 6
95 6
222 6
159 6
207 6
219 6
221 6
350 6
287 6
335 6
347 6
349 6
414 6
462 6
474 6
476 6
399 6
411 6
413 6
459 6
461 6
473 6
119 6
246 6
183 6
231 6
243 6
245 6
374 6
311 6
359 6
371 6
373 6
438 6
486 6
498 6
500 6
423 6
435 6
437 6
483 6
485 6
497 6
126 6
63 6
111 6
123 6
125 6
190 6
238 6
250 6
252 6
175 6
187 6
189 6
235 6
237 6
249 6
318 6
366 6
378 6
380 6
303 6
315 6
317 6
363 6
365 6
377 6
430 6
442 6
444 6
490 6
492 6
504 6
427 6
429 6
441 6
489 6
471 7
223 7
351 7
478 7
415 7
463 7
475 7
477 7
247 7
375 7
502 7
439 7
487 7
499 7
501 7
127 7
254 7
191 7
239 7
251 7
253 7
382 7
319 7
367 7
379 7
381 7
446 7
494 7
506 7
508 7
431 7
443 7
445 7
491 7
493 7
505 7
479 8
503 8
255 8
383 8
510 8
447 8
495 8
507 8
509 8
511 9
