505 4967367548572216685 1 7
8 3 0 7 5 6 4 

493 2581303090821795636 1 7
8 3 0 2 7 5 6 

491 12489822185104504565 1 7
8 3 1 0 5 7 6 

443 11916254597976907577 1 7
8 3 1 0 5 7 4 

445 6820193454901225418 1 7
8 3 0 2 7 5 4 

494 9908790525309775654 4 7
8 3 1 2 5 7 6 
8 5 7 6 3 1 2 
8 7 5 6 1 3 2 
8 1 3 2 7 5 6 

431 3176991651769294037 1 7
8 7 5 1 3 0 2 

506 11991597659018196057 1 7
8 3 1 5 7 4 6 

508 16515118481816818159 1 7
8 3 2 7 5 4 6 

446 10132410115765420934 1 7
8 7 5 4 1 3 2 

381 13280215293631466537 1 7
8 3 0 2 5 6 4 

379 14626142748486369460 1 7
8 5 6 4 1 3 0 

367 2795233667653644333 1 7
8 5 6 1 3 0 2 

319 5351085390063772508 1 7
8 5 4 1 3 0 2 

382 8328519396705072256 1 7
8 5 4 6 1 3 2 

253 13666532667439585427 1 7
3 0 2 7 5 4 6 

251 11458024177043078035 1 7
3 1 0 7 5 4 6 

239 14440905157472512263 2 7
5 7 6 3 1 0 2 
7 5 6 3 1 0 2 

254 8889487504674123102 2 7
1 3 2 7 5 4 6 
3 1 2 7 5 4 6 

191 15087754129890207836 1 7
7 5 4 3 1 0 2 

127 16133561592879844151 2 7
5 4 6 3 1 0 2 
5 6 4 3 1 0 2 

487 14302994815533318796 1 7
8 1 0 2 5 7 6 

499 12972506042637349325 1 7
8 1 0 5 7 6 4 

501 16005636058539934792 1 7
8 0 2 7 5 6 4 

439 15377837302621533102 1 7
8 1 0 2 5 7 4 

375 15794427645839974115 1 7
8 5 6 4 1 0 2 

502 5378704688344178762 1 7
8 1 2 5 7 4 6 

247 8102414288267038524 1 7
1 0 2 7 5 4 6 

475 11648593959105928308 1 7
8 7 6 4 3 1 0 

477 2487835290928647425 1 7
8 3 0 2 7 6 4 

415 15825417460962093287 1 7
8 7 4 3 1 0 2 

463 16446215867755449874 1 7
8 7 6 3 1 0 2 

471 11715161824148188610 1 7
8 7 6 4 1 0 2 

478 13237773975204428058 1 7
8 7 4 6 3 1 2 

351 17434285074361258771 1 7
8 6 4 3 1 0 2 

223 6457434535824117331 1 7
7 4 6 3 1 0 2 

441 14967626898353172711 1 6
8 3 0 7 5 4 

489 12934397050342008258 1 6
8 3 0 7 5 6 

429 17583291951243363837 1 6
8 7 5 3 0 2 

427 5483532331276024059 1 6
8 7 5 1 3 0 

504 13750237810689034750 1 6
3 8 7 5 4 6 

490 11616370611765744607 2 6
8 3 1 5 7 6 
8 1 3 7 5 6 

492 9412640555912399309 1 6
8 3 2 7 5 6 

442 2142066381406890615 1 6
8 3 1 5 7 4 

430 11616370611765744607 2 6
8 5 7 3 1 2 
8 7 5 1 3 2 

444 3910171481660916484 1 6
8 3 2 7 5 4 

377 10280018523112446654 1 6
8 3 0 5 6 4 

365 10090604189937081608 1 6
8 5 6 3 0 2 

363 5429962127321615818 1 6
8 5 6 1 3 0 

315 8517782633895970266 1 6
8 5 4 1 3 0 

317 1191602534820376342 1 6
8 5 4 3 0 2 

303 8848004629300729887 1 6
5 8 1 3 0 2 

378 6513605135832538275 1 6
8 1 3 5 4 6 

380 6731557536752627248 1 6
8 3 2 5 4 6 

366 9412640555912399309 1 6
8 5 6 1 3 2 

318 8796745320480723038 1 6
8 5 4 1 3 2 

235 4614635194059417471 2 6
3 1 0 5 7 6 
3 1 0 7 5 6 

249 17037410093430513265 1 6
3 0 7 5 4 6 

237 4083374882035394008 2 6
3 0 2 5 7 6 
3 0 2 7 5 6 

238 17756126741628700531 8 6
1 3 2 5 7 6 
1 3 2 7 5 6 
3 1 2 5 7 6 
3 1 2 7 5 6 
5 7 6 1 3 2 
5 7 6 3 1 2 
7 5 6 3 1 2 
7 5 6 1 3 2 

189 3148905388908008135 1 6
3 0 2 7 5 4 

187 2637816234483945166 1 6
3 1 0 7 5 4 

175 3914211007979708273 2 6
5 7 3 1 0 2 
7 5 3 1 0 2 

250 14726895441069304156 2 6
1 3 7 5 4 6 
3 1 7 5 4 6 

252 4908006549449729470 1 6
3 2 7 5 4 6 

190 10468682947663614303 2 6
7 5 4 3 1 2 
7 5 4 1 3 2 

123 4279713628653570152 2 6
5 4 6 3 1 0 
5 6 4 3 1 0 

125 7387732458334804261 2 6
3 0 2 5 4 6 
3 0 2 5 6 4 

111 5944009366201100300 1 6
5 6 3 1 0 2 

126 5178468886762323107 4 6
5 4 6 1 3 2 
5 4 6 3 1 2 
5 6 4 3 1 2 
5 6 4 1 3 2 

63 5944009366201100300 1 6
5 4 3 1 0 2 

485 5303691595491322970 1 6
8 0 2 7 5 6 

497 15269262520598067841 1 6
0 8 7 5 6 4 

483 17968092742267597895 1 6
8 1 0 5 7 6 

437 1090296058542799811 1 6
8 0 2 7 5 4 

435 10337373003857901618 1 6
8 1 0 5 7 4 

423 2374630395622120432 1 6
8 5 7 1 0 2 

500 116941039498839199 2 6
2 8 7 5 4 6 
8 2 7 5 4 6 

498 15453768596313291023 1 6
1 8 5 7 4 6 

438 5945028823173629269 1 6
8 1 2 5 7 4 

486 9412640555912399309 1 6
8 1 2 5 7 6 

373 11340324321905395388 1 6
8 0 2 5 6 4 

371 16828018700256087124 1 6
8 1 0 5 6 4 

311 9459987770646126838 1 6
8 5 4 1 0 2 

359 2664604074846502717 1 6
8 5 6 1 0 2 

374 11953788340704548208 1 6
8 1 2 5 4 6 

245 1107882003310454229 1 6
0 2 7 5 4 6 

243 18224864007057904239 1 6
1 0 7 5 4 6 

231 17527550610503793395 2 6
1 0 2 5 7 6 
1 0 2 7 5 6 

183 4951809131138593572 1 6
1 0 2 7 5 4 

119 15287967604739383503 2 6
5 4 6 1 0 2 
5 6 4 1 0 2 

473 1244519266423203116 1 6
8 3 0 7 6 4 

246 4908006549449729470 1 6
1 2 7 5 4 6 

459 14850325583466677055 1 6
8 7 6 3 1 0 

461 10112491970191920851 1 6
8 7 6 3 0 2 

411 17086122370796275721 1 6
8 7 4 3 1 0 

413 13714206562730706731 1 6
8 7 4 3 0 2 

399 3621935550111535701 1 6
7 8 3 1 0 2 

474 1218026710231949217 1 6
8 3 1 7 4 6 

476 14309932175083082534 1 6
8 3 2 7 4 6 

462 9412640555912399309 1 6
8 7 6 3 1 2 

414 7556315532869520071 1 6
8 7 4 3 1 2 

347 8888781020146813320 1 6
8 6 4 3 1 0 

335 4026389118588538875 2 6
6 8 3 1 0 2 
8 6 3 1 0 2 

349 4142592623092698634 1 6
8 6 4 3 0 2 

287 14107418178100249946 2 6
4 8 3 1 0 2 
8 4 3 1 0 2 

221 9977774480958591455 1 6
3 0 2 7 4 6 

219 7622233680038981033 1 6
7 4 6 3 1 0 

350 18006789574656882005 1 6
8 4 6 3 1 2 

207 5944009366201100300 1 6
7 6 3 1 0 2 

159 8245413722403008445 1 6
7 4 3 1 0 2 

222 16725848883273342070 2 6
7 4 6 3 1 2 
7 4 6 1 3 2 

95 2921019333303930051 2 6
4 6 3 1 0 2 
6 4 3 1 0 2 

467 5125776743451816487 1 6
8 1 0 7 6 4 

469 6399083410744693344 1 6
8 0 2 7 6 4 

455 11379172543660645060 1 6
8 7 6 1 0 2 

407 10330225682907264095 1 6
8 7 4 1 0 2 

215 3735782437126950403 1 6
7 4 6 1 0 2 

343 14135886018014585744 1 6
8 6 4 1 0 2 

470 3531651497620718212 1 6
8 1 2 7 4 6 

426 7020025475163217522 4 5
8 3 1 5 7 
8 5 7 3 1 
8 7 5 1 3 
8 1 3 7 5 

425 17739421346620868208 1 5
8 3 0 7 5 

488 11754538530388310811 1 5
3 8 7 5 6 

440 9743576186089899044 1 5
3 8 7 5 4 

428 2903975499774314472 1 5
8 3 2 7 5 

361 6802415079222680123 1 5
8 3 0 5 6 

313 6243074657542214891 1 5
8 3 0 5 4 

301 14696317700442319501 1 5
5 8 3 0 2 

299 17541486148290541993 1 5
5 8 1 3 0 

376 15399886513521741890 1 5
3 8 5 4 6 

364 14101386073281614423 2 5
8 3 2 5 6 
8 5 6 3 2 

362 2903975499774314472 1 5
8 5 6 1 3 

314 8759198559815617700 1 5
8 5 4 1 3 

316 10118561873234284183 1 5
8 3 2 5 4 

302 11754538530388310811 1 5
5 8 1 3 2 

173 9920163905249257399 2 5
5 7 3 0 2 
7 5 3 0 2 

171 16982221348939277612 2 5
5 7 3 1 0 
7 5 3 1 0 

233 1289884137538233999 2 5
3 0 5 7 6 
3 0 7 5 6 

185 15669424033863447595 1 5
3 0 7 5 4 

354 12159194040976764615 1 4
1 8 5 6 

97 7494945109137904594 1 3
0 5 6 

306 12159194040976764615 1 4
1 8 5 4 

49 7494945109137904594 1 3
0 5 4 

113 7537227399891523253 2 4
0 5 4 6 
0 5 6 4 

370 8259646680289760488 2 5
1 8 5 6 4 
1 8 5 4 6 

101 4789961238845882860 1 4
5 6 0 2 

358 4729197768228215044 2 5
8 5 6 1 2 
8 1 2 5 6 

226 1325189704832684400 2 4
1 5 7 6 
1 7 5 6 

99 1991860458353327362 1 4
1 0 5 6 

356 6925972535638963533 2 4
2 8 5 6 
8 2 5 6 

53 4789961238845882860 1 4
5 4 0 2 

310 8249700287224329935 2 5
8 5 4 1 2 
8 1 2 5 4 

178 710983609461443341 1 4
1 7 5 4 

51 1991860458353327362 1 4
1 0 5 4 

308 4415345656511538872 2 4
2 8 5 4 
8 2 5 4 

166 3672422587768820861 2 4
1 2 5 7 
1 2 7 5 

39 6378983683338563558 1 4
5 1 0 2 

296 17034127061060784930 2 3
3 5 8 
5 3 8 

114 9890512650732357778 2 4
1 5 4 6 
1 5 6 4 

102 15406660600063173003 2 4
1 2 5 6 
5 6 1 2 

54 15406660600063173003 2 4
1 2 5 4 
5 4 1 2 

330 9113855309555439349 4 4
6 8 1 3 
6 8 3 1 
8 6 3 1 
8 6 1 3 

332 6925972535638963533 2 4
6 8 3 2 
8 6 3 2 

284 3656293589500805796 2 4
4 8 3 2 
8 4 3 2 

282 14835034075364811306 2 4
4 8 3 1 
8 4 3 1 

141 4806434294017687403 1 4
7 3 0 2 

398 11754538530388310811 1 5
7 8 3 1 2 

393 13135185490795408071 1 4
7 8 3 0 

136 17087753756477223945 2 2
3 7 
7 3 

139 15109739216235033587 1 4
7 3 1 0 

396 12159194040976764615 1 4
7 8 3 2 

204 15406660600063173003 2 4
3 2 7 6 
7 6 3 2 

456 12159194040976764615 1 4
3 8 7 6 

199 18027272648632865627 1 5
7 6 1 0 2 

329 15655599564568336426 2 4
6 8 3 0 
8 6 3 0 

202 3672422587768820861 2 4
7 6 3 1 
7 6 1 3 

156 1361567497545663179 1 4
7 4 3 2 

408 11042797408386191705 1 4
3 8 7 4 

151 6467679793174229118 1 5
7 4 1 0 2 

281 13344640142148932644 2 4
4 8 3 0 
8 4 3 0 

154 16318042805113000014 2 4
7 4 3 1 
7 4 1 3 

344 17483863956178973856 1 4
3 8 4 6 

87 6538524351096388234 2 5
4 6 1 0 2 
6 4 1 0 2 

90 226500268584210914 4 4
1 3 4 6 
1 3 6 4 
3 1 4 6 
3 1 6 4 

216 11505578824550306296 1 4
3 7 4 6 

89 10823127696325013190 2 4
3 0 4 6 
3 0 6 4 

346 14289335156903113249 1 5
8 3 1 4 6 

142 1325189704832684400 2 4
7 3 1 2 
7 1 3 2 

92 17273543508590570368 2 4
3 2 4 6 
3 2 6 4 

450 10678243750605623333 1 4
1 8 7 6 

193 7494945109137904594 1 3
0 7 6 

323 13349662706735582825 2 4
6 8 1 0 
8 6 1 0 

402 1109700626124330340 1 4
1 8 7 4 

145 4768465785601499547 1 3
0 7 4 

275 13322447601636986092 2 4
4 8 1 0 
8 4 1 0 

338 352515996741112502 2 4
1 8 6 4 
1 8 4 6 

81 8897820879418386831 2 3
0 4 6 
0 6 4 

326 6925972535638963533 2 4
6 8 1 2 
8 6 1 2 

278 4415345656511538872 2 4
4 8 1 2 
8 4 1 2 

197 4789961238845882860 1 4
7 6 0 2 

454 14101386073281614423 2 5
8 7 6 1 2 
8 1 2 7 6 

200 11149028268085365730 1 3
3 7 6 

457 3365609163049208351 1 5
8 3 0 7 6 

209 11178172317012268126 1 4
0 7 4 6 

466 14625197825051044866 1 5
1 8 7 4 6 

82 13366814545066617902 2 3
1 4 6 
1 6 4 

339 2652577476626303226 1 5
8 1 0 6 4 

152 1100806113672523033 1 3
3 7 4 

409 972300844877201839 1 5
8 3 0 7 4 

386 17034127061060784930 2 3
1 7 8 
7 1 8 

129 7761248114875356858 1 2
7 0 

404 1981236148779951358 2 4
2 8 7 4 
8 2 7 4 

147 11332014673800366330 1 4
7 4 1 0 

277 7737435104612563219 2 4
4 8 0 2 
8 4 0 2 

150 1361567497545663179 1 4
7 4 1 2 

85 11376102768369168618 2 4
0 2 4 6 
0 2 6 4 

342 7634981992338201154 1 5
8 1 2 4 6 

37 6101670372933717154 1 3
5 0 2 

294 12159194040976764615 1 4
5 8 1 2 

449 16001176517544516778 1 4
0 8 7 6 

195 1991860458353327362 1 4
1 0 7 6 

452 6925972535638963533 2 4
2 8 7 6 
8 2 7 6 

322 10706753935364593016 2 3
1 6 8 
1 8 6 

340 16597801642729134302 2 4
2 8 4 6 
8 2 4 6 

83 1403377735736589082 2 4
1 0 4 6 
1 0 6 4 

86 17273543508590570368 2 4
1 2 4 6 
1 2 6 4 

153 4162932262386333393 1 4
3 0 7 4 

410 11102861165387287137 1 5
8 7 4 3 1 

280 12769602731266802952 2 3
3 4 8 
3 8 4 

44 11149028268085365730 1 3
5 3 2 

388 10706753935364593016 2 3
7 2 8 
7 8 2 

131 14387733495235990617 1 3
7 1 0 

134 11149028268085365730 1 3
7 1 2 

391 4659600482062119493 1 5
7 8 1 0 2 

130 17087753756477223945 2 2
1 7 
7 1 

387 8966741146451038102 1 4
7 8 1 0 

138 13656853919990625924 2 3
7 3 1 
7 1 3 

395 16561085487698638278 1 5
7 8 3 1 0 

392 3519693191574693728 2 3
3 7 8 
7 3 8 

135 6378983683338563558 1 4
7 1 0 2 

40 17087753756477223945 2 2
3 5 
5 3 

297 5760306938524082630 1 4
5 8 3 0 

149 2612129316215727784 1 4
7 4 0 2 

406 10237530559430110297 1 5
8 7 4 1 2 

276 14860785610888650053 6 3
2 4 8 
2 8 4 
4 2 8 
4 8 2 
8 4 2 
8 2 4 

385 7339684600608904756 1 3
7 0 8 

33 7761248114875356858 1 2
5 0 

290 3519693191574693728 2 3
1 5 8 
5 1 8 

201 17055237391501919978 1 4
3 0 7 6 

458 2903975499774314472 1 5
8 7 6 3 1 

328 10706753935364593016 2 3
3 6 8 
3 8 6 

321 10953671594427668171 2 3
0 6 8 
0 8 6 

194 11149028268085365730 1 3
1 7 6 

451 11485523680234327374 1 5
8 7 6 1 0 

389 11523094069341561079 1 4
7 8 0 2 

390 10678243750605623333 1 4
7 8 1 2 

133 6101670372933717154 1 3
7 0 2 

394 16263707073762088265 1 4
7 8 3 1 

137 17392008325155999878 1 3
7 3 0 

140 11149028268085365730 1 3
7 3 2 

397 7990669911708789383 1 5
7 8 3 0 2 

88 13366814545066617902 2 3
3 4 6 
3 6 4 

345 2109279298297838743 1 5
8 3 0 6 4 

401 4962419606534507214 1 4
0 8 7 4 

274 10706753935364593016 2 3
1 4 8 
1 8 4 

273 16878537973128809433 2 3
0 4 8 
0 8 4 

146 1100806113672523033 1 3
1 7 4 

403 4322867671350508112 1 5
8 7 4 1 0 

177 9007153828393992180 1 4
0 7 5 4 

434 11084380748140727415 1 5
1 8 5 7 4 

50 11149028268085365730 1 3
1 5 4 

307 4388674965475816415 1 5
8 1 0 5 4 

225 14693244887033875114 2 4
0 5 7 6 
0 7 5 6 

482 11754538530388310811 1 5
1 8 5 7 6 

98 11149028268085365730 1 3
1 5 6 

355 14080402848417637065 1 5
8 1 0 5 6 

34 17087753756477223945 2 2
1 5 
5 1 

291 16726348032574652929 1 4
5 8 1 0 

161 13124699109979467217 2 3
0 5 7 
0 7 5 

418 16263707073762088265 1 4
1 8 5 7 

165 10933460797015356258 2 4
5 7 0 2 
7 5 0 2 

422 2903975499774314472 1 5
8 1 2 5 7 

38 11149028268085365730 1 3
5 1 2 

295 7795243158877483810 1 5
5 8 1 0 2 

292 10706753935364593016 2 3
5 2 8 
5 8 2 

35 14387733495235990617 1 3
5 1 0 

56 11149028268085365730 1 3
3 5 4 

163 7201845896995510467 2 4
1 0 5 7 
1 0 7 5 

420 9113855309555439349 4 4
2 8 7 5 
2 8 5 7 
8 2 7 5 
8 2 5 7 

162 13656853919990625924 2 3
1 5 7 
1 7 5 

419 6834870942326016030 1 5
8 1 0 5 7 

289 10596927269057759021 1 3
5 0 8 

104 11149028268085365730 1 3
3 5 6 

168 13656853919990625924 2 3
3 5 7 
3 7 5 

41 17392008325155999878 1 3
5 3 0 

298 16263707073762088265 1 4
5 8 1 3 

42 13656853919990625924 2 3
5 3 1 
5 1 3 

337 12308328135516102733 1 4
0 8 6 4 

210 11505578824550306296 1 4
1 7 4 6 

325 16743918197777463204 2 4
6 8 0 2 
8 6 0 2 

198 15406660600063173003 2 4
1 2 7 6 
7 6 1 2 

293 9746226341416480086 1 4
5 8 0 2 

305 16487890870665194988 1 4
0 8 5 4 

353 1283857367651356753 1 4
0 8 5 6 

417 3990013848269267878 1 4
0 8 7 5 

46 1325189704832684400 2 4
5 3 1 2 
5 1 3 2 

58 3672422587768820861 2 4
5 4 3 1 
5 4 1 3 

60 15406660600063173003 2 4
3 2 5 4 
5 4 3 2 

106 3672422587768820861 2 4
5 6 1 3 
5 6 3 1 

120 9890512650732357778 2 4
3 5 4 6 
3 5 6 4 

108 15406660600063173003 2 4
3 2 5 6 
5 6 3 2 

43 15109739216235033587 1 4
5 3 1 0 

300 10678243750605623333 1 4
5 8 3 2 

45 4806434294017687403 1 4
5 3 0 2 

57 17055237391501919978 1 4
3 0 5 4 

105 17055237391501919978 1 4
3 0 5 6 

172 3672422587768820861 2 4
3 2 5 7 
3 2 7 5 

184 710983609461443341 1 4
3 7 5 4 

232 1325189704832684400 2 4
3 5 7 6 
3 7 5 6 

169 17766142090619430745 2 4
3 0 5 7 
3 0 7 5 

312 5790440775842555603 1 4
3 8 5 4 

55 18027272648632865627 1 5
5 4 1 0 2 

360 10678243750605623333 1 4
3 8 5 6 

103 18027272648632865627 1 5
5 6 1 0 2 

170 1788481816032616716 8 4
1 3 5 7 
1 3 7 5 
3 1 5 7 
3 1 7 5 
5 7 1 3 
5 7 3 1 
7 5 3 1 
7 5 1 3 

424 16263707073762088265 1 4
3 8 7 5 

167 12701838112047124485 2 5
5 7 1 0 2 
7 5 1 0 2 

214 122739892342492504 1 5
1 2 7 4 6 

211 715180458082626531 1 5
1 0 7 4 6 

468 3932912945620292719 2 5
2 8 7 4 6 
8 2 7 4 6 

213 16265008954893297414 1 5
0 2 7 4 6 

279 13356670594868429429 2 5
4 8 1 0 2 
8 4 1 0 2 

341 4458756627001423442 1 5
8 0 2 6 4 

327 14944343130371039321 2 5
6 8 1 0 2 
8 6 1 0 2 

405 6209916494610791936 1 5
8 7 4 0 2 

453 13941259305103335987 1 5
8 7 6 0 2 

465 16466462663594664246 1 5
0 8 7 6 4 

94 15609286567341687251 4 5
4 6 3 1 2 
4 6 1 3 2 
6 4 3 1 2 
6 4 1 3 2 

93 9649843700450768952 2 5
4 6 3 0 2 
6 4 3 0 2 

91 875780514203868029 2 5
4 6 3 1 0 
6 4 3 1 0 

348 9610149598900032254 1 5
8 3 2 4 6 

158 18207528371512140480 2 5
7 4 3 1 2 
7 4 1 3 2 

206 12922176633001158555 2 5
7 6 3 1 2 
7 6 1 3 2 

220 122739892342492504 1 5
3 2 7 4 6 

143 16809583539933442721 1 5
7 3 1 0 2 

218 2576903528297243763 2 5
1 3 7 4 6 
3 1 7 4 6 

155 6190236099177285437 1 5
7 4 3 1 0 

412 4005307340539020879 1 5
8 7 4 3 2 

157 934208371910954258 1 5
7 4 3 0 2 

203 14648107111487251160 1 5
7 6 3 1 0 

460 4729197768228215044 2 5
8 3 2 7 6 
8 7 6 3 2 

205 9824582465131296909 1 5
7 6 3 0 2 

217 3522015446803932852 1 5
3 0 7 4 6 

286 2289104376326690067 2 5
4 8 3 1 2 
8 4 3 1 2 

334 12717222853809311445 4 5
6 8 3 1 2 
6 8 1 3 2 
8 6 3 1 2 
8 6 1 3 2 

285 10049257732675097694 2 5
4 8 3 0 2 
8 4 3 0 2 

283 10191717551570796528 2 5
4 8 3 1 0 
8 4 3 1 0 

333 13976138081680944079 2 5
6 8 3 0 2 
8 6 3 0 2 

331 14094149268624052765 2 5
6 8 3 1 0 
8 6 3 1 0 

472 4949083511651283518 1 5
3 8 7 4 6 

118 6275489921679089238 2 5
1 2 5 4 6 
1 2 5 6 4 

117 17780650715759082552 2 5
0 2 5 4 6 
0 2 5 6 4 

115 481102811543119701 2 5
1 0 5 4 6 
1 0 5 6 4 

372 10034266139738798973 2 5
2 8 5 4 6 
8 2 5 4 6 

182 15552171818323427777 1 5
1 2 7 5 4 

242 11699716099694416210 1 5
1 7 5 4 6 

230 12922176633001158555 2 5
1 2 5 7 6 
1 2 7 5 6 

179 4031556436925107839 1 5
1 0 7 5 4 

436 13451169295447157555 2 5
2 8 7 5 4 
8 2 7 5 4 

181 10036756194354358928 1 5
0 2 7 5 4 

227 14446926770421666506 2 5
1 0 5 7 6 
1 0 7 5 6 

484 12717222853809311445 4 5
2 8 7 5 6 
2 8 5 7 6 
8 2 7 5 6 
8 2 5 7 6 

241 8388747303581823390 1 5
0 7 5 4 6 

229 441489237400026936 2 5
0 2 5 7 6 
0 2 7 5 6 

309 1319177226906580788 1 5
8 5 4 0 2 

357 6795550284439056975 1 5
8 5 6 0 2 

369 11742044430421707698 1 5
0 8 5 6 4 

421 8495332248961238852 1 5
8 7 5 0 2 

433 4925256434424822145 1 5
0 8 7 5 4 

62 12922176633001158555 2 5
5 4 3 1 2 
5 4 1 3 2 

481 17652892871426176752 1 5
0 8 7 5 6 

110 12922176633001158555 2 5
5 6 3 1 2 
5 6 1 3 2 

124 6275489921679089238 2 5
3 2 5 4 6 
3 2 5 6 4 

47 16809583539933442721 1 5
5 3 1 0 2 

122 17210670490316903930 4 5
1 3 5 4 6 
1 3 5 6 4 
3 1 5 4 6 
3 1 5 6 4 

59 14648107111487251160 1 5
5 4 3 1 0 

61 9824582465131296909 1 5
5 4 3 0 2 

107 14648107111487251160 1 5
5 6 3 1 0 

109 9824582465131296909 1 5
5 6 3 0 2 

121 6020696122363519859 2 5
3 0 5 4 6 
3 0 5 6 4 

188 15552171818323427777 1 5
3 2 7 5 4 

186 16234861693636487131 2 5
1 3 7 5 4 
3 1 7 5 4 

174 9240981769496231536 4 5
5 7 3 1 2 
5 7 1 3 2 
7 5 3 1 2 
7 5 1 3 2 

236 12922176633001158555 2 5
3 2 5 7 6 
3 2 7 5 6 

234 9240981769496231536 4 5
1 3 5 7 6 
1 3 7 5 6 
3 1 5 7 6 
3 1 7 5 6 

248 11699716099694416210 1 5
3 7 5 4 6 

