bhabha2pb2m[1,-1,0,0,0,0,0,0,0]*(3*a0)
bhabha2pb2m[1,0,-1,0,0,0,0,0,0]*(-9*a0)
bhabha2pb2m[1,0,0,0,0,0,0,0,0]*(-24*a0)
bhabha2pb2m[0,0,0,0,0,0,0,1,0]*(21*a7)
bhabha2pb2m[1,0,0,-1,0,0,0,0,0]*(6*a0)
bhabha2pb2m[0,0,0,0,0,0,0,0,0]*(7*a6-7*a3-7*a7+7*a2)
bhabha2pb2m[0,0,0,0,1,-1,0,0,0]*(3*a4)
bhabha2pb2m[0,0,0,0,1,0,-1,0,0]*(-9*a4)
bhabha2pb2m[0,0,0,0,1,0,0,0,0]*(-24*a4)
bhabha2pb2m[0,0,0,0,0,0,-1,1,0]*(14*a7)
bhabha2pb2m[0,0,0,0,1,0,0,-1,0]*(6*a4)
bhabha2pb2m[0,-1,0,1,0,0,0,0,0]*(-7*a3)
bhabha2pb2m[0,-1,1,0,0,0,0,0,0]*(-5*a2)
bhabha2pb2m[0,0,0,0,0,-1,0,1,0]*(-7*a7)
bhabha2pb2m[0,0,0,1,0,0,0,0,0]*(21*a3)
bhabha2pb2m[0,0,1,-1,0,0,0,0,0]*(-2*a2)
bhabha2pb2m[0,0,0,0,0,0,1,-1,0]*(-2*a6)
bhabha2pb2m[0,0,-1,1,0,0,0,0,0]*(14*a3)
bhabha2pb2m[0,0,0,0,0,-1,1,0,0]*(-5*a6)

bhabha2pb2m[0,0,0,0,0,0,0,0,0]*(6*a6-6*a0-6*a4+6*a2)
bhabha2pb2m[1,-1,0,0,0,0,0,0,0]*(8*a0)
bhabha2pb2m[1,0,0,0,0,0,0,0,0]*(16*a0-6*eta*a0)
bhabha2pb2m[0,0,0,0,0,0,0,1,0]*(-32*a7)
bhabha2pb2m[1,0,-1,0,0,0,0,0,0]*(-2*a0)
bhabha2pb2m[0,0,0,0,0,-1,0,1,0]*(-16*a7)
bhabha2pb2m[0,0,0,0,-1,0,0,1,0]*(7*a7)
bhabha2pb2m[0,0,0,0,1,-1,0,0,0]*(8*a4)
bhabha2pb2m[0,0,-1,1,0,0,0,0,0]*(9*a3)
bhabha2pb2m[0,0,0,0,1,0,-1,0,0]*(-2*a4)
bhabha2pb2m[0,0,0,0,1,0,0,0,0]*(16*a4)
bhabha2pb2m[-1,0,1,0,0,0,0,0,0]*(2*a2)
bhabha2pb2m[0,-1,1,0,0,0,0,0,0]*(-8*a2)
bhabha2pb2m[0,0,1,0,0,0,0,0,0]*(2*eta*a2-16*a2)
bhabha2pb2m[0,-1,0,1,0,0,0,0,0]*(-16*a3)
bhabha2pb2m[0,0,0,0,0,0,-1,1,0]*(9*a7)
bhabha2pb2m[-1,0,0,1,0,0,0,0,0]*(7*a3)
bhabha2pb2m[0,0,0,1,0,0,0,0,0]*(7*a3*eta-32*a3)
bhabha2pb2m[0,0,0,0,0,0,1,0,0]*(-16*a6)
bhabha2pb2m[0,0,0,0,0,-1,1,0,0]*(-8*a6)
bhabha2pb2m[0,0,0,0,-1,0,1,0,0]*(2*a6)

bhabha2pb2m[0,0,0,0,0,0,0,0,0]*(6*a6-9*a3+3*a0-9*a7+3*a4+6*a2)
bhabha2pb2m[1,-1,0,0,0,0,0,0,0]*(-3*a0)
bhabha2pb2m[1,0,0,0,0,0,0,0,0]*(-16*a0+3*eta*a0)
bhabha2pb2m[1,0,-1,0,0,0,0,0,0]*(-2*a0)
bhabha2pb2m[1,0,0,-1,0,0,0,0,0]*(2*a0)
bhabha2pb2m[0,0,0,1,0,0,0,0,0]*(-7*a3*eta+59*a3)
bhabha2pb2m[0,0,0,0,0,0,0,1,0]*(59*a7)
bhabha2pb2m[0,0,0,0,1,-1,0,0,0]*(-3*a4)
bhabha2pb2m[0,0,0,0,1,0,-1,0,0]*(-2*a4)
bhabha2pb2m[0,0,0,0,1,0,0,-1,0]*(2*a4)
bhabha2pb2m[0,0,0,0,1,0,0,0,0]*(-16*a4)
bhabha2pb2m[-1,0,1,0,0,0,0,0,0]*(-5*a2)
bhabha2pb2m[0,-1,1,0,0,0,0,0,0]*(5*a2)
bhabha2pb2m[0,0,1,0,0,0,0,0,0]*(-5*eta*a2+40*a2)
bhabha2pb2m[0,0,0,0,0,0,-1,1,0]*(9*a7)
bhabha2pb2m[0,0,1,-1,0,0,0,0,0]*(-6*a2)
bhabha2pb2m[-1,0,0,1,0,0,0,0,0]*(-7*a3)
bhabha2pb2m[0,-1,0,1,0,0,0,0,0]*(7*a3)
bhabha2pb2m[0,0,-1,1,0,0,0,0,0]*(9*a3)
bhabha2pb2m[0,0,0,0,-1,0,0,1,0]*(-7*a7)
bhabha2pb2m[0,0,0,0,0,0,1,-1,0]*(-6*a6)
bhabha2pb2m[0,0,0,0,0,-1,0,1,0]*(7*a7)
bhabha2pb2m[0,0,0,0,-1,0,1,0,0]*(-5*a6)
bhabha2pb2m[0,0,0,0,0,-1,1,0,0]*(5*a6)
bhabha2pb2m[0,0,0,0,0,0,1,0,0]*(40*a6)

