506 4716118191584121800 2 7
5 3 6 7 1 8 4 
5 1 8 4 3 6 7 

491 10909637958796087737 1 7
5 3 6 7 1 8 0 

494 4243205792122953502 1 7
5 1 8 3 2 6 7 

431 7123231575913355126 1 7
5 1 8 0 3 2 7 

443 1766965481231882795 1 7
5 3 7 1 8 0 4 

446 6339669298936847666 1 7
5 1 8 4 3 2 7 

505 899060281654195753 1 7
5 3 6 7 8 0 4 

508 17955303329255020163 1 7
5 8 4 3 2 6 7 

445 3574597936876993678 1 7
5 3 2 7 8 0 4 

493 3368866886276657372 1 7
5 8 0 3 2 6 7 

499 10908355460575302 1 7
5 6 7 1 8 0 4 

502 17004485160584092373 1 7
5 1 8 4 2 6 7 

501 14008590014419669634 2 7
5 2 6 7 0 8 4 
5 2 7 6 0 4 8 

487 2983184705705252648 1 7
5 1 8 0 2 6 7 

439 8820873235076573521 1 7
5 2 7 1 8 0 4 

475 7542530370283352808 1 7
3 6 7 1 8 0 4 

415 1408128537776142812 2 7
2 3 7 1 8 0 4 
3 2 7 1 8 0 4 

477 1728778864975252805 2 7
0 4 8 3 2 6 7 
0 8 4 3 2 6 7 

478 8419987124258895410 1 7
1 8 4 3 2 6 7 

463 10635923646472734297 1 7
1 8 0 3 2 6 7 

471 17362054601492244797 2 7
2 6 7 1 8 0 4 
2 7 6 1 8 0 4 

379 7812562104608311305 1 7
5 3 6 1 8 0 4 

367 51763673219295639 1 7
5 1 8 0 3 2 6 

382 17117086956283838193 1 7
5 1 8 4 3 2 6 

319 10203811984526950628 1 7
5 3 2 1 8 0 4 

381 14517485005984721551 1 7
5 3 2 6 8 0 4 

351 2409085257470863347 1 7
3 2 6 1 8 0 4 

375 826011166793313831 1 7
5 2 6 1 8 0 4 

251 10004207502648736947 1 7
5 3 6 7 1 0 4 

239 6351194191759453383 1 7
5 1 0 3 2 6 7 

254 11037493984740942112 1 7
5 1 4 3 2 6 7 

191 6094130335237945529 1 7
5 1 0 4 3 2 7 

127 7175618523096840221 1 7
5 1 0 4 3 2 6 

247 10670956249403241403 1 7
5 1 0 4 2 6 7 

253 16046465391117674660 1 7
5 0 4 3 2 6 7 

223 17347483923704130620 1 7
1 0 4 3 2 6 7 

490 8240689953910180043 1 6
5 1 8 3 6 7 

442 13709180206166311971 1 6
5 3 7 1 8 4 

427 16055855671171022381 1 6
5 3 7 1 8 0 

430 4041966900322090309 1 6
5 1 8 3 2 7 

489 8592107557800291597 1 6
5 8 0 3 6 7 

504 12370103213538557138 1 6
5 8 4 3 6 7 

492 15762601765999236804 2 6
5 8 3 2 6 7 
8 5 3 2 6 7 

441 11494665474285217761 1 6
5 3 7 8 0 4 

429 10807828924768273031 1 6
5 8 0 3 2 7 

444 14895475871839470501 1 6
5 8 4 3 2 7 

483 5698295590550744386 1 6
5 6 7 1 8 0 

498 12370103213538557138 1 6
5 6 7 1 8 4 

435 17163619223534425001 2 6
5 7 1 8 0 4 
7 5 1 8 0 4 

486 4458345377313222193 1 6
5 1 8 2 6 7 

497 17275486218422728250 2 6
5 6 7 0 8 4 
5 7 6 0 4 8 

423 12453753995371003770 1 6
5 2 7 1 8 0 

438 11456033147656423976 1 6
5 2 7 1 8 4 

500 7657773738533340069 2 6
5 4 8 2 7 6 
5 8 4 2 6 7 

474 8340812443974365221 2 6
1 8 4 3 6 7 
3 6 7 1 8 4 

485 17114348318058393120 1 6
5 0 8 2 7 6 

437 12483164169338541807 1 6
5 2 7 0 8 4 

459 4923438370666967369 1 6
3 6 7 1 8 0 

462 5580202380098859470 1 6
1 8 3 2 6 7 

411 8896727778550595501 1 6
3 7 1 8 0 4 

414 17713998264762948699 2 6
1 8 4 3 2 7 
1 8 4 2 3 7 

399 14443223816707759582 2 6
1 8 0 3 2 7 
1 8 0 2 3 7 

473 17743436661086031273 2 6
3 6 7 0 4 8 
3 6 7 0 8 4 

413 1188534058227832227 4 6
2 3 7 0 4 8 
2 3 7 0 8 4 
3 2 7 0 4 8 
3 2 7 0 8 4 

476 4632054525150775512 2 6
4 8 3 2 6 7 
8 4 3 2 6 7 

461 3176794735301988343 1 6
0 8 3 2 6 7 

467 3981200829650701725 2 6
6 7 1 8 0 4 
7 6 1 8 0 4 

470 7569603486698736013 2 6
1 8 4 2 7 6 
1 8 4 2 6 7 

469 4975083271131823067 4 6
2 6 7 0 4 8 
2 6 7 0 8 4 
2 7 6 0 4 8 
2 7 6 0 8 4 

455 13976300643923255487 2 6
1 8 0 2 7 6 
1 8 0 2 6 7 

407 8896727778550595501 1 6
2 7 1 8 0 4 

378 8240689953910180043 1 6
5 3 6 1 8 4 

363 2170446480991395245 1 6
5 3 6 1 8 0 

366 2520466568024698752 1 6
5 1 8 3 2 6 

303 4378102031399550805 1 6
5 3 2 1 8 0 

315 8621689860154084857 1 6
3 5 1 8 0 4 

318 923374095536987215 1 6
5 3 2 1 8 4 

377 16816941542521382478 1 6
5 3 6 8 0 4 

380 2608252348174891660 1 6
5 8 4 3 2 6 

365 5531115092676161329 1 6
5 8 0 3 2 6 

317 15664021276807875263 1 6
5 3 2 8 0 4 

371 8157856012458474438 2 6
5 6 1 8 0 4 
6 5 1 8 0 4 

359 13678772271235604419 1 6
5 2 6 1 8 0 

374 16316535264338135849 1 6
5 2 6 1 8 4 

373 12483164169338541807 1 6
5 2 6 0 4 8 

311 2444721314255336286 1 6
2 5 1 8 0 4 

347 2631588035890787874 1 6
3 6 1 8 0 4 

349 15435195662628318360 2 6
3 2 6 0 4 8 
3 2 6 0 8 4 

287 9342695890385866255 2 6
2 3 1 8 0 4 
3 2 1 8 0 4 

350 6062202394033593025 1 6
1 8 4 3 2 6 

335 6713004309438421197 1 6
1 8 0 3 2 6 

250 13709180206166311971 1 6
5 1 4 3 6 7 

235 2870699324218184349 1 6
5 1 0 3 6 7 

343 8896727778550595501 1 6
2 6 1 8 0 4 

238 1673405816115181931 1 6
1 5 3 2 6 7 

187 6423861261007231644 1 6
5 3 7 1 0 4 

175 14184215461287803291 1 6
5 1 0 3 2 7 

190 13578239155314428911 1 6
5 1 4 3 2 7 

249 10917801525348339302 1 6
5 0 4 3 6 7 

252 1878505585483514020 2 6
4 5 3 2 6 7 
5 4 3 2 6 7 

237 5850485172355921717 1 6
0 5 3 2 6 7 

189 12173087206208572219 1 6
5 0 4 2 3 7 

243 16863416991977668074 1 6
5 6 7 1 0 4 

246 11766589707144838402 1 6
5 1 4 2 6 7 

231 4782430158326718720 1 6
5 1 0 2 6 7 

245 17114348318058393120 1 6
5 0 4 2 6 7 

183 10680536518609697914 1 6
5 2 7 1 0 4 

219 9174730438162384811 1 6
3 6 7 1 0 4 

159 13189739378305762593 2 6
1 0 4 3 2 7 
1 0 4 2 3 7 

222 7990104328247157411 1 6
1 4 3 2 6 7 

207 16632183261152522228 1 6
1 0 3 2 6 7 

221 3176794735301988343 1 6
0 4 3 2 6 7 

215 18370191473572837717 2 6
2 6 7 1 0 4 
2 7 6 1 0 4 

111 5672833108219618798 1 6
5 1 0 3 2 6 

123 1005037255589756710 1 6
5 3 6 1 0 4 

126 8848231404179445089 1 6
5 1 4 3 2 6 

63 13055696356701817525 1 6
5 3 2 1 0 4 

125 3473398225955074953 1 6
5 0 4 3 2 6 

95 2316573086276915255 1 6
1 0 4 3 2 6 

119 5167747166155648550 1 6
5 2 6 1 0 4 

426 5687679204035708467 1 5
5 1 8 3 7 

425 11146202801952939168 1 5
5 3 7 8 0 

488 6295242608580558872 2 5
5 8 3 6 7 
8 5 3 6 7 

440 1314320237588786228 1 5
5 3 7 8 4 

428 2745205311018678315 2 5
5 8 3 2 7 
8 5 3 2 7 

354 15725396310838832048 2 4
5 6 1 8 
6 5 1 8 

97 3684224192080029757 2 3
0 5 6 
0 6 5 

294 8397334625162587836 1 4
2 5 1 8 

37 8120387365409270255 1 3
2 0 5 

330 13461187978258175434 2 4
1 8 3 6 
3 6 1 8 

73 15515151711618997713 1 3
0 3 6 

282 529838076471764616 1 4
3 1 8 4 

25 17250501025191192120 1 3
3 0 4 

270 1953978602712153383 2 4
1 8 3 2 
1 8 2 3 

13 5031426004007361370 2 3
0 2 3 
0 3 2 

326 13796289709583244209 1 4
1 8 2 6 

69 6298889260055877585 1 3
0 2 6 

278 529838076471764616 1 4
2 1 8 4 

21 17250501025191192120 1 3
2 0 4 

163 1765571406660358270 2 4
5 7 1 0 
7 5 1 0 

420 2094911513554197192 2 4
5 8 2 7 
8 5 2 7 

178 6925972535638963533 2 4
5 7 1 4 
7 5 1 4 

177 11892767638535426201 2 4
5 7 0 4 
7 5 0 4 

434 3211452996141361856 2 5
5 7 1 8 4 
7 5 1 8 4 

210 7150496180077738619 2 4
1 4 6 7 
1 4 7 6 

195 10850260592315917787 2 4
1 0 6 7 
1 0 7 6 

209 6305501177838887852 2 4
0 4 6 7 
0 4 7 6 

466 17443941716167504307 2 5
6 7 1 8 4 
7 6 1 8 4 

360 15725396310838832048 2 4
5 8 3 6 
8 5 3 6 

103 15340531783506599561 1 5
5 1 0 2 6 

106 2938128104864643238 1 4
1 5 3 6 

297 16992953948281909082 1 4
3 5 8 0 

170 12159194040976764615 1 4
1 5 3 7 

43 11889935965667770303 1 4
3 5 1 0 

300 17912309331370950559 2 4
5 8 3 2 
8 5 3 2 

312 11025324576651510866 1 4
3 5 8 4 

55 9354941376849377141 1 5
2 5 1 0 4 

58 12159194040976764615 1 4
3 5 1 4 

46 3090918670154284758 1 4
1 5 3 2 

120 8686834486292627361 2 4
4 5 3 6 
5 4 3 6 

105 216925232113826596 1 4
0 5 3 6 

362 8191131688945918907 2 5
5 3 6 1 8 
5 1 8 3 6 

184 6925972535638963533 2 4
4 5 3 7 
5 4 3 7 

57 10918637473182342776 1 4
3 5 0 4 

314 13688018836496900398 1 5
3 5 1 8 4 

60 5717025906857630614 4 4
4 5 2 3 
4 5 3 2 
5 4 3 2 
5 4 2 3 

45 5925324716977230012 1 4
0 5 2 3 

302 15578178418050445066 1 5
5 1 8 3 2 

368 15704017212081516077 2 4
5 6 4 8 
6 5 4 8 

114 13186717803197333524 2 4
5 6 1 4 
6 5 1 4 

353 11892767638535426201 2 4
5 6 0 8 
6 5 0 8 

226 11025324576651510866 1 4
1 5 6 7 

99 10379175512226354055 2 4
5 6 1 0 
6 5 1 0 

356 6925972535638963533 2 4
5 8 2 6 
8 5 2 6 

102 14315483891285730756 1 4
1 5 2 6 

293 3308555120644013935 1 4
2 5 0 8 

166 15368499501652111834 1 4
1 5 2 7 

39 6907379454614747606 1 4
2 5 1 0 

296 2512533711646785065 2 3
3 5 8 
3 8 5 

308 698476773254776664 2 4
2 5 4 8 
2 5 8 4 

54 15368499501652111834 1 4
2 5 1 4 

194 12585292063867719537 2 3
1 6 7 
1 7 6 

451 6335677946707820820 2 5
6 7 1 8 0 
7 6 1 8 0 

193 3584596353957403666 2 3
0 6 7 
0 7 6 

450 8950438065344213768 2 4
1 8 7 6 
1 8 6 7 

329 16565695877079045279 1 4
3 6 0 8 

202 529838076471764616 1 4
1 3 6 7 

75 12555680171730555362 1 4
3 6 1 0 

201 10087036949447775809 1 4
0 3 6 7 

458 2544471438310254489 1 5
1 8 3 6 7 

74 6486448604913209494 1 3
1 3 6 

331 9170779518215580736 1 5
3 6 1 8 0 

269 8983853959786320442 2 4
2 3 0 8 
3 2 0 8 

142 9829021077594943929 2 4
1 2 3 7 
1 3 2 7 

15 16101784133186136434 2 4
1 0 2 3 
1 0 3 2 

56 10706753935364593016 2 3
3 4 5 
3 5 4 

313 15374230706499041054 1 5
3 5 8 0 4 

52 10706753935364593016 2 3
2 4 5 
2 5 4 

309 11700969563805506170 2 5
2 5 0 4 8 
2 5 0 8 4 

389 3779725885503056035 1 4
2 7 0 8 

135 627544986314404477 1 4
2 7 1 0 

262 6486448604913209494 1 3
2 1 8 

5 3085733323793310697 1 2
2 0 

85 3779725885503056035 1 4
2 6 0 4 

342 6610907291125018627 1 5
2 6 1 8 4 

133 6298889260055877585 1 3
0 2 7 

390 13796289709583244209 1 4
1 8 2 7 

6 17087753756477223945 2 2
1 2 
2 1 

263 12645682393519960790 1 4
2 1 8 0 

41 15410836770708375250 1 3
3 0 5 

298 2938128104864643238 1 4
3 5 1 8 

197 15935674639946094002 2 4
0 2 6 7 
0 2 7 6 

454 6866216736986476997 2 5
1 8 2 7 6 
1 8 2 6 7 

70 11149028268085365730 1 3
1 2 6 

327 3217406242897086305 1 5
2 6 1 8 0 

165 6014641326585863198 1 4
0 5 2 7 

422 17253653929624369613 1 5
5 1 8 2 7 

292 10706753935364593016 2 3
2 5 8 
2 8 5 

38 2361156492905547982 2 3
1 2 5 
2 1 5 

295 119258153110301678 1 5
2 5 1 8 0 

9 3085733323793310697 1 2
3 0 

266 6486448604913209494 1 3
3 1 8 

225 4634709047748281356 2 4
0 5 6 7 
0 5 7 6 

482 9560606714678679938 1 5
5 1 8 6 7 

98 2512533711646785065 2 3
1 5 6 
1 6 5 

355 17687052918078841158 2 5
5 6 1 8 0 
6 5 1 8 0 

141 8272661839157069141 2 4
0 2 3 7 
0 3 2 7 

398 12179503011420176981 2 5
1 8 3 2 7 
1 8 2 3 7 

14 17383987363454026160 2 3
1 2 3 
1 3 2 

271 2556657585281653374 2 5
2 3 1 8 0 
3 2 1 8 0 

112 12260785478939447192 6 3
4 5 6 
4 6 5 
5 4 6 
5 6 4 
6 5 4 
6 4 5 

369 15180610883791284075 2 5
5 6 0 4 8 
6 5 0 4 8 

180 6925972535638963533 2 4
4 5 2 7 
5 4 2 7 

53 3308555120644013935 1 4
2 5 0 4 

310 8232652801974800287 1 5
2 5 1 8 4 

134 11149028268085365730 1 3
1 2 7 

391 3217406242897086305 1 5
2 7 1 8 0 

7 4312993485518831787 1 3
2 1 0 

261 17250501025191192120 1 3
2 0 8 

101 6014641326585863198 1 4
0 5 2 6 

358 8625495180321724595 1 5
5 1 8 2 6 

267 12645682393519960790 1 4
3 1 8 0 

10 17087753756477223945 2 2
1 3 
3 1 

161 3684224192080029757 2 3
0 5 7 
0 7 5 

418 8686834486292627361 2 4
5 7 1 8 
7 5 1 8 

137 6298889260055877585 1 3
0 3 7 

394 13796289709583244209 1 4
1 8 3 7 

78 18190191940117714365 1 4
1 3 2 6 

153 3779725885503056035 1 4
3 7 0 4 

410 6610907291125018627 1 5
3 7 1 8 4 

26 11149028268085365730 1 3
3 1 4 

283 3493447717841421537 1 5
3 1 8 0 4 

280 12585292063867719537 2 3
3 4 8 
3 8 4 

23 4035577208844109525 1 4
2 1 0 4 

149 3779725885503056035 1 4
2 7 0 4 

406 6610907291125018627 1 5
2 7 1 8 4 

22 11149028268085365730 1 3
2 1 4 

279 3493447717841421537 1 5
2 1 8 0 4 

276 12585292063867719537 2 3
2 4 8 
2 8 4 

11 4312993485518831787 1 3
3 1 0 

138 11149028268085365730 1 3
1 3 7 

395 3217406242897086305 1 5
3 7 1 8 0 

265 17250501025191192120 1 3
3 0 8 

29 8983853959786320442 2 4
2 3 0 4 
3 2 0 4 

286 4143356442949502389 2 5
2 3 1 8 4 
3 2 1 8 4 

139 627544986314404477 1 4
3 7 1 0 

89 16565695877079045279 1 4
3 6 0 4 

346 2544471438310254489 1 5
3 6 1 8 4 

284 4230604656947954310 4 4
2 3 4 8 
2 3 8 4 
3 2 4 8 
3 2 8 4 

27 4035577208844109525 1 4
3 1 0 4 

30 17663828750069960505 2 4
1 4 3 2 
1 4 2 3 

169 6362037361105324422 1 4
0 5 3 7 

42 3519693191574693728 2 3
1 3 5 
3 1 5 

299 16689992246110442864 1 5
3 5 1 8 0 

162 10706753935364593016 2 3
1 5 7 
1 7 5 

419 8346333325977318934 2 5
5 7 1 8 0 
7 5 1 8 0 

416 12260785478939447192 6 3
5 7 8 
5 8 7 
7 5 8 
7 8 5 
8 7 5 
8 5 7 

277 9948786386143750181 2 4
2 0 4 8 
2 0 8 4 

150 15406660600063173003 2 4
1 4 2 7 
2 7 1 4 

325 3779725885503056035 1 4
2 6 0 8 

198 15669754230730330559 2 4
1 2 6 7 
1 2 7 6 

71 627544986314404477 1 4
2 6 1 0 

340 7150496180077738619 2 4
2 6 4 8 
2 6 8 4 

86 15406660600063173003 2 4
1 4 2 6 
2 6 1 4 

281 9948786386143750181 2 4
3 0 4 8 
3 0 8 4 

154 15406660600063173003 2 4
1 4 3 7 
3 7 1 4 

77 11027017004405945544 1 4
0 3 2 6 

334 15253064470191739447 1 5
1 8 3 2 6 

344 8950438065344213768 2 4
3 6 4 8 
3 6 8 4 

87 3721337278075414643 1 5
2 6 1 0 4 

90 13796289709583244209 1 4
3 6 1 4 

116 2094911513554197192 2 4
4 5 2 6 
5 4 2 6 

240 15704017212081516077 2 4
4 5 6 7 
5 4 6 7 

113 1017995054320984049 2 4
5 6 0 4 
6 5 0 4 

370 6295242608580558872 2 5
5 6 1 8 4 
6 5 1 8 4 

449 6305501177838887852 2 4
0 8 7 6 
0 8 6 7 

404 7150496180077738619 2 4
2 7 4 8 
2 7 8 4 

393 3779725885503056035 1 4
3 7 0 8 

408 7150496180077738619 2 4
3 7 4 8 
3 7 8 4 

151 3721337278075414643 1 5
2 7 1 0 4 

464 13150025586414177241 8 4
4 8 7 6 
4 8 6 7 
6 7 4 8 
6 7 8 4 
7 6 4 8 
7 6 8 4 
8 4 7 6 
8 4 6 7 

432 15704017212081516077 2 4
5 7 8 4 
7 5 8 4 

417 1017995054320984049 2 4
5 7 0 8 
7 5 0 8 

480 15704017212081516077 2 4
5 8 7 6 
8 5 7 6 

424 13186717803197333524 2 4
5 8 3 7 
8 5 3 7 

167 10009294229731923988 1 5
5 2 7 1 0 

93 7858801496581099828 1 5
0 4 3 2 6 

79 2380959652889128469 1 5
1 0 3 2 6 

94 12496460193956787050 1 5
1 4 3 2 6 

31 3395985577596534653 2 5
2 3 1 0 4 
3 2 1 0 4 

91 1020628112970383933 1 5
3 6 1 0 4 

348 1216723659735808329 2 5
4 8 3 2 6 
8 4 3 2 6 

117 9855864855782269754 1 5
5 2 6 0 4 

118 752049474382680048 1 5
5 1 4 2 6 

115 12967438342108667194 2 5
5 6 1 0 4 
6 5 1 0 4 

372 3212215444823187638 1 5
5 2 6 4 8 

109 17883892038821110264 1 5
0 5 3 2 6 

61 3971942144965763176 1 5
5 2 3 0 4 

124 7873255866756797050 2 5
4 5 3 2 6 
5 4 3 2 6 

121 5556421627318719175 1 5
5 3 6 0 4 

62 10644554537150268076 1 5
5 1 4 3 2 

59 11713831763164774720 1 5
3 5 1 0 4 

316 4700516104397759652 1 5
5 3 2 8 4 

47 6008104900956704973 1 5
5 1 0 3 2 

110 1200122143081979852 1 5
1 5 3 2 6 

213 14800241150187529919 2 5
0 4 2 6 7 
0 4 2 7 6 

122 5687679204035708467 1 5
5 3 6 1 4 

107 8495248890380437907 1 5
5 3 6 1 0 

364 14124562063877727792 2 5
5 8 3 2 6 
8 5 3 2 6 

214 1170858302316114891 2 5
1 4 2 6 7 
1 4 2 7 6 

199 2100826786846593042 2 5
1 0 2 6 7 
1 0 2 7 6 

211 10416710980967425535 2 5
6 7 1 0 4 
7 6 1 0 4 

468 5985004378282824371 4 5
4 8 2 7 6 
4 8 2 6 7 
8 4 2 7 6 
8 4 2 6 7 

205 1665097483886882039 1 5
0 3 2 6 7 

157 1863278546069631396 2 5
0 4 3 2 7 
0 4 2 3 7 

217 5610672468521596439 1 5
0 4 3 6 7 

158 772038652885336484 2 5
1 4 3 2 7 
1 4 2 3 7 

206 13024210261977407576 1 5
1 3 2 6 7 

155 3721337278075414643 1 5
3 7 1 0 4 

412 16325884511259221329 4 5
4 8 2 3 7 
4 8 3 2 7 
8 4 3 2 7 
8 4 2 3 7 

143 9892040129650139200 2 5
1 0 2 3 7 
1 0 3 2 7 

218 6610907291125018627 1 5
1 4 3 6 7 

203 7636698968512728249 1 5
1 0 3 6 7 

181 5604590756551874431 1 5
5 2 7 0 4 

229 17239695949305052174 2 5
0 5 2 6 7 
0 5 2 7 6 

244 14147606527444079698 2 5
4 5 2 6 7 
5 4 2 6 7 

241 6848011229001765584 1 5
5 0 4 6 7 

182 6267612268663428785 2 5
5 2 7 1 4 
5 1 4 2 7 

230 9014220187794274253 1 5
1 5 2 6 7 

179 11767146466522239813 2 5
5 7 1 0 4 
7 5 1 0 4 

436 3212215444823187638 1 5
5 2 7 8 4 

242 1314320237588786228 1 5
5 1 4 6 7 

227 12803959040765800442 1 5
5 1 0 6 7 

484 14147606527444079698 2 5
5 8 2 7 6 
8 5 2 7 6 

173 15896535856072061213 1 5
0 5 2 3 7 

185 13022620247303560540 1 5
5 3 7 0 4 

188 4296084766665496239 4 5
4 5 2 3 7 
4 5 3 2 7 
5 4 3 2 7 
5 4 2 3 7 

233 8508663851674981862 1 5
0 5 3 6 7 

248 3211452996141361856 2 5
4 5 3 6 7 
5 4 3 6 7 

174 13346917055206335068 1 5
1 5 3 2 7 

186 4729197768228215044 2 5
5 3 7 1 4 
5 1 4 3 7 

171 8373486408725673746 1 5
5 3 7 1 0 

234 13688018836496900398 1 5
1 5 3 6 7 

341 11227027734489427862 2 5
2 6 0 4 8 
2 6 0 8 4 

333 7858801496581099828 1 5
0 8 3 2 6 

345 3969573182597379171 2 5
3 6 0 4 8 
3 6 0 8 4 

285 8806590588056598289 4 5
2 3 0 4 8 
2 3 0 8 4 
3 2 0 4 8 
3 2 0 8 4 

357 5604590756551874431 1 5
5 2 6 0 8 

301 17968524481216426533 1 5
5 3 2 8 0 

376 9560606714678679938 1 5
5 3 6 8 4 

361 728222238844042740 1 5
5 3 6 8 0 

453 14800241150187529919 2 5
0 8 2 7 6 
0 8 2 6 7 

405 11227027734489427862 2 5
2 7 0 4 8 
2 7 0 8 4 

465 3690224526988697710 4 5
6 7 0 4 8 
6 7 0 8 4 
7 6 0 4 8 
7 6 0 8 4 

397 1863278546069631396 2 5
0 8 3 2 7 
0 8 2 3 7 

457 5610672468521596439 1 5
0 8 3 6 7 

409 11227027734489427862 2 5
3 7 0 4 8 
3 7 0 8 4 

472 17443941716167504307 2 5
4 8 3 6 7 
8 4 3 6 7 

421 9855864855782269754 1 5
5 2 7 0 8 

433 15180610883791284075 2 5
5 7 0 8 4 
7 5 0 8 4 

481 6848011229001765584 1 5
5 0 8 7 6 

496 15397974748116556752 4 5
5 4 8 7 6 
5 6 7 8 4 
5 7 6 4 8 
5 8 4 6 7 

