bhabha2pb[0,0,0,0,0,0,0,0,0]*(-a5-2*a2-a6-a3-a7+d)
bhabha2pb[0,0,1,0,0,0,0,0,0]*(-2*a2)
bhabha2pb[0,0,-1,1,0,0,0,0,0]*(-a3)
bhabha2pb[0,0,-1,0,0,0,0,1,0]*(-a7)
bhabha2pb[0,0,0,1,0,0,0,0,0]*(-5*a3)
bhabha2pb[-1,0,0,0,0,1,0,0,0]*(a5)
bhabha2pb[0,0,-1,0,0,1,0,0,0]*(-a5)
bhabha2pb[0,0,-1,0,0,0,1,0,0]*(-a6)
bhabha2pb[0,0,0,0,0,1,0,0,0]*(a5*eta)

bhabha2pb[0,0,0,0,0,0,0,0,0]*(-a5-2*a0-a4+d-a1-a8)
bhabha2pb[1,0,0,0,0,0,0,0,0]*(-2*eta*a0-2*a0)
bhabha2pb[-1,1,0,0,0,0,0,0,0]*(-a1)
bhabha2pb[0,0,0,0,0,0,0,0,1]*(-eta*a8)
bhabha2pb[0,1,0,0,0,0,0,0,0]*(-5*a1-eta*a1)
bhabha2pb[-1,0,0,0,1,0,0,0,0]*(-a4)
bhabha2pb[-1,0,0,0,0,0,0,0,1]*(-a8)
bhabha2pb[0,0,0,0,1,0,0,0,0]*(-eta*a4)
bhabha2pb[-1,0,0,0,0,1,0,0,0]*(-a5)
bhabha2pb[0,0,-1,0,0,1,0,0,0]*(a5)
bhabha2pb[0,0,0,0,0,1,0,0,0]*(-a5*eta)

bhabha2pb[1,-1,0,0,0,0,0,0,0]*(-a0)
bhabha2pb[1,0,0,0,-1,0,0,0,0]*(a0)
bhabha2pb[1,0,0,0,0,0,0,0,0]*(-5*a0)
bhabha2pb[0,0,0,0,0,0,0,0,0]*(a4-a1)
bhabha2pb[0,1,0,0,-1,0,0,0,0]*(a1)
bhabha2pb[0,1,0,0,0,0,0,0,0]*(-2*a1)
bhabha2pb[0,-1,0,0,1,0,0,0,0]*(-a4)
bhabha2pb[0,0,0,0,0,0,0,0,1]*(-11*a8)
bhabha2pb[0,-1,0,0,0,1,0,0,0]*(-a5)
bhabha2pb[0,0,0,-1,0,1,0,0,0]*(a5)
bhabha2pb[0,0,0,0,-1,1,0,0,0]*(a5)
bhabha2pb[0,0,0,0,0,1,0,-1,0]*(-a5)
bhabha2pb[0,-1,0,0,0,0,0,0,1]*(-a8)
bhabha2pb[0,0,0,0,-1,0,0,0,1]*(a8)

bhabha2pb[0,0,1,-1,0,0,0,0,0]*(-a2)
bhabha2pb[0,0,1,0,0,0,0,-1,0]*(a2)
bhabha2pb[0,0,1,0,0,0,0,0,0]*(-5*a2)
bhabha2pb[0,0,0,0,0,0,0,0,0]*(-a3+a7)
bhabha2pb[0,0,0,1,0,0,0,-1,0]*(a3)
bhabha2pb[0,0,0,1,0,0,0,0,0]*(-2*a3)
bhabha2pb[0,-1,0,0,0,1,0,0,0]*(a5)
bhabha2pb[0,0,0,-1,0,1,0,0,0]*(-a5)
bhabha2pb[0,0,0,0,-1,1,0,0,0]*(-a5)
bhabha2pb[0,0,0,0,0,1,0,-1,0]*(a5)
bhabha2pb[0,0,0,-1,0,0,1,0,0]*(-a6)
bhabha2pb[0,0,0,0,0,0,1,-1,0]*(a6)
bhabha2pb[0,0,0,0,0,0,1,0,0]*(-11*a6)
bhabha2pb[0,0,0,-1,0,0,0,1,0]*(-a7)

bhabha2pb[0,0,0,0,0,0,0,0,0]*(a2-a7)
bhabha2pb[0,0,1,0,0,0,0,-1,0]*(-a2)
bhabha2pb[0,0,1,0,0,0,0,0,0]*(2*a2)
bhabha2pb[0,0,-1,1,0,0,0,0,0]*(a3)
bhabha2pb[0,0,0,1,0,0,0,-1,0]*(-a3)
bhabha2pb[0,0,0,1,0,0,0,0,0]*(5*a3)
bhabha2pb[-1,0,0,0,0,1,0,0,0]*(-a5)
bhabha2pb[0,0,-1,0,0,1,0,0,0]*(a5)
bhabha2pb[0,0,0,0,-1,1,0,0,0]*(a5)
bhabha2pb[0,0,0,0,0,1,0,-1,0]*(-a5)
bhabha2pb[0,0,0,0,0,1,0,0,0]*(-a5*eta)
bhabha2pb[0,0,-1,0,0,0,1,0,0]*(a6)
bhabha2pb[0,0,0,0,0,0,1,-1,0]*(-a6)
bhabha2pb[0,0,0,0,0,0,1,0,0]*(5*a6)
bhabha2pb[0,0,-1,0,0,0,0,1,0]*(a7)

bhabha2pb[0,0,0,0,0,0,0,0,0]*(a2-a6)
bhabha2pb[0,0,1,0,0,0,-1,0,0]*(-a2)
bhabha2pb[0,0,1,0,0,0,0,0,0]*(2*a2)
bhabha2pb[0,0,-1,1,0,0,0,0,0]*(a3)
bhabha2pb[0,0,0,1,0,0,-1,0,0]*(-a3)
bhabha2pb[0,0,0,1,0,0,0,0,0]*(-a3)
bhabha2pb[-1,0,0,0,0,1,0,0,0]*(-a5)
bhabha2pb[0,0,-1,0,0,1,0,0,0]*(a5)
bhabha2pb[0,0,0,0,0,1,-1,0,0]*(-a5)
bhabha2pb[0,0,0,0,0,1,0,0,-1]*(a5)
bhabha2pb[0,0,0,0,0,1,0,0,0]*(-a5*eta)
bhabha2pb[0,0,-1,0,0,0,1,0,0]*(a6)
bhabha2pb[0,0,0,0,0,0,0,1,0]*(5*a7)
bhabha2pb[0,0,-1,0,0,0,0,1,0]*(a7)
bhabha2pb[0,0,0,0,0,0,-1,1,0]*(-a7)

bhabha2pb[0,0,0,0,0,0,0,0,0]*(a0-a4)
bhabha2pb[1,0,0,0,-1,0,0,0,0]*(-a0)
bhabha2pb[1,0,0,0,0,0,0,0,0]*(eta*a0+2*a0)
bhabha2pb[-1,1,0,0,0,0,0,0,0]*(a1)
bhabha2pb[0,1,0,0,-1,0,0,0,0]*(-a1)
bhabha2pb[0,1,0,0,0,0,0,0,0]*(5*a1+eta*a1)
bhabha2pb[-1,0,0,0,1,0,0,0,0]*(a4)
bhabha2pb[0,0,0,0,0,0,0,0,1]*(eta*a8+5*a8)
bhabha2pb[0,0,0,0,1,0,0,0,0]*(eta*a4)
bhabha2pb[-1,0,0,0,0,1,0,0,0]*(a5)
bhabha2pb[0,0,-1,0,0,1,0,0,0]*(-a5)
bhabha2pb[0,0,0,0,-1,1,0,0,0]*(-a5)
bhabha2pb[0,0,0,0,0,1,0,-1,0]*(a5)
bhabha2pb[0,0,0,0,0,1,0,0,0]*(a5*eta)
bhabha2pb[-1,0,0,0,0,0,0,0,1]*(a8)
bhabha2pb[0,0,0,0,-1,0,0,0,1]*(-a8)

bhabha2pb[0,0,0,0,0,0,0,0,0]*(a0-a8)
bhabha2pb[1,0,0,0,0,0,0,0,-1]*(-a0)
bhabha2pb[1,0,0,0,0,0,0,0,0]*(eta*a0+2*a0)
bhabha2pb[-1,1,0,0,0,0,0,0,0]*(a1)
bhabha2pb[0,1,0,0,0,0,0,0,-1]*(-a1)
bhabha2pb[0,1,0,0,0,0,0,0,0]*(-a1+eta*a1)
bhabha2pb[-1,0,0,0,1,0,0,0,0]*(a4)
bhabha2pb[0,0,0,0,1,0,0,0,-1]*(-a4)
bhabha2pb[0,0,0,0,1,0,0,0,0]*(eta*a4+5*a4)
bhabha2pb[-1,0,0,0,0,1,0,0,0]*(a5)
bhabha2pb[0,0,-1,0,0,1,0,0,0]*(-a5)
bhabha2pb[0,0,0,0,0,1,-1,0,0]*(a5)
bhabha2pb[0,0,0,0,0,1,0,0,-1]*(-a5)
bhabha2pb[0,0,0,0,0,1,0,0,0]*(a5*eta)
bhabha2pb[-1,0,0,0,0,0,0,0,1]*(a8)
bhabha2pb[0,0,0,0,0,0,0,0,1]*(eta*a8)

bhabha2pb[-1,0,1,0,0,0,0,0,0]*(-a2)
bhabha2pb[0,0,0,0,0,0,0,0,0]*(a5-a2)
bhabha2pb[0,0,1,0,0,-1,0,0,0]*(a2)
bhabha2pb[0,0,1,0,0,0,0,0,0]*(-2*a2-a2*eta)
bhabha2pb[0,-1,0,1,0,0,0,0,0]*(-a3)
bhabha2pb[0,0,-1,1,0,0,0,0,0]*(-a3)
bhabha2pb[0,0,0,1,0,-1,0,0,0]*(a3)
bhabha2pb[0,0,0,1,0,0,0,0,0]*(-5*a3)
bhabha2pb[-1,0,0,0,0,1,0,0,0]*(a5)
bhabha2pb[0,0,-1,0,0,1,0,0,0]*(-a5)
bhabha2pb[0,0,0,0,0,-1,0,1,0]*(a7)
bhabha2pb[0,0,0,0,0,1,0,0,0]*(a5*eta)
bhabha2pb[0,0,-1,0,0,0,1,0,0]*(-a6)
bhabha2pb[0,0,0,0,0,-1,1,0,0]*(a6)
bhabha2pb[0,0,0,0,0,0,1,0,-1]*(-a6)
bhabha2pb[0,0,-1,0,0,0,0,1,0]*(-a7)
bhabha2pb[0,0,0,0,-1,0,0,1,0]*(-a7)

bhabha2pb[0,0,0,0,0,0,0,0,0]*(a5-a0)
bhabha2pb[1,0,-1,0,0,0,0,0,0]*(-a0)
bhabha2pb[1,0,0,0,0,-1,0,0,0]*(a0)
bhabha2pb[1,0,0,0,0,0,0,0,0]*(-eta*a0-2*a0)
bhabha2pb[-1,1,0,0,0,0,0,0,0]*(-a1)
bhabha2pb[0,1,0,-1,0,0,0,0,0]*(-a1)
bhabha2pb[0,1,0,0,0,-1,0,0,0]*(a1)
bhabha2pb[0,1,0,0,0,0,0,0,0]*(-5*a1-eta*a1)
bhabha2pb[-1,0,0,0,1,0,0,0,0]*(-a4)
bhabha2pb[0,0,0,0,1,-1,0,0,0]*(a4)
bhabha2pb[0,0,0,0,1,0,0,-1,0]*(-a4)
bhabha2pb[0,0,0,0,1,0,0,0,0]*(-eta*a4)
bhabha2pb[-1,0,0,0,0,1,0,0,0]*(-a5)
bhabha2pb[0,0,-1,0,0,1,0,0,0]*(a5)
bhabha2pb[0,0,0,0,0,0,0,0,1]*(-eta*a8)
bhabha2pb[0,0,0,0,0,1,0,0,0]*(-a5*eta)
bhabha2pb[-1,0,0,0,0,0,0,0,1]*(-a8)
bhabha2pb[0,0,0,0,0,-1,0,0,1]*(a8)
bhabha2pb[0,0,0,0,0,0,-1,0,1]*(-a8)

