488 10873586256782590264 2 5
3 7 5 8 6 
3 8 6 7 5 

481 4093938723230341546 2 5
6 8 0 5 7 
8 6 0 5 7 

496 15159478830403372626 4 5
5 7 4 8 6 
5 7 8 4 6 
7 5 4 8 6 
7 5 8 4 6 

482 4579361316129500289 2 5
5 7 1 6 8 
7 5 1 6 8 

472 4323769937847979480 2 5
3 7 8 4 6 
7 3 8 4 6 

465 1693531577949584223 2 5
0 7 4 8 6 
0 7 8 4 6 

451 16861107671525271274 1 5
0 7 1 6 8 

453 16540529381311318277 2 5
6 8 0 2 7 
8 6 0 2 7 

454 1560002834111704541 2 5
2 7 1 6 8 
7 2 1 6 8 

425 595428874411382740 2 5
3 8 7 0 5 
8 3 7 0 5 

426 14487101468001313312 1 5
3 1 8 7 5 

440 12945076698413370687 1 5
3 8 4 7 5 

433 3634476075351377337 2 5
4 8 0 5 7 
8 4 0 5 7 

434 392989038128438156 2 5
5 7 1 4 8 
7 5 1 4 8 

422 7198735148424648000 2 5
1 8 7 2 5 
1 8 2 7 5 

397 3276918497600244001 2 5
3 8 7 0 2 
8 3 7 0 2 

398 6399919801106672932 1 5
3 1 8 7 2 

405 14283222366660751282 2 5
4 8 0 2 7 
8 4 0 2 7 

403 14079078524308725090 1 5
0 7 1 4 8 

406 17443941716167504307 2 5
2 7 1 4 8 
7 2 1 4 8 

361 11834258294308254134 1 5
3 0 5 6 8 

376 15328798490196585461 4 5
3 5 4 8 6 
3 5 8 4 6 
5 3 4 8 6 
5 3 8 4 6 

355 4738352061395924513 1 5
0 5 1 6 8 

369 4522514245438512098 2 5
0 5 4 8 6 
0 5 8 4 6 

357 9810011049227574719 2 5
6 8 0 2 5 
8 6 0 2 5 

358 4579361316129500289 2 5
2 5 1 6 8 
5 2 1 6 8 

331 6665078960128012746 1 5
0 3 1 6 8 

345 9112915552977361081 1 5
0 3 4 6 8 

327 13469711357303872454 1 5
0 2 1 6 8 

339 4422690344431592979 1 5
0 1 6 4 8 

341 7843711057959556705 2 5
0 2 4 8 6 
0 2 8 4 6 

301 13401699420101370201 2 5
3 8 0 2 5 
8 3 0 2 5 

302 13305149213252506437 1 5
3 1 8 5 2 

307 3744034773130761198 1 5
0 5 1 4 8 

309 1626410765118630386 2 5
4 8 0 2 5 
8 4 0 2 5 

310 392989038128438156 2 5
2 5 1 4 8 
5 2 1 4 8 

283 5749301217744152347 1 5
0 3 1 4 8 

279 14292666393712095315 1 5
0 2 1 4 8 

233 8450983039085595862 2 5
3 6 0 5 7 
6 3 0 5 7 

248 1765132965142321645 2 5
3 4 6 7 5 
3 7 5 4 6 

234 17145423586616707715 1 5
3 1 6 5 7 

236 15328798490196585461 4 5
3 6 2 7 5 
3 6 7 2 5 
6 3 2 7 5 
6 3 7 2 5 

484 15159478830403372626 4 5
6 8 2 7 5 
6 8 7 2 5 
8 6 7 2 5 
8 6 2 7 5 

227 4565198502372749823 1 5
1 6 0 5 7 

241 4093938723230341546 2 5
4 6 0 5 7 
6 4 0 5 7 

242 3977318627545487380 2 5
5 7 1 6 4 
7 5 1 6 4 

244 15159478830403372626 4 5
4 6 2 7 5 
4 6 7 2 5 
6 4 2 7 5 
6 4 7 2 5 

230 844009769393059239 2 5
1 6 2 7 5 
1 6 7 2 5 

460 12945076698413370687 1 5
3 7 2 8 6 

203 14579134696913311287 1 5
3 1 6 0 7 

205 13159365325881166570 2 5
3 6 0 2 7 
6 3 0 2 7 

217 16141298527885728398 1 5
3 0 7 4 6 

218 14324147780988298368 2 5
3 7 1 6 4 
7 3 1 6 4 

468 143871076794329895 4 5
2 7 4 8 6 
2 7 8 4 6 
7 2 4 8 6 
7 2 8 4 6 

211 12958284440179371646 1 5
0 7 1 6 4 

206 2230367293743589585 1 5
3 1 6 2 7 

220 12945076698413370687 1 5
3 2 7 4 6 

213 16540529381311318277 2 5
4 6 0 2 7 
6 4 0 2 7 

214 13318080531566759780 2 5
2 7 1 6 4 
7 2 1 6 4 

186 3052808397193190825 1 5
3 1 4 5 7 

185 5883071829769375466 2 5
3 4 0 5 7 
4 3 0 5 7 

428 4323769937847979480 2 5
3 8 7 2 5 
8 3 7 2 5 

171 8906549188844454337 1 5
1 3 5 0 7 

174 17789258283438766508 1 5
1 3 5 2 7 

188 4323769937847979480 2 5
3 4 2 7 5 
4 3 2 7 5 

436 143871076794329895 4 5
4 8 7 2 5 
4 8 2 7 5 
8 4 7 2 5 
8 4 2 7 5 

179 7875256582549654432 1 5
1 4 0 5 7 

182 16334031723583977530 2 5
1 4 2 7 5 
1 4 7 2 5 

412 2116756502251157976 4 5
3 2 7 8 4 
3 4 8 7 2 
3 7 2 4 8 
3 8 4 2 7 

155 3558924212124966535 1 5
3 1 4 0 7 

143 11396069209547640784 1 5
1 3 2 0 7 

157 5292998847886330032 2 5
3 4 2 0 7 
4 3 2 0 7 

364 1765132965142321645 2 5
3 2 5 8 6 
3 8 6 2 5 

107 9730772085975150237 1 5
3 1 6 5 0 

158 14686111556629978587 1 5
3 1 4 2 7 

121 14197707287426153758 1 5
3 0 5 4 6 

109 637883215759517831 2 5
3 6 0 2 5 
6 3 0 2 5 

122 4686285125174173843 2 5
3 5 1 6 4 
5 3 1 6 4 

124 10873586256782590264 2 5
3 2 5 4 6 
3 4 6 2 5 

110 8890581697067898918 1 5
3 1 6 5 2 

372 15159478830403372626 4 5
2 5 4 8 6 
2 5 8 4 6 
5 2 4 8 6 
5 2 8 4 6 

115 888067679424658746 1 5
0 5 1 6 4 

117 9810011049227574719 2 5
4 6 0 2 5 
6 4 0 2 5 

348 4323769937847979480 2 5
2 3 4 8 6 
3 2 4 8 6 

91 10644768460534624260 1 5
0 3 1 6 4 

118 3977318627545487380 2 5
2 5 1 6 4 
5 2 1 6 4 

79 7545618882323834828 1 5
3 1 6 2 0 

94 4976883979189186308 2 5
2 3 1 4 6 
3 2 1 4 6 

93 8440463617713874766 1 5
3 2 0 4 6 

106 9177911088762288758 2 4
3 5 1 6 
5 3 1 6 

103 10789309270654076705 1 5
1 6 0 2 5 

360 179286298576043391 2 4
3 5 8 6 
5 3 8 6 

120 179286298576043391 2 4
3 5 4 6 
5 3 4 6 

108 179286298576043391 2 4
3 6 2 5 
6 3 2 5 

226 12288594747744249305 2 4
1 6 5 7 
1 6 7 5 

353 12175783314472105299 2 4
0 5 6 8 
0 5 8 6 

480 11459320056471732761 8 4
5 7 6 8 
5 7 8 6 
6 8 7 5 
6 8 5 7 
7 5 6 8 
7 5 8 6 
8 6 7 5 
8 6 5 7 

334 14944798473946623123 2 5
2 3 1 6 8 
3 2 1 6 8 

77 5168238702499218730 2 4
3 6 0 2 
6 3 0 2 

204 3364750820705448782 4 4
3 6 2 7 
3 6 7 2 
6 3 2 7 
6 3 7 2 

92 1324427476534020738 2 4
2 3 4 6 
3 2 4 6 

83 8094902685985865399 1 4
0 1 6 4 

337 747903760426709986 2 4
0 4 8 6 
0 8 4 6 

71 551295156193282120 1 4
1 6 0 2 

198 11432557635371621338 2 4
1 6 2 7 
1 6 7 2 

325 15897170169750827835 2 4
0 2 6 8 
0 2 8 6 

102 12288594747744249305 2 4
1 6 5 2 
1 6 2 5 

99 5904044562298136303 1 4
1 6 0 5 

356 11459320056471732761 8 4
2 5 6 8 
2 5 8 6 
5 2 6 8 
5 2 8 6 
6 8 2 5 
6 8 5 2 
8 6 5 2 
8 6 2 5 

170 3604963490995638787 1 4
1 3 5 7 

297 15960178160627079855 2 4
3 8 0 5 
8 3 0 5 

167 10988905241935425026 1 5
1 0 2 5 7 

424 1324427476534020738 2 4
3 8 7 5 
8 3 7 5 

58 10802396514267938305 2 4
3 5 1 4 
5 3 1 4 

116 11459320056471732761 8 4
2 5 4 6 
2 5 6 4 
4 6 5 2 
4 6 2 5 
5 2 4 6 
5 2 6 4 
6 4 5 2 
6 4 2 5 

314 13594135148014827320 2 5
3 5 1 4 8 
5 3 1 4 8 

57 17218371021987632256 2 4
3 4 0 5 
4 3 0 5 

184 10601132076907988804 2 4
3 4 7 5 
4 3 7 5 

46 7004702972961935419 1 4
1 3 5 2 

43 11105341794010118616 1 4
1 3 5 0 

300 10601132076907988804 2 4
3 8 2 5 
8 3 2 5 

178 6360605120071040097 2 4
1 4 5 7 
1 4 7 5 

305 9969911149936149210 2 4
0 5 4 8 
0 5 8 4 

432 7556829846088060811 4 4
4 8 7 5 
4 8 5 7 
8 4 7 5 
8 4 5 7 

113 12175783314472105299 2 4
0 5 4 6 
0 5 6 4 

240 11459320056471732761 8 4
4 6 5 7 
4 6 7 5 
5 7 6 4 
5 7 4 6 
6 4 5 7 
6 4 7 5 
7 5 6 4 
7 5 4 6 

54 6360605120071040097 2 4
1 4 2 5 
1 4 5 2 

51 15295937419248684614 1 4
1 4 0 5 

308 7556829846088060811 4 4
4 8 5 2 
4 8 2 5 
8 4 5 2 
8 4 2 5 

166 2506011958774662217 2 4
1 2 7 5 
1 7 2 5 

154 13312223719028599295 2 4
3 7 1 4 
7 3 1 4 

281 10001541723746667527 1 4
0 3 4 8 

151 6875121847537179439 1 5
1 4 0 2 7 

408 1677071180347565230 2 4
3 7 8 4 
7 3 8 4 

89 15203253566349730380 1 4
0 3 4 6 

216 10601132076907988804 2 4
3 7 4 6 
7 3 4 6 

30 11761636407375004198 2 4
2 3 1 4 
3 2 1 4 

27 3264276508432201663 1 4
0 3 1 4 

284 1677071180347565230 2 4
2 3 4 8 
3 2 4 8 

15 16052845932193360264 1 4
1 3 2 0 

142 11025324576651510866 1 4
1 3 2 7 

269 1831132083627905668 2 4
3 8 0 2 
8 3 0 2 

313 8607915403041271367 1 5
3 0 5 4 8 

56 6906529405458791006 6 3
3 4 5 
3 5 4 
4 3 5 
4 5 3 
5 4 3 
5 3 4 

395 11321027753649249381 1 5
3 1 8 7 0 

138 10706753935364593016 2 3
1 3 7 
1 7 3 

265 2426851135710702122 2 3
0 3 8 
0 8 3 

35 5970388139763987195 1 3
1 0 5 

419 8396860903543550756 1 5
1 8 0 5 7 

162 7698985776645440831 2 3
1 5 7 
1 7 5 

60 1324427476534020738 2 4
3 4 2 5 
4 3 2 5 

39 11357941044496819955 1 4
1 0 2 5 

296 6906529405458791006 6 3
3 5 8 
3 8 5 
5 3 8 
5 8 3 
8 5 3 
8 3 5 

299 16372875900161217136 1 5
3 1 8 5 0 

42 18054779487213094827 2 3
1 3 5 
1 5 3 

67 16467103373181259838 1 3
0 1 6 

321 5658990689011267631 2 3
0 6 8 
0 8 6 

25 11756190339471029063 2 3
0 3 4 
0 4 3 

409 12640264365662655742 1 5
3 8 4 7 0 

152 754205998099296360 6 3
3 4 7 
3 7 4 
4 3 7 
4 7 3 
7 4 3 
7 3 4 

78 12907502260509506582 2 4
2 3 1 6 
3 2 1 6 

19 14158107268100306733 1 3
0 1 4 

273 18382350540000371621 2 3
0 4 8 
0 8 4 

285 11788856738922636602 1 5
3 2 0 4 8 

28 2728381371886174304 6 3
2 3 4 
2 4 3 
3 2 4 
3 4 2 
4 3 2 
4 2 3 

7 2466997049376975834 1 3
1 0 2 

391 6334009672313471711 1 5
1 8 0 2 7 

134 12585292063867719537 2 3
1 2 7 
1 7 2 

150 8950438065344213768 2 4
1 4 2 7 
1 4 7 2 

23 9991816222910707361 1 4
1 4 0 2 

277 12647189590821500486 2 4
0 2 4 8 
0 2 8 4 

11 1755959158999584884 1 3
1 0 3 

268 754205998099296360 6 3
2 3 8 
2 8 3 
3 2 8 
3 8 2 
8 3 2 
8 2 3 

271 10579990312988641954 1 5
3 1 8 2 0 

14 2512533711646785065 2 3
1 2 3 
1 3 2 

81 5658990689011267631 2 3
0 4 6 
0 6 4 

3 6723132714088521414 1 2
1 0 

332 10601132076907988804 2 4
2 3 8 6 
3 2 8 6 

75 7892390697988590498 1 4
0 3 1 6 

202 7627879991285580330 2 4
3 7 1 6 
7 3 1 6 

329 8423410589253356931 1 4
0 3 6 8 

199 13236650443965896158 1 5
1 6 0 2 7 

456 1324427476534020738 2 4
3 7 8 6 
7 3 8 6 

392 2728381371886174304 6 3
3 7 8 
3 8 7 
7 3 8 
7 8 3 
8 7 3 
8 3 7 

135 216016107044868605 1 4
1 0 2 7 

333 3480110126547827845 1 5
3 0 2 6 8 

76 6906529405458791006 6 3
2 3 6 
2 6 3 
3 2 6 
3 6 2 
6 3 2 
6 2 3 

73 10356125244762342365 2 3
0 3 6 
0 6 3 

457 16098094035926841762 1 5
3 8 6 7 0 

200 6906529405458791006 6 3
3 6 7 
3 7 6 
6 3 7 
6 7 3 
7 6 3 
7 3 6 

131 5554920471069907183 1 3
1 0 7 

295 11712702897405455918 1 5
1 8 0 2 5 

38 7698985776645440831 2 3
1 2 5 
1 5 2 

259 2745805360666212250 1 3
0 1 8 

85 15897170169750827835 2 4
0 2 4 6 
0 2 6 4 

212 7556829846088060811 4 4
2 7 6 4 
2 7 4 6 
7 2 6 4 
7 2 4 6 

404 13150025586414177241 8 4
2 7 4 8 
2 7 8 4 
4 8 7 2 
4 8 2 7 
7 2 4 8 
7 2 8 4 
8 4 7 2 
8 4 2 7 

147 11988253957082291373 1 4
1 4 0 7 

401 3816496221083588563 2 4
0 7 4 8 
0 7 8 4 

286 14463169972624562395 2 5
2 3 1 4 8 
3 2 1 4 8 

29 7443492619301860047 2 4
3 4 2 0 
4 3 2 0 

156 1677071180347565230 2 4
3 4 2 7 
4 3 2 7 

362 10105206450359827693 2 5
3 5 1 6 8 
5 3 1 6 8 

105 7867260528698422515 2 4
3 6 0 5 
6 3 0 5 

232 179286298576043391 2 4
3 6 7 5 
6 3 7 5 

396 1677071180347565230 2 4
3 8 7 2 
8 3 7 2 

139 9926806637787224571 1 4
1 3 0 7 

393 13862112225199873687 2 4
3 8 7 0 
8 3 7 0 

163 16237581305670888635 1 4
1 0 5 7 

410 17583430961032749130 2 5
3 7 1 8 4 
7 3 1 8 4 

153 17965057536543089030 2 4
3 4 0 7 
4 3 0 7 

209 8819031627206188535 2 4
0 7 6 4 
0 7 4 6 

452 7556829846088060811 4 4
2 7 6 8 
2 7 8 6 
7 2 6 8 
7 2 8 6 

195 9088206615542801495 1 4
1 6 0 7 

449 8819031627206188535 2 4
0 7 6 8 
0 7 8 6 

458 18393396471712058470 2 5
3 7 1 8 6 
7 3 1 8 6 

201 852562793046579975 2 4
3 6 0 7 
6 3 0 7 

275 6467885029786722007 1 4
0 1 4 8 

263 9176405013234567470 1 4
1 8 0 2 

390 7150496180077738619 2 4
1 8 7 2 
1 8 2 7 

270 6454475818174722824 2 4
2 3 1 8 
3 2 1 8 

267 16058086662481247798 1 4
0 3 1 8 

394 15804328657059468321 2 4
3 7 1 8 
7 3 1 8 

294 15896268698264125057 2 4
1 8 5 2 
1 8 2 5 

291 16249787798363956880 1 4
1 8 0 5 

418 15896268698264125057 2 4
1 8 7 5 
1 8 5 7 

298 11990769028644529110 2 4
3 5 1 8 
5 3 1 8 

323 15426804408179560579 1 4
0 1 6 8 

387 2246479645909200098 1 4
1 8 0 7 

62 14335385638262604182 1 5
3 1 4 2 5 

312 3364750820705448782 4 4
3 5 4 8 
3 5 8 4 
5 3 4 8 
5 3 8 4 

55 17344631401287923528 1 5
1 4 0 2 5 

31 2687928321027106571 1 5
3 1 4 2 0 

61 8659855944071679055 2 5
3 4 2 0 5 
4 3 2 0 5 

47 461419188433984581 1 5
1 3 5 2 0 

87 16122061621425009830 1 5
0 2 1 6 4 

316 12945076698413370687 1 5
3 4 8 2 5 

59 10922227655717109759 1 5
3 1 4 5 0 

