500 11344629302136147444 1 6
2 4 5 8 7 6 

470 8872072596746055998 2 6
2 4 7 6 8 1 
4 2 7 6 8 1 

469 676342252137337984 1 6
2 0 4 7 6 8 

476 10526041765805554061 1 6
2 4 3 6 7 8 

492 14569913011339353888 1 6
2 3 5 8 6 7 

485 16152064737365051841 1 6
2 0 5 8 7 6 

455 13199803136441977267 2 6
0 2 7 6 8 1 
2 0 7 6 8 1 

461 17523440535078963618 1 6
2 0 3 6 7 8 

486 16977417411675383531 1 6
2 5 8 7 6 1 

462 1576105964809646214 1 6
2 3 6 7 8 1 

504 8859342207282823946 1 6
4 5 3 7 6 8 

473 12263225876703711155 2 6
0 4 3 7 6 8 
4 0 3 7 6 8 

497 17466549071306365492 1 6
4 0 5 7 6 8 

498 12056173007617583870 1 6
4 5 7 6 8 1 

467 4276457636922391240 2 6
0 4 7 6 8 1 
4 0 7 6 8 1 

489 11740379513361013714 2 6
0 3 5 7 6 8 
0 5 3 7 6 8 

474 11917370000372678268 1 6
4 3 7 6 8 1 

490 12401893858806423290 2 6
3 5 7 6 8 1 
5 3 7 6 8 1 

483 11917370000372678268 1 6
0 5 7 6 8 1 

437 7815659855654874154 1 6
2 8 7 0 4 5 

444 14302817073373204237 1 6
2 7 8 4 5 3 

459 11917370000372678268 1 6
0 3 7 6 8 1 

438 1848636818719550088 1 6
2 4 5 8 7 1 

407 17790452001140405798 1 6
2 0 4 7 8 1 

413 5206000948827897075 1 6
2 7 8 0 4 3 

414 14549788970109697493 1 6
2 4 3 7 8 1 

429 13504561965572454744 1 6
2 8 7 0 5 3 

423 1594512800798794711 1 6
2 0 5 8 7 1 

430 1793624970813666674 1 6
2 5 3 8 7 1 

399 7849881242710912213 1 6
2 0 3 7 8 1 

441 12053370890932300177 2 6
7 8 4 0 5 3 
8 7 4 0 5 3 

411 5271059211007777134 4 6
0 4 3 7 8 1 
0 4 3 8 7 1 
4 0 3 7 8 1 
4 0 3 8 7 1 

442 14103916357897785125 2 6
4 5 3 7 8 1 
4 5 3 8 7 1 

435 13559722749144423620 2 6
4 0 5 7 8 1 
4 0 5 8 7 1 

427 2403458462352562197 4 6
0 3 5 7 8 1 
0 3 5 8 7 1 
0 5 3 7 8 1 
0 5 3 8 7 1 

373 4525124786134392241 1 6
2 8 6 0 4 5 

380 1426239806780832969 1 6
2 6 8 4 5 3 

374 8969457469715428611 1 6
2 4 5 8 6 1 

349 12388227674502483098 1 6
2 6 8 0 4 3 

365 6796725368670291965 2 6
2 6 8 0 5 3 
2 8 6 0 3 5 

343 10302012428520812153 1 6
2 0 4 6 8 1 

350 9630944929001493877 1 6
2 4 3 6 8 1 

366 17976580324176975599 2 6
2 3 5 8 6 1 
2 5 3 6 8 1 

359 6325925176805270755 1 6
2 0 5 8 6 1 

335 6325925176805270755 1 6
2 0 3 6 8 1 

377 10185279196549763206 2 6
6 8 4 0 5 3 
8 6 4 0 5 3 

347 13874446378786981817 4 6
0 4 3 6 8 1 
0 4 3 8 6 1 
4 0 3 6 8 1 
4 0 3 8 6 1 

371 1231540889468456357 2 6
4 0 5 6 8 1 
4 0 5 8 6 1 

378 9753267481226121183 2 6
4 5 3 6 8 1 
4 5 3 8 6 1 

363 16725217857432906014 4 6
0 3 5 6 8 1 
0 3 5 8 6 1 
0 5 3 6 8 1 
0 5 3 8 6 1 

311 6736395921170321243 1 6
2 8 1 0 4 5 

318 6922067330005154868 1 6
2 8 1 4 5 3 

317 14278009931659580913 1 6
2 8 0 4 5 3 

287 2782241545553398175 1 6
2 8 1 0 4 3 

315 14035895859989430052 2 6
1 8 4 0 5 3 
8 1 4 0 5 3 

252 13134652549746913681 1 6
2 6 7 4 3 5 

303 12614511345883797313 1 6
2 8 1 0 5 3 

245 10344825280859294614 1 6
2 7 6 4 0 5 

246 3171214416063106754 1 6
2 4 5 7 6 1 

221 17289123459954388817 2 6
2 6 7 4 0 3 
2 6 7 0 4 3 

215 17273130209805948761 2 6
2 0 4 6 7 1 
2 0 4 7 6 1 

222 10256690519701497000 1 6
2 4 3 6 7 1 

237 7052911502216383260 1 6
2 6 7 0 3 5 

238 9681729367205757355 1 6
2 3 5 6 7 1 

207 1328737490764713342 1 6
2 0 3 6 7 1 

231 17715479528349161577 1 6
2 0 5 7 6 1 

249 15493167196310138610 2 6
6 7 4 0 5 3 
7 6 4 0 5 3 

219 8977642467831179069 4 6
0 4 3 6 7 1 
0 4 3 7 6 1 
4 0 3 6 7 1 
4 0 3 7 6 1 

243 1331157500291191097 2 6
4 0 5 6 7 1 
4 0 5 7 6 1 

250 16293873584785376714 2 6
4 5 3 6 7 1 
4 5 3 7 6 1 

235 4645160520637740053 4 6
0 3 5 6 7 1 
0 3 5 7 6 1 
0 5 3 6 7 1 
0 5 3 7 6 1 

189 7984320765295701198 1 6
2 7 4 0 3 5 

190 15565647247001456604 1 6
2 7 1 4 3 5 

183 1584246146090856341 1 6
2 7 1 0 4 5 

159 1091943978637020384 1 6
2 7 1 0 4 3 

187 14035895859989430052 2 6
1 7 4 0 5 3 
7 1 4 0 5 3 

175 75527342547715654 1 6
2 7 1 0 3 5 

126 11522113926960381024 1 6
2 6 1 4 3 5 

125 6496457129773245284 1 6
2 6 4 0 3 5 

119 6297142597585517078 1 6
2 6 1 0 4 5 

123 14035895859989430052 2 6
1 6 4 0 5 3 
6 1 4 0 5 3 

95 10438140347628761295 1 6
2 6 1 0 4 3 

111 12614511345883797313 1 6
2 6 1 0 3 5 

63 6465979159004361703 1 6
2 1 0 4 5 3 

468 15254384205920608062 2 5
2 4 7 6 8 
4 2 7 6 8 

453 1967754488202163944 2 5
0 2 7 6 8 
2 0 7 6 8 

460 552777010579638669 1 5
2 3 6 7 8 

484 3563861762695325245 1 5
2 5 8 7 6 

465 15533732314185361779 2 5
0 4 7 6 8 
4 0 7 6 8 

326 2506011958774662217 2 4
2 6 8 1 
2 8 6 1 

69 17662388742419376403 2 3
0 2 6 
2 0 6 

278 10697282481186602161 2 4
2 4 8 1 
4 2 8 1 

21 260049142612031377 2 3
2 0 4 
2 4 0 

294 16759578986255104721 1 4
2 5 8 1 

37 11149028268085365730 1 3
2 0 5 

263 18290794810616440032 2 4
0 2 8 1 
2 0 8 1 

270 10719626107048014941 1 4
2 3 8 1 

13 11149028268085365730 1 3
2 0 3 

240 15175919273973401860 2 4
4 5 6 7 
4 5 7 6 

216 5212208834225348329 2 4
4 3 6 7 
4 3 7 6 

232 12792859129086584636 4 4
6 7 3 5 
6 7 5 3 
7 6 5 3 
7 6 3 5 

225 5212208834225348329 2 4
0 5 6 7 
0 5 7 6 

195 12586463095304085354 2 4
0 6 7 1 
0 7 6 1 

452 15236505058129304159 1 4
2 7 6 8 

201 5212208834225348329 2 4
0 3 6 7 
0 3 7 6 

178 7014131733599754745 2 4
4 5 1 7 
4 5 7 1 

154 15896268698264125057 2 4
4 3 1 7 
4 3 7 1 

170 7556829846088060811 4 4
3 5 1 7 
3 5 7 1 
5 3 1 7 
5 3 7 1 

163 15896268698264125057 2 4
0 5 1 7 
0 5 7 1 

420 13572405524771744665 1 4
2 5 8 7 

393 10083773938285380914 2 4
0 3 7 8 
0 3 8 7 

139 15896268698264125057 2 4
0 3 1 7 
0 3 7 1 

396 6894937126532847700 1 4
2 3 7 8 

116 13907451098203263116 1 4
2 6 4 5 

86 16472800172034163515 2 4
2 4 6 1 
4 2 6 1 

212 5078608711686083380 4 4
2 4 6 7 
2 4 7 6 
4 2 6 7 
4 2 7 6 

85 8599884524454295065 2 4
2 6 4 0 
2 6 0 4 

342 18388705056619334459 2 5
2 4 6 8 1 
4 2 6 8 1 

92 5069303078012082896 1 4
2 6 4 3 

108 7524780861938553064 1 4
2 6 3 5 

228 14398197362158434576 1 4
2 5 7 6 

101 17683488410225082142 1 4
2 6 0 5 

358 3913004152223566037 1 5
2 5 8 6 1 

356 7524780861938553064 1 4
2 5 8 6 

99 15896268698264125057 2 4
0 5 1 6 
0 5 6 1 

102 10719626107048014941 1 4
2 5 6 1 

325 1104124947915741600 4 4
0 2 6 8 
0 2 8 6 
2 0 6 8 
2 0 8 6 

198 12586463095304085354 2 4
2 6 7 1 
2 7 6 1 

71 18290794810616440032 2 4
0 2 6 1 
2 0 6 1 

204 4081560800156872932 1 4
2 3 6 7 

77 5069303078012082896 1 4
2 6 0 3 

334 3913004152223566037 1 5
2 3 6 8 1 

284 15011176772052123055 1 4
2 8 4 3 

30 12844178937462204567 1 4
2 1 4 3 

387 993176294303415770 2 4
0 7 8 1 
0 8 7 1 

133 17662388742419376403 2 3
0 2 7 
2 0 7 

390 993176294303415770 2 4
2 7 8 1 
2 8 7 1 

269 17683488410225082142 1 4
2 8 0 3 

142 11494663566962136321 1 4
2 3 7 1 

15 12159194040976764615 1 4
2 1 0 3 

193 3870621583062396010 2 3
0 6 7 
0 7 6 

329 7150496180077738619 2 4
0 3 6 8 
0 3 8 6 

75 15896268698264125057 2 4
0 3 1 6 
0 3 6 1 

332 7524780861938553064 1 4
2 3 6 8 

300 7524780861938553064 1 4
2 8 5 3 

46 698476773254776664 2 4
2 1 3 5 
2 1 5 3 

400 17258787824257198352 2 3
4 7 8 
4 8 7 

143 9497745331587596347 1 5
2 0 3 7 1 

146 7698985776645440831 2 3
4 1 7 
4 7 1 

403 13121438528763068425 4 5
0 4 7 8 1 
0 4 8 7 1 
4 0 7 8 1 
4 0 8 7 1 

282 15896268698264125057 2 4
4 3 1 8 
4 3 8 1 

28 11149028268085365730 1 3
2 4 3 

285 13106978682657692971 1 5
2 8 0 4 3 

338 2506011958774662217 2 4
4 6 8 1 
4 8 6 1 

84 17662388742419376403 2 3
2 4 6 
4 2 6 

341 392923163375701481 1 5
2 0 4 6 8 

76 12254329342543767602 2 3
2 3 6 
2 6 3 

333 9082524652317862428 1 5
2 0 3 6 8 

277 12717564932251747763 1 4
2 8 0 4 

20 17087753756477223945 2 2
2 4 
4 2 

150 16472800172034163515 2 4
2 4 7 1 
4 2 7 1 

23 10235435253070270992 1 4
2 1 0 4 

208 3870621583062396010 2 3
4 6 7 
4 7 6 

344 7150496180077738619 2 4
4 3 6 8 
4 3 8 6 

87 14337498819376095533 1 5
2 0 4 6 1 

90 15896268698264125057 2 4
4 3 1 6 
4 3 6 1 

259 7698985776645440831 2 3
0 1 8 
0 8 1 

5 17087753756477223945 2 2
0 2 
2 0 

262 7698985776645440831 2 3
2 1 8 
2 8 1 

385 17258787824257198352 2 3
0 7 8 
0 8 7 

131 7698985776645440831 2 3
0 1 7 
0 7 1 

388 17258787824257198352 2 3
2 7 8 
2 8 7 

267 15896268698264125057 2 4
0 3 1 8 
0 3 8 1 

140 2194224039831407595 2 3
2 3 7 
2 7 3 

397 10861930434268215622 1 5
2 0 3 7 8 

298 7556829846088060811 4 4
3 5 1 8 
3 5 8 1 
5 3 1 8 
5 3 8 1 

44 12585292063867719537 2 3
2 3 5 
2 5 3 

301 8859292041692657487 1 5
2 8 0 5 3 

100 12129649998618649867 2 3
2 5 6 
2 6 5 

357 9082524652317862428 1 5
2 0 5 8 6 

209 13635288828382980219 4 4
0 4 6 7 
0 4 7 6 
4 0 6 7 
4 0 7 6 

466 17760995621604911877 1 5
4 7 6 8 1 

82 7698985776645440831 2 3
4 1 6 
4 6 1 

339 12469000343882754077 4 5
0 4 6 8 1 
0 4 8 6 1 
4 0 6 8 1 
4 0 8 6 1 

336 12585292063867719537 2 3
4 6 8 
4 8 6 

79 5387080472295006890 1 5
2 0 3 6 1 

306 7014131733599754745 2 4
4 5 1 8 
4 5 8 1 

52 1100806113672523033 1 3
2 4 5 

309 4289098040918882805 1 5
2 8 0 4 5 

291 15896268698264125057 2 4
0 5 1 8 
0 5 8 1 

164 9951756003203208658 2 3
2 5 7 
2 7 5 

421 9017543190930400654 1 5
2 0 5 8 7 

147 3656896771884449820 4 4
0 4 1 7 
0 4 7 1 
4 0 1 7 
4 0 7 1 

404 2406527012680097749 2 4
2 4 7 8 
4 2 7 8 

274 7698985776645440831 2 3
4 1 8 
4 8 1 

323 2506011958774662217 2 4
0 6 8 1 
0 8 6 1 

196 3870621583062396010 2 3
2 6 7 
2 7 6 

78 16759578986255104721 1 4
2 3 6 1 

275 3656896771884449820 4 4
0 4 1 8 
0 4 8 1 
4 0 1 8 
4 0 8 1 

148 17662388742419376403 2 3
2 4 7 
4 2 7 

405 3100810958162749806 1 5
2 0 4 7 8 

135 18290794810616440032 2 4
0 2 7 1 
2 0 7 1 

67 7698985776645440831 2 3
0 1 6 
0 6 1 

324 12585292063867719537 2 3
2 6 8 
2 8 6 

321 12585292063867719537 2 3
0 6 8 
0 8 6 

141 3997143717686068364 1 4
2 7 0 3 

398 725972278020367895 1 5
2 3 7 8 1 

14 10706753935364593016 2 3
2 1 3 
2 3 1 

271 7951132837703349590 1 5
2 0 3 8 1 

268 12129649998618649867 2 3
2 3 8 
2 8 3 

165 15620935217054888844 1 4
2 7 0 5 

422 8295913054049985516 1 5
2 5 8 7 1 

38 10706753935364593016 2 3
2 1 5 
2 5 1 

295 5387080472295006890 1 5
2 0 5 8 1 

292 12254329342543767602 2 3
2 5 8 
2 8 5 

149 8599884524454295065 2 4
2 7 4 0 
2 7 0 4 

406 10569450830428692319 2 5
2 4 7 8 1 
4 2 7 8 1 

22 16574095905003600574 2 3
2 4 1 
4 2 1 

279 14387495325034475840 1 5
2 0 4 8 1 

276 10391787902979575712 2 3
2 4 8 
4 2 8 

353 7150496180077738619 2 4
0 5 6 8 
0 5 8 6 

197 5078608711686083380 4 4
0 2 6 7 
0 2 7 6 
2 0 6 7 
2 0 7 6 

454 17760995621604911877 1 5
2 7 6 8 1 

70 7698985776645440831 2 3
2 1 6 
2 6 1 

327 18000438504361048157 4 5
0 2 6 8 1 
0 2 8 6 1 
2 0 6 8 1 
2 0 8 6 1 

156 3997143717686068364 1 4
2 7 4 3 

29 11990823882079085441 2 4
2 0 4 3 
2 4 0 3 

286 9542154800565590736 1 5
2 4 3 8 1 

134 7698985776645440831 2 3
2 1 7 
2 7 1 

391 896809178459688224 4 5
0 2 7 8 1 
0 2 8 7 1 
2 0 7 8 1 
2 0 8 7 1 

261 17662388742419376403 2 3
0 2 8 
2 0 8 

7 3519693191574693728 2 3
0 2 1 
2 0 1 

293 5069303078012082896 1 4
2 8 0 5 

166 9074099179021290713 1 4
2 5 7 1 

39 12159194040976764615 1 4
2 1 0 5 

172 9051484668800367871 1 4
2 7 3 5 

45 15669754230730330559 2 4
2 0 3 5 
2 0 5 3 

302 14063139754193087066 1 5
2 5 3 8 1 

308 11009543509808397771 1 4
2 8 4 5 

54 5036159874697649378 1 4
2 1 4 5 

180 6660210577474354258 1 4
2 7 4 5 

53 4482402122045907183 1 4
2 4 0 5 

310 13459332017285594198 1 5
2 4 5 8 1 

60 8389516611493844045 1 4
2 4 5 3 

360 13150025586414177241 8 4
3 5 6 8 
3 5 8 6 
5 3 6 8 
5 3 8 6 
6 8 3 5 
6 8 5 3 
8 6 5 3 
8 6 3 5 

103 7951132837703349590 1 5
2 0 5 6 1 

106 7556829846088060811 4 4
3 5 1 6 
3 5 6 1 
5 3 1 6 
5 3 6 1 

368 3982813991072387447 2 4
4 5 6 8 
4 5 8 6 

114 7014131733599754745 2 4
4 5 1 6 
4 5 6 1 

337 2619098640235373304 4 4
0 4 6 8 
0 4 8 6 
4 0 6 8 
4 0 8 6 

210 12586463095304085354 2 4
4 6 7 1 
4 7 6 1 

83 3656896771884449820 4 4
0 4 1 6 
0 4 6 1 
4 0 1 6 
4 0 6 1 

340 8410839881995336691 2 4
2 4 6 8 
4 2 6 8 

402 993176294303415770 2 4
4 7 8 1 
4 8 7 1 

424 1699057898927065156 4 4
7 8 3 5 
7 8 5 3 
8 7 5 3 
8 7 3 5 

167 13891633032258852761 1 5
2 0 5 7 1 

417 10083773938285380914 2 4
0 5 7 8 
0 5 8 7 

408 10083773938285380914 2 4
4 3 7 8 
4 3 8 7 

151 14337498819376095533 1 5
2 0 4 7 1 

432 2045910373128645647 2 4
4 5 7 8 
4 5 8 7 

401 8536823940483812923 4 4
0 4 7 8 
0 4 8 7 
4 0 7 8 
4 0 8 7 

389 10219975484251101605 4 4
0 2 7 8 
0 2 8 7 
2 0 7 8 
2 0 8 7 

449 15236505058129304159 1 4
0 7 6 8 

464 15236505058129304159 1 4
4 7 6 8 

47 10696886028888895771 2 5
2 1 0 3 5 
2 1 0 5 3 

31 16257974118987338973 1 5
2 1 0 4 3 

55 14966868681543914142 1 5
2 1 0 4 5 

61 10588727508656393821 1 5
2 4 0 5 3 

62 10080545440292170948 1 5
2 1 4 5 3 

107 7466315431355875892 4 5
1 6 0 5 3 
1 6 0 3 5 
6 1 0 5 3 
6 1 0 3 5 

364 9249518067683384055 4 5
2 3 5 8 6 
2 5 3 6 8 
2 6 8 5 3 
2 8 6 3 5 

122 7845252661427977046 2 5
1 6 4 5 3 
6 1 4 5 3 

115 6768334394626949095 2 5
1 6 4 0 5 
6 1 4 0 5 

372 9844543085792699956 1 5
2 4 5 8 6 

91 4733246550950005364 4 5
1 6 4 0 3 
1 6 0 4 3 
6 1 4 0 3 
6 1 0 4 3 

348 12910342561626855714 1 5
2 4 3 6 8 

110 14063139754193087066 1 5
2 3 5 6 1 

109 8859292041692657487 1 5
2 6 0 3 5 

94 10787462235747489295 1 5
2 4 3 6 1 

93 10892879507596752940 2 5
2 6 4 0 3 
2 6 0 4 3 

118 15995648837253322068 1 5
2 4 5 6 1 

124 12311426953765015380 1 5
2 6 4 3 5 

117 12724988673142751160 1 5
2 6 4 0 5 

171 7466315431355875892 4 5
1 7 0 5 3 
1 7 0 3 5 
7 1 0 5 3 
7 1 0 3 5 

428 9473850965606830079 1 5
2 8 7 5 3 

155 4733246550950005364 4 5
1 7 4 0 3 
1 7 0 4 3 
7 1 4 0 3 
7 1 0 4 3 

412 4189681711019439175 1 5
2 4 3 7 8 

179 6768334394626949095 2 5
1 7 4 0 5 
7 1 4 0 5 

436 4346550243713764354 1 5
2 4 5 8 7 

186 7845252661427977046 2 5
1 7 4 5 3 
7 1 4 5 3 

174 5559371251625625227 1 5
2 7 1 3 5 

173 750462528873980201 1 5
2 7 0 3 5 

158 11132414092531898332 1 5
2 4 3 7 1 

157 12802880552448235257 2 5
2 7 4 0 3 
2 7 0 4 3 

182 15565011356007573143 1 5
2 4 5 7 1 

188 447976470436970465 1 5
2 7 4 3 5 

181 12798596145749141159 1 5
2 7 4 0 5 

227 17596330139591911240 2 5
0 5 6 7 1 
0 5 7 6 1 

203 17596330139591911240 2 5
0 3 6 7 1 
0 3 7 6 1 

233 11813039228222270294 4 5
6 7 0 5 3 
6 7 0 3 5 
7 6 0 3 5 
7 6 0 5 3 

234 9755977756073641776 4 5
3 5 6 7 1 
3 5 7 6 1 
5 3 6 7 1 
5 3 7 6 1 

218 17596330139591911240 2 5
4 3 6 7 1 
4 3 7 6 1 

242 1856374817055370380 2 5
4 5 6 7 1 
4 5 7 6 1 

217 17033651272245107714 4 5
6 7 4 0 3 
6 7 0 4 3 
7 6 4 0 3 
7 6 0 4 3 

211 8978226444029027908 4 5
0 4 6 7 1 
0 4 7 6 1 
4 0 6 7 1 
4 0 7 6 1 

241 18138206269506265952 2 5
6 7 4 0 5 
7 6 4 0 5 

248 5432527563044319413 2 5
6 7 4 5 3 
7 6 4 5 3 

206 18107480566791030014 1 5
2 3 6 7 1 

205 61523335010033188 1 5
2 0 3 6 7 

230 2675129202913573369 1 5
2 5 7 6 1 

229 13556262691182816218 1 5
2 0 5 7 6 

199 8813719204665730551 4 5
0 2 6 7 1 
0 2 7 6 1 
2 0 6 7 1 
2 0 7 6 1 

236 9872754151449188112 1 5
2 6 7 3 5 

220 61523335010033188 1 5
2 4 3 6 7 

244 9022050173232112407 1 5
2 4 5 7 6 

214 11207449915974968302 4 5
2 4 6 7 1 
2 4 7 6 1 
4 2 6 7 1 
4 2 7 6 1 

213 16202537766392867727 4 5
2 0 4 6 7 
2 0 4 7 6 
2 4 0 6 7 
2 4 0 7 6 

299 7466315431355875892 4 5
1 8 0 5 3 
1 8 0 3 5 
8 1 0 5 3 
8 1 0 3 5 

283 4733246550950005364 4 5
1 8 4 0 3 
1 8 0 4 3 
8 1 4 0 3 
8 1 0 4 3 

307 6768334394626949095 2 5
1 8 4 0 5 
8 1 4 0 5 

314 7845252661427977046 2 5
1 8 4 5 3 
8 1 4 5 3 

316 15638232895945879160 1 5
2 8 4 5 3 

331 7198735148424648000 2 5
0 3 6 8 1 
0 3 8 6 1 

355 7198735148424648000 2 5
0 5 6 8 1 
0 5 8 6 1 

346 7198735148424648000 2 5
4 3 6 8 1 
4 3 8 6 1 

361 5985004378282824371 4 5
6 8 0 5 3 
6 8 0 3 5 
8 6 0 3 5 
8 6 0 5 3 

362 143871076794329895 4 5
3 5 6 8 1 
3 5 8 6 1 
5 3 6 8 1 
5 3 8 6 1 

345 319330563881633936 4 5
6 8 4 0 3 
6 8 0 4 3 
8 6 4 0 3 
8 6 0 4 3 

370 757016727125658107 2 5
4 5 6 8 1 
4 5 8 6 1 

369 10750593861048357360 2 5
6 8 4 0 5 
8 6 4 0 5 

376 4622508568593048949 2 5
6 8 4 5 3 
8 6 4 5 3 

419 13872349838710248518 2 5
0 5 7 8 1 
0 5 8 7 1 

395 13872349838710248518 2 5
0 3 7 8 1 
0 3 8 7 1 

426 1683740526141341530 4 5
3 5 7 8 1 
3 5 8 7 1 
5 3 7 8 1 
5 3 8 7 1 

410 13872349838710248518 2 5
4 3 7 8 1 
4 3 8 7 1 

425 12942628820675751081 4 5
7 8 0 5 3 
7 8 0 3 5 
8 7 0 3 5 
8 7 0 5 3 

409 9960143161679694520 4 5
7 8 4 0 3 
7 8 0 4 3 
8 7 4 0 3 
8 7 0 4 3 

434 17241346800833252017 2 5
4 5 7 8 1 
4 5 8 7 1 

433 10760624198211691503 2 5
7 8 4 0 5 
8 7 4 0 5 

440 5129083301191390416 2 5
7 8 4 5 3 
8 7 4 5 3 

451 17760995621604911877 1 5
0 7 6 8 1 

457 6089213516061521075 1 5
0 3 7 6 8 

481 6089213516061521075 1 5
0 5 7 6 8 

488 15154712977385391451 2 5
3 5 7 6 8 
5 3 7 6 8 

472 6089213516061521075 1 5
4 3 7 6 8 

496 8937382082799514266 1 5
4 5 7 6 8 

