488 10873586256782590264 2 5
3 7 5 8 6 
3 8 6 7 5 

481 9038986273055576126 2 5
6 8 0 7 5 
8 6 0 7 5 

482 324459266806303766 2 5
5 7 1 6 8 
7 5 1 6 8 

496 15159478830403372626 4 5
5 7 4 8 6 
5 7 8 4 6 
7 5 4 8 6 
7 5 8 4 6 

472 4323769937847979480 2 5
3 7 8 4 6 
7 3 8 4 6 

465 15389028511325810933 2 5
0 7 4 8 6 
0 7 8 4 6 

451 12836514671514529730 1 5
0 7 1 6 8 

453 4214102225735662402 2 5
6 8 0 7 2 
8 6 0 7 2 

454 8850520360857520085 2 5
2 7 1 6 8 
7 2 1 6 8 

425 13173765621871480013 2 5
3 8 7 0 5 
8 3 7 0 5 

440 12945076698413370687 1 5
3 8 4 7 5 

426 6855624116802503919 1 5
3 1 8 7 5 

433 10535137431242860190 2 5
4 8 0 7 5 
8 4 0 7 5 

434 7845252661427977046 2 5
5 7 1 4 8 
7 5 1 4 8 

422 7198735148424648000 2 5
1 8 7 2 5 
1 8 2 7 5 

397 16298376290905987453 2 5
3 8 7 0 2 
8 3 7 0 2 

398 10711925097737042252 1 5
3 1 8 7 2 

403 7650617276960008877 1 5
0 7 1 4 8 

405 1656841031787687488 2 5
4 8 0 7 2 
8 4 0 7 2 

361 4434586392666492865 1 5
3 0 5 8 6 

406 4622508568593048949 2 5
2 7 1 4 8 
7 2 1 4 8 

376 15328798490196585461 4 5
3 5 4 8 6 
3 5 8 4 6 
5 3 4 8 6 
5 3 8 4 6 

369 13525038003485871833 2 5
0 5 4 8 6 
0 5 8 4 6 

355 15608256262821593606 1 5
0 5 1 6 8 

357 6404086500106145287 2 5
6 8 0 5 2 
8 6 0 5 2 

358 324459266806303766 2 5
2 5 1 6 8 
5 2 1 6 8 

331 16010303199194557365 1 5
0 3 1 8 6 

345 13058900893177078148 1 5
0 3 8 6 4 

327 17562375878038250794 1 5
0 2 1 6 8 

339 15365485093402766100 1 5
0 1 4 6 8 

341 11984663894417876452 2 5
0 2 4 8 6 
0 2 8 4 6 

301 8596104470911174026 2 5
3 8 0 5 2 
8 3 0 5 2 

302 3139387622986693569 1 5
3 1 8 2 5 

307 3946592590956372640 1 5
0 5 1 4 8 

309 16987151270061604103 2 5
4 8 0 5 2 
8 4 0 5 2 

310 7845252661427977046 2 5
2 5 1 4 8 
5 2 1 4 8 

283 8799859060413900534 1 5
0 3 1 8 4 

233 12371443139219223316 2 5
3 6 0 7 5 
6 3 0 7 5 

279 2768229335024095684 1 5
0 2 1 4 8 

236 15328798490196585461 4 5
3 6 2 7 5 
3 6 7 2 5 
6 3 2 7 5 
6 3 7 2 5 

234 14270556445176610709 1 5
3 1 6 5 7 

248 1765132965142321645 2 5
3 4 6 7 5 
3 7 5 4 6 

241 9038986273055576126 2 5
4 6 0 7 5 
6 4 0 7 5 

242 10388030633625538715 2 5
5 7 1 4 6 
7 5 1 4 6 

484 15159478830403372626 4 5
6 8 2 7 5 
6 8 7 2 5 
8 6 7 2 5 
8 6 2 7 5 

227 10222382430302992570 1 5
1 6 0 7 5 

230 17274848527672860022 2 5
1 6 2 7 5 
1 6 7 2 5 

244 15159478830403372626 4 5
4 6 2 7 5 
4 6 7 2 5 
6 4 2 7 5 
6 4 7 2 5 

460 12945076698413370687 1 5
3 7 2 8 6 

203 14045496193404439981 1 5
3 1 6 0 7 

217 11014002244935805390 1 5
3 0 7 6 4 

205 6046234852967359899 2 5
3 6 0 7 2 
6 3 0 7 2 

218 10430273983900308607 2 5
3 7 1 4 6 
7 3 1 4 6 

220 12945076698413370687 1 5
3 2 7 4 6 

206 9009127556261700401 1 5
3 1 6 2 7 

468 143871076794329895 4 5
2 7 4 8 6 
2 7 8 4 6 
7 2 4 8 6 
7 2 8 4 6 

211 6680613095675513369 1 5
0 7 1 4 6 

213 4214102225735662402 2 5
4 6 0 7 2 
6 4 0 7 2 

214 3772855870296834902 2 5
2 7 1 4 6 
7 2 1 4 6 

185 14213037431724717146 2 5
3 4 0 7 5 
4 3 0 7 5 

428 4323769937847979480 2 5
3 8 7 2 5 
8 3 7 2 5 

171 8180465348850446986 1 5
1 3 0 7 5 

188 4323769937847979480 2 5
3 4 2 7 5 
4 3 2 7 5 

174 8454230288327463145 1 5
1 3 2 5 7 

186 12571297144265543135 1 5
3 1 4 5 7 

182 757016727125658107 2 5
1 4 2 7 5 
1 4 7 2 5 

436 143871076794329895 4 5
4 8 7 2 5 
4 8 2 7 5 
8 4 7 2 5 
8 4 2 7 5 

179 17356443277987689686 1 5
1 4 0 7 5 

412 2116756502251157976 4 5
3 2 7 8 4 
3 4 8 7 2 
3 7 2 4 8 
3 8 4 2 7 

155 524050268530107526 1 5
3 1 4 0 7 

143 11576328444199726047 1 5
1 3 0 7 2 

157 8597513328132947746 2 5
3 4 2 0 7 
4 3 2 0 7 

364 1765132965142321645 2 5
3 2 5 8 6 
3 8 6 2 5 

107 16882252764914069953 1 5
3 1 6 0 5 

158 4596102902320277502 1 5
3 1 4 2 7 

121 16565950805674048058 1 5
3 0 5 6 4 

122 17705432793602287550 2 5
3 5 1 4 6 
5 3 1 4 6 

109 16160066071760377975 2 5
3 6 0 5 2 
6 3 0 5 2 

117 6404086500106145287 2 5
4 6 0 5 2 
6 4 0 5 2 

110 13872373366392859995 1 5
3 1 6 2 5 

124 10873586256782590264 2 5
3 2 5 4 6 
3 4 6 2 5 

372 15159478830403372626 4 5
2 5 4 8 6 
2 5 8 4 6 
5 2 4 8 6 
5 2 8 4 6 

115 7207658697129457744 1 5
0 5 1 4 6 

118 10388030633625538715 2 5
2 5 1 4 6 
5 2 1 4 6 

79 9027868847286105266 1 5
3 1 6 0 2 

348 4323769937847979480 2 5
2 3 4 8 6 
3 2 4 8 6 

91 15555952396088821837 1 5
0 3 1 6 4 

94 10346867235838053602 2 5
2 3 1 4 6 
3 2 1 4 6 

93 3566159024818348833 1 5
3 2 0 4 6 

106 16162989447097894948 2 4
3 5 1 6 
5 3 1 6 

103 5636938599896116321 1 5
1 6 0 5 2 

360 179286298576043391 2 4
3 5 8 6 
5 3 8 6 

120 179286298576043391 2 4
3 5 4 6 
5 3 4 6 

226 6206462416675298678 2 4
1 6 5 7 
1 6 7 5 

353 11995338706847005565 2 4
0 5 6 8 
0 5 8 6 

480 11459320056471732761 8 4
5 7 6 8 
5 7 8 6 
6 8 7 5 
6 8 5 7 
7 5 6 8 
7 5 8 6 
8 6 7 5 
8 6 5 7 

108 179286298576043391 2 4
3 6 2 5 
6 3 2 5 

334 5094039145317176947 2 5
2 3 1 6 8 
3 2 1 6 8 

77 14608050912204467734 2 4
3 6 0 2 
6 3 0 2 

204 3364750820705448782 4 4
3 6 2 7 
3 6 7 2 
6 3 2 7 
6 3 7 2 

92 1324427476534020738 2 4
2 3 4 6 
3 2 4 6 

83 4033875919244379663 1 4
0 1 4 6 

337 2308864725080327758 2 4
0 4 8 6 
0 8 4 6 

71 17156836734653409562 1 4
1 6 0 2 

198 10667362792025660262 2 4
1 6 2 7 
1 6 7 2 

325 300224963100752594 2 4
0 2 6 8 
0 2 8 6 

58 852638576401355306 2 4
3 5 1 4 
5 3 1 4 

116 11459320056471732761 8 4
2 5 4 6 
2 5 6 4 
4 6 5 2 
4 6 2 5 
5 2 4 6 
5 2 6 4 
6 4 5 2 
6 4 2 5 

314 4705014155367496481 2 5
3 5 1 4 8 
5 3 1 4 8 

57 11698585461432946603 2 4
3 4 0 5 
4 3 0 5 

184 10601132076907988804 2 4
3 4 7 5 
4 3 7 5 

102 6206462416675298678 2 4
1 6 5 2 
1 6 2 5 

99 15933424842122368445 1 4
1 6 0 5 

356 11459320056471732761 8 4
2 5 6 8 
2 5 8 6 
5 2 6 8 
5 2 8 6 
6 8 2 5 
6 8 5 2 
8 6 5 2 
8 6 2 5 

170 10732681782495955028 1 4
1 3 5 7 

297 17995334804410502622 2 4
3 8 0 5 
8 3 0 5 

167 5418666342533317928 1 5
1 0 7 5 2 

424 1324427476534020738 2 4
3 8 7 5 
8 3 7 5 

178 7014131733599754745 2 4
1 4 5 7 
1 4 7 5 

305 18307403499622035086 2 4
0 5 4 8 
0 5 8 4 

432 7556829846088060811 4 4
4 8 7 5 
4 8 5 7 
8 4 7 5 
8 4 5 7 

362 12205076738934707162 2 5
3 5 1 6 8 
5 3 1 6 8 

105 10464896746220766717 2 4
3 6 0 5 
6 3 0 5 

232 179286298576043391 2 4
3 6 7 5 
6 3 7 5 

46 7044477751449671096 1 4
1 3 2 5 

43 7560191029104311254 1 4
1 3 0 5 

300 10601132076907988804 2 4
3 8 2 5 
8 3 2 5 

166 2506011958774662217 2 4
1 2 7 5 
1 7 2 5 

113 11995338706847005565 2 4
0 5 4 6 
0 5 6 4 

240 11459320056471732761 8 4
4 6 5 7 
4 6 7 5 
5 7 6 4 
5 7 4 6 
6 4 5 7 
6 4 7 5 
7 5 6 4 
7 5 4 6 

54 7014131733599754745 2 4
1 4 2 5 
1 4 5 2 

51 16500111610825862250 1 4
1 4 0 5 

308 7556829846088060811 4 4
4 8 5 2 
4 8 2 5 
8 4 5 2 
8 4 2 5 

154 3758550860374928371 2 4
3 7 1 4 
7 3 1 4 

281 5764958082652854144 1 4
0 3 8 4 

151 16947019627174975383 1 5
1 4 0 7 2 

408 1677071180347565230 2 4
3 7 8 4 
7 3 8 4 

89 4292843695690255617 1 4
0 3 6 4 

216 10601132076907988804 2 4
3 7 4 6 
7 3 4 6 

30 9515771854054113449 2 4
2 3 1 4 
3 2 1 4 

27 17326961257612119403 1 4
0 3 1 4 

284 1677071180347565230 2 4
2 3 4 8 
3 2 4 8 

15 11107904904848166662 1 4
1 3 0 2 

142 18125736765879375276 1 4
1 3 2 7 

269 5835117435536970271 2 4
3 8 0 2 
8 3 0 2 

313 2911750553060800450 1 5
3 0 5 8 4 

56 6906529405458791006 6 3
3 4 5 
3 5 4 
4 3 5 
4 5 3 
5 4 3 
5 3 4 

35 11912111377182954147 1 3
1 0 5 

419 1824392461536997513 1 5
1 8 0 7 5 

162 7698985776645440831 2 3
1 5 7 
1 7 5 

60 1324427476534020738 2 4
3 4 2 5 
4 3 2 5 

39 1744496397669539389 1 4
1 0 5 2 

296 6906529405458791006 6 3
3 5 8 
3 8 5 
5 3 8 
5 8 3 
8 5 3 
8 3 5 

299 15840397737567676150 1 5
3 1 8 0 5 

42 3854895435528399829 2 3
1 3 5 
1 5 3 

67 16140983759555224974 1 3
0 1 6 

321 5249842249183504562 2 3
0 6 8 
0 8 6 

285 3336855310034571014 1 5
3 2 0 4 8 

28 2728381371886174304 6 3
2 3 4 
2 4 3 
3 2 4 
3 4 2 
4 3 2 
4 2 3 

25 9928030222584297835 2 3
0 3 4 
0 4 3 

409 12381236661392034695 1 5
3 7 0 8 4 

152 754205998099296360 6 3
3 4 7 
3 7 4 
4 3 7 
4 7 3 
7 4 3 
7 3 4 

395 3354940798994360871 1 5
3 1 8 7 0 

138 10706753935364593016 2 3
1 3 7 
1 7 3 

265 2318000201601611205 2 3
0 3 8 
0 8 3 

78 242440319660852541 2 4
2 3 1 6 
3 2 1 6 

19 14232093026089607741 1 3
0 1 4 

273 8914630562125872912 2 3
0 4 8 
0 8 4 

7 4574036282289045403 1 3
1 0 2 

391 1780726570053638487 1 5
1 8 0 7 2 

134 12585292063867719537 2 3
1 2 7 
1 7 2 

150 3982813991072387447 2 4
1 4 2 7 
1 4 7 2 

23 13340416522839683325 1 4
1 4 0 2 

277 18189390236335065333 2 4
0 2 4 8 
0 2 8 4 

11 18182753605219552321 1 3
1 0 3 

268 754205998099296360 6 3
2 3 8 
2 8 3 
3 2 8 
3 8 2 
8 3 2 
8 2 3 

271 15644477588214036407 1 5
3 1 8 0 2 

14 12769602731266802952 2 3
1 2 3 
1 3 2 

81 5249842249183504562 2 3
0 4 6 
0 6 4 

3 14736729569611883447 1 2
1 0 

73 11786667920779566133 2 3
0 3 6 
0 6 3 

457 17373310900047855401 1 5
3 7 0 8 6 

200 6906529405458791006 6 3
3 6 7 
3 7 6 
6 3 7 
6 7 3 
7 6 3 
7 3 6 

131 9197304048270846207 1 3
1 0 7 

295 7172010275959784523 1 5
1 8 0 5 2 

38 7698985776645440831 2 3
1 2 5 
1 5 2 

392 2728381371886174304 6 3
3 7 8 
3 8 7 
7 3 8 
7 8 3 
8 7 3 
8 3 7 

135 5654510794196302338 1 4
1 0 7 2 

333 2098957983270306781 1 5
3 0 2 8 6 

76 6906529405458791006 6 3
2 3 6 
2 6 3 
3 2 6 
3 6 2 
6 3 2 
6 2 3 

332 10601132076907988804 2 4
2 3 8 6 
3 2 8 6 

75 11689708537252290408 1 4
0 3 1 6 

202 10596920958349277763 2 4
3 7 1 6 
7 3 1 6 

329 3784373721826276190 1 4
0 3 8 6 

199 2719480519206335903 1 5
1 6 0 7 2 

456 1324427476534020738 2 4
3 7 8 6 
7 3 8 6 

259 13504931378059360753 1 3
0 1 8 

286 2931493229845075762 2 5
2 3 1 4 8 
3 2 1 4 8 

29 11487667108810863075 2 4
3 4 2 0 
4 3 2 0 

156 1677071180347565230 2 4
3 4 2 7 
4 3 2 7 

85 300224963100752594 2 4
0 2 4 6 
0 2 6 4 

212 7556829846088060811 4 4
2 7 6 4 
2 7 4 6 
7 2 6 4 
7 2 4 6 

404 13150025586414177241 8 4
2 7 4 8 
2 7 8 4 
4 8 7 2 
4 8 2 7 
7 2 4 8 
7 2 8 4 
8 4 7 2 
8 4 2 7 

147 14315120226479418375 1 4
1 4 0 7 

401 17145432280789938800 2 4
0 7 4 8 
0 7 8 4 

396 1677071180347565230 2 4
3 8 7 2 
8 3 7 2 

139 7232618991325722277 1 4
1 3 0 7 

393 12405453617168352525 2 4
3 8 7 0 
8 3 7 0 

410 18064990090265222733 2 5
3 7 1 8 4 
7 3 1 8 4 

153 7023453869947087111 2 4
3 4 0 7 
4 3 0 7 

163 10131075445995488350 1 4
1 0 7 5 

452 7556829846088060811 4 4
2 7 6 8 
2 7 8 6 
7 2 6 8 
7 2 8 6 

195 13968041813613004843 1 4
1 6 0 7 

449 1904011085370765600 2 4
0 7 6 8 
0 7 8 6 

209 1904011085370765600 2 4
0 7 6 4 
0 7 4 6 

458 2321507838863568102 2 5
3 7 1 8 6 
7 3 1 8 6 

201 2972194697646189918 2 4
3 6 0 7 
6 3 0 7 

263 9060212711572572482 1 4
1 8 0 2 

390 7150496180077738619 2 4
1 8 7 2 
1 8 2 7 

275 11075626721768339797 1 4
0 1 4 8 

270 5017445520378449331 2 4
2 3 1 8 
3 2 1 8 

267 7832262044189289932 1 4
0 3 1 8 

394 15804328657059468321 2 4
3 7 1 8 
7 3 1 8 

294 15896268698264125057 2 4
1 8 5 2 
1 8 2 5 

291 6753216146187614009 1 4
1 8 0 5 

418 15896268698264125057 2 4
1 8 7 5 
1 8 5 7 

298 11699471195932271526 2 4
3 5 1 8 
5 3 1 8 

323 9467152021635353748 1 4
0 1 6 8 

387 1586130334441784745 1 4
1 8 0 7 

312 3364750820705448782 4 4
3 5 4 8 
3 5 8 4 
5 3 4 8 
5 3 8 4 

55 13791929887474485994 1 5
1 4 0 5 2 

31 13832049431797658361 1 5
3 1 4 2 0 

61 2946416789170786469 2 5
3 4 2 0 5 
4 3 2 0 5 

62 2045390665250012994 1 5
3 1 4 2 5 

47 12368887809417321050 1 5
1 3 0 5 2 

316 12945076698413370687 1 5
3 4 8 2 5 

59 10094160025579648263 1 5
3 1 4 0 5 

87 2139034353238466011 1 5
0 2 1 4 6 

