2352 16843014019913416440 24 4
4 5 8 11 
4 5 11 8 
4 8 5 11 
4 8 11 5 
4 11 8 5 
4 11 5 8 
5 4 8 11 
5 4 11 8 
5 8 4 11 
5 8 11 4 
5 11 8 4 
5 11 4 8 
8 5 4 11 
8 5 11 4 
8 4 5 11 
8 4 11 5 
8 11 4 5 
8 11 5 4 
11 5 8 4 
11 5 4 8 
11 8 5 4 
11 8 4 5 
11 4 8 5 
11 4 5 8 

553 11311692471758655814 6 4
0 3 5 9 
0 3 9 5 
0 5 3 9 
0 5 9 3 
0 9 5 3 
0 9 3 5 

1545 6502632244296645711 6 4
0 3 9 10 
0 3 10 9 
0 9 3 10 
0 9 10 3 
0 10 9 3 
0 10 3 9 

1049 11273311492949096519 6 4
0 3 4 10 
0 3 10 4 
0 4 3 10 
0 4 10 3 
0 10 4 3 
0 10 3 4 

170 11311692471758655814 6 4
1 3 5 7 
1 3 7 5 
1 5 3 7 
1 5 7 3 
1 7 5 3 
1 7 3 5 

54 11311692471758655814 6 4
1 2 4 5 
1 2 5 4 
1 4 2 5 
1 4 5 2 
1 5 4 2 
1 5 2 4 

297 11273311492949096519 6 4
0 3 5 8 
0 3 8 5 
0 5 3 8 
0 5 8 3 
0 8 5 3 
0 8 3 5 

15 9191895412425866362 2 4
0 1 2 3 
0 1 3 2 

1059 3577428279808314069 2 4
1 0 5 10 
1 0 10 5 

1031 6237441840634442659 4 4
0 1 2 10 
0 1 10 2 
1 0 2 10 
1 0 10 2 

102 8623097159091425658 6 4
1 2 5 6 
1 2 6 5 
1 5 2 6 
1 5 6 2 
1 6 5 2 
1 6 2 5 

43 4400358068338631550 4 4
0 1 3 5 
0 1 5 3 
1 0 3 5 
1 0 5 3 

2073 11311692471758655814 6 4
0 3 4 11 
0 3 11 4 
0 4 3 11 
0 4 11 3 
0 11 4 3 
0 11 3 4 

29 11311692471758655814 6 4
0 2 3 4 
0 2 4 3 
0 3 2 4 
0 3 4 2 
0 4 3 2 
0 4 2 3 

2059 9191895412425866362 2 4
0 1 3 11 
0 1 11 3 

39 9191895412425866362 2 4
1 0 2 5 
1 0 5 2 

269 8623097159091425658 6 4
0 2 3 8 
0 2 8 3 
0 3 2 8 
0 3 8 2 
0 8 3 2 
0 8 2 3 

92 16493867128980194667 24 4
2 3 4 6 
2 3 6 4 
2 4 3 6 
2 4 6 3 
2 6 4 3 
2 6 3 4 
3 2 4 6 
3 2 6 4 
3 4 2 6 
3 4 6 2 
3 6 4 2 
3 6 2 4 
4 3 2 6 
4 3 6 2 
4 2 3 6 
4 2 6 3 
4 6 2 3 
4 6 3 2 
6 3 4 2 
6 3 2 4 
6 4 3 2 
6 4 2 3 
6 2 4 3 
6 2 3 4 

2098 11311692471758655814 6 4
1 4 5 11 
1 4 11 5 
1 5 4 11 
1 5 11 4 
1 11 5 4 
1 11 4 5 

106 11273311492949096519 6 4
1 3 5 6 
1 3 6 5 
1 5 3 6 
1 5 6 3 
1 6 5 3 
1 6 3 5 

308 16493867128980194667 24 4
2 4 5 8 
2 4 8 5 
2 5 4 8 
2 5 8 4 
2 8 5 4 
2 8 4 5 
4 2 5 8 
4 2 8 5 
4 5 2 8 
4 5 8 2 
4 8 5 2 
4 8 2 5 
5 4 2 8 
5 4 8 2 
5 2 4 8 
5 2 8 4 
5 8 2 4 
5 8 4 2 
8 4 5 2 
8 4 2 5 
8 5 4 2 
8 5 2 4 
8 2 5 4 
8 2 4 5 

1112 17685878531683325480 24 4
3 4 6 10 
3 4 10 6 
3 6 4 10 
3 6 10 4 
3 10 6 4 
3 10 4 6 
4 3 6 10 
4 3 10 6 
4 6 3 10 
4 6 10 3 
4 10 6 3 
4 10 3 6 
6 4 3 10 
6 4 10 3 
6 3 4 10 
6 3 10 4 
6 10 3 4 
6 10 4 3 
10 4 6 3 
10 4 3 6 
10 6 4 3 
10 6 3 4 
10 3 6 4 
10 3 4 6 

1584 16843014019913416440 24 4
4 5 9 10 
4 5 10 9 
4 9 5 10 
4 9 10 5 
4 10 9 5 
4 10 5 9 
5 4 9 10 
5 4 10 9 
5 9 4 10 
5 9 10 4 
5 10 9 4 
5 10 4 9 
9 5 4 10 
9 5 10 4 
9 4 5 10 
9 4 10 5 
9 10 4 5 
9 10 5 4 
10 5 9 4 
10 5 4 9 
10 9 5 4 
10 9 4 5 
10 4 9 5 
10 4 5 9 

1035 3577428279808314069 2 4
0 1 3 10 
0 1 10 3 

1122 5104284511062308970 6 4
1 5 6 10 
1 5 10 6 
1 6 5 10 
1 6 10 5 
1 10 6 5 
1 10 5 6 

360 17685878531683325480 24 4
3 5 6 8 
3 5 8 6 
3 6 5 8 
3 6 8 5 
3 8 6 5 
3 8 5 6 
5 3 6 8 
5 3 8 6 
5 6 3 8 
5 6 8 3 
5 8 6 3 
5 8 3 6 
6 5 3 8 
6 5 8 3 
6 3 5 8 
6 3 8 5 
6 8 3 5 
6 8 5 3 
8 5 6 3 
8 5 3 6 
8 6 5 3 
8 6 3 5 
8 3 6 5 
8 3 5 6 

3075 5570504792724619564 4 4
0 1 10 11 
0 1 11 10 
1 0 10 11 
1 0 11 10 

2083 9191895412425866362 2 4
1 0 5 11 
1 0 11 5 

1074 11273311492949096519 6 4
1 4 5 10 
1 4 10 5 
1 5 4 10 
1 5 10 4 
1 10 5 4 
1 10 4 5 

2313 6502632244296645711 6 4
0 3 8 11 
0 3 11 8 
0 8 3 11 
0 8 11 3 
0 11 8 3 
0 11 3 8 

