15 4
29 4
39 4
43 4
54 4
92 4
102 4
106 4
170 4
269 4
297 4
308 4
360 4
553 4
1031 4
1035 4
1049 4
1059 4
1074 4
1112 4
1122 4
1545 4
1584 4
2059 4
2073 4
2083 4
2098 4
2313 4
2352 4
3075 4
31 5
47 5
55 5
61 5
62 5
59 5
79 5
93 5
94 5
103 5
110 5
107 5
118 5
124 5
122 5
143 5
157 5
158 5
167 5
174 5
171 5
182 5
186 5
206 5
220 5
230 5
234 5
271 5
285 5
295 5
301 5
299 5
309 5
310 5
316 5
313 5
333 5
348 5
358 5
364 5
361 5
362 5
372 5
376 5
397 5
412 5
428 5
425 5
426 5
436 5
460 5
488 5
527 5
541 5
551 5
557 5
555 5
565 5
566 5
569 5
604 5
614 5
620 5
617 5
618 5
628 5
681 5
682 5
744 5
781 5
805 5
809 5
820 5
868 5
872 5
936 5
1039 5
1047 5
1053 5
1051 5
1063 5
1067 5
1078 5
1075 5
1081 5
1082 5
1095 5
1099 5
1110 5
1116 5
1113 5
1114 5
1126 5
1123 5
1130 5
1138 5
1144 5
1159 5
1163 5
1174 5
1180 5
1177 5
1178 5
1190 5
1187 5
1194 5
1202 5
1222 5
1226 5
1240 5
1250 5
1287 5
1293 5
1291 5
1301 5
1305 5
1315 5
1321 5
1332 5
1329 5
1330 5
1364 5
1368 5
1378 5
1384 5
1392 5
1543 5
1549 5
1547 5
1557 5
1561 5
1571 5
1577 5
1588 5
1585 5
1586 5
1592 5
1609 5
1624 5
1634 5
1640 5
1648 5
1673 5
1688 5
1704 5
1712 5
1736 5
1797 5
1801 5
1825 5
1840 5
1888 5
2063 5
2077 5
2075 5
2087 5
2091 5
2102 5
2099 5
2105 5
2106 5
2123 5
2140 5
2137 5
2138 5
2150 5
2147 5
2154 5
2162 5
2187 5
2201 5
2202 5
2211 5
2218 5
2226 5
2250 5
2264 5
2274 5
2317 5
2315 5
2329 5
2339 5
2345 5
2356 5
2353 5
2354 5
2360 5
2377 5
2392 5
2408 5
2416 5
2441 5
2456 5
2472 5
2480 5
2504 5
2571 5
2585 5
2595 5
2601 5
2609 5
2610 5
2825 5
2849 5
2864 5
3079 5
3083 5
3091 5
3097 5
3107 5
3122 5
3139 5
3154 5
3160 5
3170 5
3203 5
3218 5
3224 5
3234 5
3266 5
3331 5
3337 5
3345 5
3376 5
3408 5
3587 5
3593 5
3601 5
3632 5
3841 5
63 6
95 6
111 6
119 6
125 6
126 6
123 6
159 6
175 6
183 6
189 6
190 6
187 6
207 6
221 6
222 6
231 6
238 6
235 6
246 6
252 6
250 6
287 6
303 6
311 6
317 6
318 6
315 6
335 6
349 6
350 6
359 6
365 6
366 6
363 6
373 6
374 6
380 6
377 6
378 6
399 6
413 6
414 6
423 6
429 6
430 6
427 6
437 6
438 6
444 6
441 6
442 6
461 6
462 6
476 6
486 6
492 6
489 6
490 6
500 6
504 6
543 6
559 6
567 6
573 6
574 6
571 6
591 6
605 6
606 6
615 6
621 6
622 6
619 6
629 6
630 6
636 6
633 6
634 6
655 6
669 6
670 6
679 6
685 6
686 6
683 6
693 6
694 6
697 6
698 6
718 6
732 6
742 6
748 6
745 6
746 6
756 6
760 6
783 6
797 6
807 6
813 6
811 6
821 6
822 6
828 6
825 6
845 6
860 6
869 6
870 6
876 6
873 6
874 6
884 6
888 6
909 6
924 6
933 6
940 6
937 6
938 6
948 6
952 6
972 6
996 6
1000 6
1055 6
1071 6
1079 6
1085 6
1086 6
1083 6
1103 6
1111 6
1117 6
1118 6
1115 6
1127 6
1134 6
1131 6
1142 6
1139 6
1148 6
1145 6
1146 6
1167 6
1175 6
1181 6
1182 6
1179 6
1191 6
1198 6
1195 6
1206 6
1203 6
1212 6
1209 6
1210 6
1223 6
1230 6
1227 6
1238 6
1244 6
1241 6
1242 6
1254 6
1251 6
1258 6
1266 6
1272 6
1295 6
1303 6
1309 6
1307 6
1319 6
1325 6
1323 6
1333 6
1334 6
1331 6
1340 6
1337 6
1338 6
1351 6
1357 6
1355 6
1365 6
1366 6
1372 6
1369 6
1370 6
1382 6
1379 6
1388 6
1385 6
1386 6
1396 6
1393 6
1394 6
1400 6
1415 6
1421 6
1419 6
1429 6
1430 6
1436 6
1433 6
1434 6
1446 6
1443 6
1452 6
1449 6
1450 6
1460 6
1457 6
1458 6
1478 6
1484 6
1482 6
1492 6
1496 6
1506 6
1512 6
1520 6
1551 6
1559 6
1565 6
1563 6
1575 6
1581 6
1579 6
1589 6
1590 6
1587 6
1596 6
1593 6
1594 6
1607 6
1613 6
1611 6
1621 6
1622 6
1628 6
1625 6
1626 6
1638 6
1635 6
1644 6
1641 6
1642 6
1652 6
1649 6
1650 6
1656 6
1671 6
1677 6
1675 6
1685 6
1686 6
1692 6
1689 6
1690 6
1702 6
1699 6
1708 6
1705 6
1706 6
1716 6
1713 6
1714 6
1720 6
1734 6
1740 6
1737 6
1738 6
1748 6
1752 6
1762 6
1768 6
1776 6
1799 6
1805 6
1803 6
1813 6
1817 6
1829 6
1827 6
1833 6
1844 6
1841 6
1842 6
1848 6
1861 6
1865 6
1876 6
1880 6
1892 6
1889 6
1890 6
1896 6
1904 6
1925 6
1929 6
1940 6
1944 6
1956 6
1953 6
1960 6
1968 6
1988 6
1992 6
2016 6
2079 6
2095 6
2103 6
2109 6
2110 6
2107 6
2127 6
2141 6
2142 6
2139 6
2151 6
2158 6
2155 6
2166 6
2163 6
2172 6
2169 6
2170 6
2191 6
2205 6
2206 6
2203 6
2215 6
2222 6
2219 6
2230 6
2227 6
2233 6
2234 6
2254 6
2251 6
2268 6
2265 6
2266 6
2278 6
2275 6
2282 6
2290 6
2296 6
2319 6
2333 6
2331 6
2343 6
2349 6
2347 6
2357 6
2358 6
2355 6
2364 6
2361 6
2362 6
2381 6
2379 6
2396 6
2393 6
2394 6
2406 6
2403 6
2412 6
2409 6
2410 6
2420 6
2417 6
2418 6
2424 6
2445 6
2443 6
2460 6
2457 6
2458 6
2467 6
2476 6
2473 6
2474 6
2484 6
2481 6
2482 6
2488 6
2508 6
2505 6
2506 6
2520 6
2530 6
2536 6
2544 6
2575 6
2589 6
2587 6
2599 6
2605 6
2603 6
2613 6
2614 6
2611 6
2617 6
2618 6
2635 6
2652 6
2649 6
2650 6
2662 6
2659 6
2668 6
2665 6
2666 6
2676 6
2673 6
2674 6
2699 6
2713 6
2714 6
2723 6
2729 6
2730 6
2737 6
2738 6
2762 6
2776 6
2786 6
2792 6
2800 6
2829 6
2827 6
2841 6
2853 6
2851 6
2857 6
2868 6
2865 6
2866 6
2872 6
2889 6
2904 6
2916 6
2913 6
2920 6
2928 6
2953 6
2968 6
2977 6
2984 6
2992 6
3016 6
3040 6
3087 6
3095 6
3101 6
3099 6
3111 6
3115 6
3126 6
3123 6
3129 6
3130 6
3143 6
3147 6
3158 6
3155 6
3164 6
3161 6
3162 6
3174 6
3171 6
3178 6
3186 6
3192 6
3207 6
3211 6
3222 6
3219 6
3228 6
3225 6
3226 6
3238 6
3235 6
3242 6
3250 6
3256 6
3270 6
3267 6
3274 6
3282 6
3288 6
3298 6
3335 6
3341 6
3339 6
3349 6
3347 6
3353 6
3363 6
3369 6
3380 6
3377 6
3378 6
3384 6
3395 6
3401 6
3412 6
3409 6
3410 6
3416 6
3426 6
3432 6
3440 6
3459 6
3465 6
3473 6
3474 6
3480 6
3490 6
3496 6
3504 6
3522 6
3528 6
3536 6
3591 6
3597 6
3595 6
3605 6
3603 6
3609 6
3619 6
3625 6
3636 6
3633 6
3634 6
3640 6
3651 6
3657 6
3665 6
3666 6
3672 6
3682 6
3688 6
3696 6
3715 6
3721 6
3729 6
3730 6
3736 6
3746 6
3752 6
3760 6
3778 6
3784 6
3792 6
3845 6
3843 6
3849 6
3857 6
3873 6
3888 6
3905 6
3920 6
3936 6
3969 6
3984 6
4000 6
4032 6
127 7
191 7
223 7
239 7
247 7
253 7
254 7
251 7
319 7
351 7
367 7
375 7
381 7
382 7
379 7
415 7
431 7
439 7
445 7
446 7
443 7
463 7
477 7
478 7
487 7
493 7
494 7
491 7
501 7
502 7
508 7
505 7
506 7
575 7
607 7
623 7
631 7
637 7
638 7
635 7
671 7
687 7
695 7
701 7
702 7
699 7
719 7
733 7
734 7
743 7
749 7
750 7
747 7
757 7
758 7
764 7
761 7
762 7
799 7
815 7
823 7
829 7
830 7
827 7
847 7
861 7
862 7
871 7
877 7
878 7
875 7
885 7
886 7
892 7
889 7
890 7
911 7
925 7
926 7
935 7
941 7
942 7
939 7
949 7
950 7
956 7
953 7
954 7
973 7
974 7
988 7
997 7
998 7
1004 7
1001 7
1002 7
1012 7
1016 7
1087 7
1119 7
1135 7
1143 7
1149 7
1150 7
1147 7
1183 7
1199 7
1207 7
1213 7
1214 7
1211 7
1231 7
1239 7
1245 7
1246 7
1243 7
1255 7
1262 7
1259 7
1270 7
1267 7
1276 7
1273 7
1274 7
1311 7
1327 7
1335 7
1341 7
1342 7
1339 7
1359 7
1367 7
1373 7
1374 7
1371 7
1383 7
1389 7
1390 7
1387 7
1397 7
1398 7
1395 7
1404 7
1401 7
1402 7
1423 7
1431 7
1437 7
1438 7
1435 7
1447 7
1453 7
1454 7
1451 7
1461 7
1462 7
1459 7
1468 7
1465 7
1466 7
1479 7
1485 7
1486 7
1483 7
1493 7
1494 7
1500 7
1497 7
1498 7
1510 7
1507 7
1516 7
1513 7
1514 7
1524 7
1521 7
1522 7
1528 7
1567 7
1583 7
1591 7
1597 7
1598 7
1595 7
1615 7
1623 7
1629 7
1630 7
1627 7
1639 7
1645 7
1646 7
1643 7
1653 7
1654 7
1651 7
1660 7
1657 7
1658 7
1679 7
1687 7
1693 7
1694 7
1691 7
1703 7
1709 7
1710 7
1707 7
1717 7
1718 7
1715 7
1724 7
1721 7
1722 7
1735 7
1741 7
1742 7
1739 7
1749 7
1750 7
1756 7
1753 7
1754 7
1766 7
1763 7
1772 7
1769 7
1770 7
1780 7
1777 7
1778 7
1784 7
1807 7
1815 7
1821 7
1819 7
1831 7
1837 7
1835 7
1845 7
1846 7
1843 7
1852 7
1849 7
1850 7
1863 7
1869 7
1867 7
1877 7
1878 7
1884 7
1881 7
1882 7
1893 7
1894 7
1891 7
1900 7
1897 7
1898 7
1908 7
1905 7
1906 7
1912 7
1927 7
1933 7
1931 7
1941 7
1942 7
1948 7
1945 7
1946 7
1957 7
1958 7
1955 7
1964 7
1961 7
1962 7
1972 7
1969 7
1970 7
1976 7
1989 7
1990 7
1996 7
1993 7
1994 7
2004 7
2008 7
2020 7
2017 7
2018 7
2024 7
2032 7
2111 7
2143 7
2159 7
2167 7
2173 7
2174 7
2171 7
2207 7
2223 7
2231 7
2237 7
2238 7
2235 7
2255 7
2269 7
2270 7
2267 7
2279 7
2286 7
2283 7
2294 7
2291 7
2300 7
2297 7
2298 7
2335 7
2351 7
2359 7
2365 7
2366 7
2363 7
2383 7
2397 7
2398 7
2395 7
2407 7
2413 7
2414 7
2411 7
2421 7
2422 7
2419 7
2428 7
2425 7
2426 7
2447 7
2461 7
2462 7
2459 7
2471 7
2477 7
2478 7
2475 7
2485 7
2486 7
2483 7
2492 7
2489 7
2490 7
2509 7
2510 7
2507 7
2524 7
2521 7
2522 7
2534 7
2531 7
2540 7
2537 7
2538 7
2548 7
2545 7
2546 7
2552 7
2591 7
2607 7
2615 7
2621 7
2622 7
2619 7
2639 7
2653 7
2654 7
2651 7
2663 7
2669 7
2670 7
2667 7
2677 7
2678 7
2675 7
2684 7
2681 7
2682 7
2703 7
2717 7
2718 7
2715 7
2727 7
2733 7
2734 7
2731 7
2741 7
2742 7
2739 7
2745 7
2746 7
2766 7
2763 7
2780 7
2777 7
2778 7
2790 7
2787 7
2796 7
2793 7
2794 7
2804 7
2801 7
2802 7
2808 7
2831 7
2845 7
2843 7
2855 7
2861 7
2859 7
2869 7
2870 7
2867 7
2876 7
2873 7
2874 7
2893 7
2891 7
2908 7
2905 7
2906 7
2917 7
2918 7
2915 7
2924 7
2921 7
2922 7
2932 7
2929 7
2930 7
2936 7
2957 7
2955 7
2972 7
2969 7
2970 7
2981 7
2979 7
2988 7
2985 7
2986 7
2996 7
2993 7
2994 7
3000 7
3020 7
3017 7
3018 7
3032 7
3044 7
3041 7
3042 7
3048 7
3056 7
3103 7
3119 7
3127 7
3133 7
3134 7
3131 7
3151 7
3159 7
3165 7
3166 7
3163 7
3175 7
3182 7
3179 7
3190 7
3187 7
3196 7
3193 7
3194 7
3215 7
3223 7
3229 7
3230 7
3227 7
3239 7
3246 7
3243 7
3254 7
3251 7
3260 7
3257 7
3258 7
3271 7
3278 7
3275 7
3286 7
3283 7
3292 7
3289 7
3290 7
3302 7
3299 7
3306 7
3314 7
3320 7
3343 7
3351 7
3357 7
3355 7
3367 7
3373 7
3371 7
3381 7
3382 7
3379 7
3388 7
3385 7
3386 7
3399 7
3405 7
3403 7
3413 7
3414 7
3411 7
3420 7
3417 7
3418 7
3430 7
3427 7
3436 7
3433 7
3434 7
3444 7
3441 7
3442 7
3448 7
3463 7
3469 7
3467 7
3477 7
3478 7
3475 7
3484 7
3481 7
3482 7
3494 7
3491 7
3500 7
3497 7
3498 7
3508 7
3505 7
3506 7
3512 7
3526 7
3523 7
3532 7
3529 7
3530 7
3540 7
3537 7
3538 7
3544 7
3554 7
3560 7
3568 7
3599 7
3607 7
3613 7
3611 7
3623 7
3629 7
3627 7
3637 7
3638 7
3635 7
3644 7
3641 7
3642 7
3655 7
3661 7
3659 7
3669 7
3670 7
3667 7
3676 7
3673 7
3674 7
3686 7
3683 7
3692 7
3689 7
3690 7
3700 7
3697 7
3698 7
3704 7
3719 7
3725 7
3723 7
3733 7
3734 7
3731 7
3740 7
3737 7
3738 7
3750 7
3747 7
3756 7
3753 7
3754 7
3764 7
3761 7
3762 7
3768 7
3782 7
3779 7
3788 7
3785 7
3786 7
3796 7
3793 7
3794 7
3800 7
3810 7
3816 7
3824 7
3847 7
3853 7
3851 7
3861 7
3859 7
3865 7
3877 7
3875 7
3881 7
3892 7
3889 7
3890 7
3896 7
3909 7
3907 7
3913 7
3924 7
3921 7
3922 7
3928 7
3940 7
3937 7
3938 7
3944 7
3952 7
3973 7
3971 7
3977 7
3988 7
3985 7
3986 7
3992 7
4004 7
4001 7
4002 7
4008 7
4016 7
4036 7
4033 7
4034 7
4040 7
4048 7
4064 7
255 8
383 8
447 8
479 8
495 8
503 8
509 8
510 8
507 8
639 8
703 8
735 8
751 8
759 8
765 8
766 8
763 8
831 8
863 8
879 8
887 8
893 8
894 8
891 8
927 8
943 8
951 8
957 8
958 8
955 8
975 8
989 8
990 8
999 8
1005 8
1006 8
1003 8
1013 8
1014 8
1020 8
1017 8
1018 8
1151 8
1215 8
1247 8
1263 8
1271 8
1277 8
1278 8
1275 8
1343 8
1375 8
1391 8
1399 8
1405 8
1406 8
1403 8
1439 8
1455 8
1463 8
1469 8
1470 8
1467 8
1487 8
1495 8
1501 8
1502 8
1499 8
1511 8
1517 8
1518 8
1515 8
1525 8
1526 8
1523 8
1532 8
1529 8
1530 8
1599 8
1631 8
1647 8
1655 8
1661 8
1662 8
1659 8
1695 8
1711 8
1719 8
1725 8
1726 8
1723 8
1743 8
1751 8
1757 8
1758 8
1755 8
1767 8
1773 8
1774 8
1771 8
1781 8
1782 8
1779 8
1788 8
1785 8
1786 8
1823 8
1839 8
1847 8
1853 8
1854 8
1851 8
1871 8
1879 8
1885 8
1886 8
1883 8
1895 8
1901 8
1902 8
1899 8
1909 8
1910 8
1907 8
1916 8
1913 8
1914 8
1935 8
1943 8
1949 8
1950 8
1947 8
1959 8
1965 8
1966 8
1963 8
1973 8
1974 8
1971 8
1980 8
1977 8
1978 8
1991 8
1997 8
1998 8
1995 8
2005 8
2006 8
2012 8
2009 8
2010 8
2021 8
2022 8
2019 8
2028 8
2025 8
2026 8
2036 8
2033 8
2034 8
2040 8
2175 8
2239 8
2271 8
2287 8
2295 8
2301 8
2302 8
2299 8
2367 8
2399 8
2415 8
2423 8
2429 8
2430 8
2427 8
2463 8
2479 8
2487 8
2493 8
2494 8
2491 8
2511 8
2525 8
2526 8
2523 8
2535 8
2541 8
2542 8
2539 8
2549 8
2550 8
2547 8
2556 8
2553 8
2554 8
2623 8
2655 8
2671 8
2679 8
2685 8
2686 8
2683 8
2719 8
2735 8
2743 8
2749 8
2750 8
2747 8
2767 8
2781 8
2782 8
2779 8
2791 8
2797 8
2798 8
2795 8
2805 8
2806 8
2803 8
2812 8
2809 8
2810 8
2847 8
2863 8
2871 8
2877 8
2878 8
2875 8
2895 8
2909 8
2910 8
2907 8
2919 8
2925 8
2926 8
2923 8
2933 8
2934 8
2931 8
2940 8
2937 8
2938 8
2959 8
2973 8
2974 8
2971 8
2983 8
2989 8
2990 8
2987 8
2997 8
2998 8
2995 8
3004 8
3001 8
3002 8
3021 8
3022 8
3019 8
3036 8
3033 8
3034 8
3045 8
3046 8
3043 8
3052 8
3049 8
3050 8
3060 8
3057 8
3058 8
3064 8
3135 8
3167 8
3183 8
3191 8
3197 8
3198 8
3195 8
3231 8
3247 8
3255 8
3261 8
3262 8
3259 8
3279 8
3287 8
3293 8
3294 8
3291 8
3303 8
3310 8
3307 8
3318 8
3315 8
3324 8
3321 8
3322 8
3359 8
3375 8
3383 8
3389 8
3390 8
3387 8
3407 8
3415 8
3421 8
3422 8
3419 8
3431 8
3437 8
3438 8
3435 8
3445 8
3446 8
3443 8
3452 8
3449 8
3450 8
3471 8
3479 8
3485 8
3486 8
3483 8
3495 8
3501 8
3502 8
3499 8
3509 8
3510 8
3507 8
3516 8
3513 8
3514 8
3527 8
3533 8
3534 8
3531 8
3541 8
3542 8
3539 8
3548 8
3545 8
3546 8
3558 8
3555 8
3564 8
3561 8
3562 8
3572 8
3569 8
3570 8
3576 8
3615 8
3631 8
3639 8
3645 8
3646 8
3643 8
3663 8
3671 8
3677 8
3678 8
3675 8
3687 8
3693 8
3694 8
3691 8
3701 8
3702 8
3699 8
3708 8
3705 8
3706 8
3727 8
3735 8
3741 8
3742 8
3739 8
3751 8
3757 8
3758 8
3755 8
3765 8
3766 8
3763 8
3772 8
3769 8
3770 8
3783 8
3789 8
3790 8
3787 8
3797 8
3798 8
3795 8
3804 8
3801 8
3802 8
3814 8
3811 8
3820 8
3817 8
3818 8
3828 8
3825 8
3826 8
3832 8
3855 8
3863 8
3869 8
3867 8
3879 8
3885 8
3883 8
3893 8
3894 8
3891 8
3900 8
3897 8
3898 8
3911 8
3917 8
3915 8
3925 8
3926 8
3923 8
3932 8
3929 8
3930 8
3941 8
3942 8
3939 8
3948 8
3945 8
3946 8
3956 8
3953 8
3954 8
3960 8
3975 8
3981 8
3979 8
3989 8
3990 8
3987 8
3996 8
3993 8
3994 8
4005 8
4006 8
4003 8
4012 8
4009 8
4010 8
4020 8
4017 8
4018 8
4024 8
4037 8
4038 8
4035 8
4044 8
4041 8
4042 8
4052 8
4049 8
4050 8
4056 8
4068 8
4065 8
4066 8
4072 8
4080 8
511 9
767 9
895 9
959 9
991 9
1007 9
1015 9
1021 9
1022 9
1019 9
1279 9
1407 9
1471 9
1503 9
1519 9
1527 9
1533 9
1534 9
1531 9
1663 9
1727 9
1759 9
1775 9
1783 9
1789 9
1790 9
1787 9
1855 9
1887 9
1903 9
1911 9
1917 9
1918 9
1915 9
1951 9
1967 9
1975 9
1981 9
1982 9
1979 9
1999 9
2007 9
2013 9
2014 9
2011 9
2023 9
2029 9
2030 9
2027 9
2037 9
2038 9
2035 9
2044 9
2041 9
2042 9
2303 9
2431 9
2495 9
2527 9
2543 9
2551 9
2557 9
2558 9
2555 9
2687 9
2751 9
2783 9
2799 9
2807 9
2813 9
2814 9
2811 9
2879 9
2911 9
2927 9
2935 9
2941 9
2942 9
2939 9
2975 9
2991 9
2999 9
3005 9
3006 9
3003 9
3023 9
3037 9
3038 9
3035 9
3047 9
3053 9
3054 9
3051 9
3061 9
3062 9
3059 9
3068 9
3065 9
3066 9
3199 9
3263 9
3295 9
3311 9
3319 9
3325 9
3326 9
3323 9
3391 9
3423 9
3439 9
3447 9
3453 9
3454 9
3451 9
3487 9
3503 9
3511 9
3517 9
3518 9
3515 9
3535 9
3543 9
3549 9
3550 9
3547 9
3559 9
3565 9
3566 9
3563 9
3573 9
3574 9
3571 9
3580 9
3577 9
3578 9
3647 9
3679 9
3695 9
3703 9
3709 9
3710 9
3707 9
3743 9
3759 9
3767 9
3773 9
3774 9
3771 9
3791 9
3799 9
3805 9
3806 9
3803 9
3815 9
3821 9
3822 9
3819 9
3829 9
3830 9
3827 9
3836 9
3833 9
3834 9
3871 9
3887 9
3895 9
3901 9
3902 9
3899 9
3919 9
3927 9
3933 9
3934 9
3931 9
3943 9
3949 9
3950 9
3947 9
3957 9
3958 9
3955 9
3964 9
3961 9
3962 9
3983 9
3991 9
3997 9
3998 9
3995 9
4007 9
4013 9
4014 9
4011 9
4021 9
4022 9
4019 9
4028 9
4025 9
4026 9
4039 9
4045 9
4046 9
4043 9
4053 9
4054 9
4051 9
4060 9
4057 9
4058 9
4069 9
4070 9
4067 9
4076 9
4073 9
4074 9
4084 9
4081 9
4082 9
4088 9
1023 10
1535 10
1791 10
1919 10
1983 10
2015 10
2031 10
2039 10
2045 10
2046 10
2043 10
2559 10
2815 10
2943 10
3007 10
3039 10
3055 10
3063 10
3069 10
3070 10
3067 10
3327 10
3455 10
3519 10
3551 10
3567 10
3575 10
3581 10
3582 10
3579 10
3711 10
3775 10
3807 10
3823 10
3831 10
3837 10
3838 10
3835 10
3903 10
3935 10
3951 10
3959 10
3965 10
3966 10
3963 10
3999 10
4015 10
4023 10
4029 10
4030 10
4027 10
4047 10
4055 10
4061 10
4062 10
4059 10
4071 10
4077 10
4078 10
4075 10
4085 10
4086 10
4083 10
4092 10
4089 10
4090 10
2047 11
3071 11
3583 11
3839 11
3967 11
4031 11
4063 11
4079 11
4087 11
4093 11
4094 11
4091 11
4095 12
