bhabha2vbox[0,0,0,0,0,0,0,0,0]*(6*a7-3*a4-6*a8+6*a5-3*a3)
bhabha2vbox[0,0,0,1,-1,0,0,0,0]*(3*a3)
bhabha2vbox[-1,0,0,1,0,0,0,0,0]*(5*a3)
bhabha2vbox[0,0,0,1,0,-1,0,0,0]*(-5*a3)
bhabha2vbox[0,0,0,1,0,0,0,0,0]*(25*a3)
bhabha2vbox[0,0,0,-1,1,0,0,0,0]*(3*a4)
bhabha2vbox[0,-1,0,0,0,0,0,1,0]*(-4*a7)
bhabha2vbox[0,0,0,0,1,0,0,0,0]*(-9*a4)
bhabha2vbox[-1,0,0,0,1,0,0,0,0]*(3*a4)
bhabha2vbox[0,0,0,0,1,-1,0,0,0]*(-3*a4)
bhabha2vbox[0,0,0,0,0,1,0,0,0]*(-22*a5)
bhabha2vbox[0,-1,0,0,0,0,1,0,0]*(2*a6)
bhabha2vbox[0,0,0,-1,0,0,1,0,0]*(-3*a6)
bhabha2vbox[0,0,0,0,-1,0,1,0,0]*(3*a6)
bhabha2vbox[0,0,0,0,0,0,1,0,-1]*(3*a6)
bhabha2vbox[0,0,0,0,0,0,1,0,0]*(29*a6)
bhabha2vbox[-1,0,0,0,0,0,1,0,0]*(5*a6)
bhabha2vbox[0,-1,0,0,0,0,0,0,1]*(4*a8)
bhabha2vbox[0,0,0,0,0,-1,1,0,0]*(-5*a6)
bhabha2vbox[0,0,0,0,0,0,1,-1,0]*(-5*a6)
bhabha2vbox[0,0,0,0,0,0,0,1,-1]*(-2*a7)
bhabha2vbox[-1,0,0,0,0,1,0,0,0]*(-6*a5)
bhabha2vbox[0,0,0,0,0,0,0,1,0]*(-8*a7)
bhabha2vbox[0,0,0,0,-1,1,0,0,0]*(-2*a5)
bhabha2vbox[0,0,0,0,0,0,0,0,1]*(8*a8)
bhabha2vbox[0,0,0,0,0,0,0,-1,1]*(2*a8)
bhabha2vbox[0,0,0,-1,0,1,0,0,0]*(2*a5)

bhabha2vbox[-1,0,0,1,0,0,0,0,0]*(-5*a3)
bhabha2vbox[0,0,0,0,0,0,0,0,0]*(-3*a4-5*a8+5*a6+3*a3)
bhabha2vbox[0,0,0,0,0,0,0,1,0]*(-6*a7)
bhabha2vbox[0,0,0,1,-1,0,0,0,0]*(2*a3)
bhabha2vbox[-1,0,0,0,1,0,0,0,0]*(-3*a4)
bhabha2vbox[0,0,0,-1,1,0,0,0,0]*(6*a4)
bhabha2vbox[0,0,0,0,1,0,0,0,0]*(-21*a4)
bhabha2vbox[-1,0,0,0,0,0,0,1,0]*(-6*a7)
bhabha2vbox[0,0,0,0,0,0,0,1,-1]*(-3*a7)
bhabha2vbox[0,0,0,-1,0,1,0,0,0]*(-3*a5)
bhabha2vbox[0,0,-1,0,0,0,1,0,0]*(-5*a6)
bhabha2vbox[0,-1,0,0,0,0,0,1,0]*(3*a7)
bhabha2vbox[0,0,0,0,0,0,1,0,0]*(6*a6)
bhabha2vbox[0,-1,0,0,0,0,1,0,0]*(-2*a6)
bhabha2vbox[0,0,0,-1,0,0,1,0,0]*(-2*a6)
bhabha2vbox[0,0,0,0,-1,0,1,0,0]*(2*a6)
bhabha2vbox[0,0,0,0,0,0,1,0,-1]*(2*a6)
bhabha2vbox[0,0,0,0,0,0,-1,1,0]*(-6*a7)
bhabha2vbox[0,0,-1,0,0,0,0,1,0]*(6*a7)
bhabha2vbox[0,0,0,0,0,1,0,0,0]*(-3*a5)
bhabha2vbox[0,-1,0,0,0,0,0,0,1]*(5*a8)
bhabha2vbox[0,0,0,0,-1,1,0,0,0]*(-3*a5)
bhabha2vbox[0,0,0,-1,0,0,0,1,0]*(6*a7)
bhabha2vbox[-1,0,0,0,0,1,0,0,0]*(6*a5)
bhabha2vbox[-1,0,0,0,0,0,0,0,1]*(-2*a8)
bhabha2vbox[0,0,-1,0,0,0,0,0,1]*(2*a8)
bhabha2vbox[0,0,0,-1,0,0,0,0,1]*(2*a8)
bhabha2vbox[0,0,0,0,0,0,-1,0,1]*(-2*a8)
bhabha2vbox[0,0,0,0,0,0,0,0,1]*(6*a8)

bhabha2vbox[-1,0,0,1,0,0,0,0,0]*(-5*a3)
bhabha2vbox[0,0,0,0,0,0,0,0,0]*(-3*a7-3*a5+3*a6+3*a3)
bhabha2vbox[0,-1,0,0,0,0,0,1,0]*(3*a7)
bhabha2vbox[0,0,0,1,0,-1,0,0,0]*(2*a3)
bhabha2vbox[0,0,0,1,0,0,0,0,0]*(-10*a3)
bhabha2vbox[-1,0,0,0,1,0,0,0,0]*(6*a4)
bhabha2vbox[0,0,0,-1,1,0,0,0,0]*(-3*a4)
bhabha2vbox[0,0,0,0,1,0,0,0,0]*(12*a4)
bhabha2vbox[0,0,0,-1,0,0,0,1,0]*(2*a7)
bhabha2vbox[0,0,0,0,1,-1,0,0,0]*(-3*a4)
bhabha2vbox[-1,0,0,0,0,1,0,0,0]*(5*a5)
bhabha2vbox[0,0,-1,0,0,0,1,0,0]*(-3*a6)
bhabha2vbox[0,0,0,0,0,0,0,1,0]*(2*a7)
bhabha2vbox[0,0,0,0,0,0,1,0,0]*(-8*a6)
bhabha2vbox[-1,0,0,0,0,0,1,0,0]*(-2*a6)
bhabha2vbox[0,-1,0,0,0,0,1,0,0]*(-2*a6)
bhabha2vbox[0,0,0,0,0,-1,1,0,0]*(2*a6)
bhabha2vbox[0,0,0,0,0,0,1,-1,0]*(2*a6)
bhabha2vbox[0,0,0,0,0,0,0,-1,1]*(-5*a8)
bhabha2vbox[0,0,-1,0,0,0,0,1,0]*(2*a7)
bhabha2vbox[0,0,0,0,0,0,-1,1,0]*(-2*a7)
bhabha2vbox[0,0,0,0,0,1,0,0,0]*(10*a5)
bhabha2vbox[-1,0,0,0,0,0,0,1,0]*(-2*a7)
bhabha2vbox[0,0,0,0,0,0,0,0,1]*(-2*a8)
bhabha2vbox[0,0,0,-1,0,1,0,0,0]*(-2*a5)
bhabha2vbox[-1,0,0,0,0,0,0,0,1]*(-6*a8)
bhabha2vbox[0,0,-1,0,0,0,0,0,1]*(6*a8)
bhabha2vbox[0,0,0,-1,0,0,0,0,1]*(6*a8)
bhabha2vbox[0,0,0,0,0,0,-1,0,1]*(-6*a8)
bhabha2vbox[0,-1,0,0,0,0,0,0,1]*(5*a8)

