506 4716118191584121800 2 7
5 3 6 7 1 8 4 
5 1 8 4 3 6 7 

494 4243205792122953502 1 7
5 1 8 3 2 6 7 

491 17117086956283838193 1 7
5 3 6 7 1 0 8 

446 6339669298936847666 1 7
5 1 8 4 3 2 7 

431 17971267612230173561 1 7
5 1 0 8 2 3 7 

443 11037493984740942112 1 7
5 3 7 1 0 8 4 

508 17955303329255020163 1 7
5 8 4 3 2 6 7 

505 17004485160584092373 1 7
5 3 6 7 0 8 4 

493 9440193517193050252 1 7
5 0 8 2 3 6 7 

445 6081544521266737784 1 7
5 0 8 4 2 3 7 

502 17004485160584092373 1 7
5 1 8 4 2 6 7 

501 13313573091687440781 4 7
5 2 6 7 0 8 4 
5 2 7 6 0 4 8 
5 0 4 8 2 7 6 
5 0 8 4 2 6 7 

499 17955303329255020163 1 7
5 6 7 1 0 8 4 

487 5444991060530956129 1 7
5 2 6 7 0 1 8 

439 9339159846174696274 1 7
5 2 7 0 1 8 4 

478 8419987124258895410 1 7
1 8 4 3 2 6 7 

475 8419987124258895410 1 7
3 6 7 1 0 8 4 

415 2292963523609724612 2 7
2 3 7 1 0 8 4 
3 2 7 1 0 8 4 

463 15693516008192241928 1 7
1 0 8 3 2 6 7 

477 8905733779175414412 2 7
0 4 8 3 2 6 7 
0 8 4 3 2 6 7 

471 8905733779175414412 2 7
2 6 7 1 0 8 4 
2 7 6 1 0 8 4 

367 1482917374477125942 2 7
5 1 0 8 2 3 6 
5 3 2 6 0 1 8 

382 17117086956283838193 1 7
5 1 8 4 3 2 6 

379 4243205792122953502 1 7
5 3 6 1 0 8 4 

319 3134138764517881989 1 7
5 3 2 0 1 8 4 

191 15112218898551574920 4 7
5 1 0 4 2 3 7 
5 2 3 7 1 0 4 
5 3 2 7 0 1 4 
5 0 1 4 3 2 7 

381 5444991060530956129 1 7
5 0 8 4 2 3 6 

375 9440193517193050252 1 7
5 2 6 0 1 8 4 

351 15693516008192241928 1 7
3 2 6 1 0 8 4 

254 11037493984740942112 1 7
5 1 4 3 2 6 7 

251 6339669298936847666 1 7
5 3 6 7 1 0 4 

239 3134138764517881989 1 7
5 1 0 2 3 6 7 

223 2292963523609724612 2 7
0 1 4 3 2 6 7 
1 0 4 3 2 6 7 

127 17971267612230173561 1 7
5 3 2 6 0 1 4 

247 6081544521266737784 1 7
5 2 6 7 0 1 4 

253 9339159846174696274 1 7
5 0 4 2 3 6 7 

490 8240689953910180043 1 6
5 1 8 3 6 7 

442 13709180206166311971 1 6
5 3 7 1 8 4 

430 4041966900322090309 1 6
5 1 8 3 2 7 

427 8848231404179445089 1 6
5 3 7 1 0 8 

504 12370103213538557138 1 6
5 8 4 3 6 7 

492 15762601765999236804 2 6
5 8 3 2 6 7 
8 5 3 2 6 7 

489 16316535264338135849 1 6
5 0 8 3 6 7 

444 14895475871839470501 1 6
5 8 4 3 2 7 

441 11766589707144838402 1 6
5 3 7 0 8 4 

429 5176120986370632456 1 6
5 0 8 2 3 7 

498 12370103213538557138 1 6
5 6 7 1 8 4 

486 4458345377313222193 1 6
5 1 8 2 6 7 

483 2608252348174891660 1 6
5 6 7 1 0 8 

438 11456033147656423976 1 6
5 2 7 1 8 4 

435 1878505585483514020 2 6
5 7 1 0 8 4 
7 5 1 0 8 4 

423 11088323610387458786 1 6
5 2 7 0 1 8 

500 7657773738533340069 2 6
5 4 8 2 7 6 
5 8 4 2 6 7 

497 7657773738533340069 2 6
5 6 7 0 8 4 
5 7 6 0 4 8 

485 11790470415484607447 1 6
5 0 8 2 7 6 

474 8340812443974365221 2 6
1 8 4 3 6 7 
3 6 7 1 8 4 

437 11790470415484607447 1 6
5 2 7 0 8 4 

459 6062202394033593025 1 6
3 6 7 1 0 8 

462 5580202380098859470 1 6
1 8 3 2 6 7 

414 17713998264762948699 2 6
1 8 4 3 2 7 
1 8 4 2 3 7 

399 8793546071277390449 2 6
1 0 8 3 2 7 
1 0 8 2 3 7 

411 7990104328247157411 1 6
3 7 1 0 8 4 

413 33935749061831630 4 6
0 4 8 2 3 7 
0 4 8 3 2 7 
0 8 4 3 2 7 
0 8 4 2 3 7 

476 4632054525150775512 2 6
4 8 3 2 6 7 
8 4 3 2 6 7 

473 7569603486698736013 2 6
3 6 7 0 4 8 
3 6 7 0 8 4 

461 7990104328247157411 1 6
0 8 3 2 6 7 

455 8249383342495748990 2 6
2 6 7 1 0 8 
2 7 6 1 0 8 

467 4632054525150775512 2 6
6 7 1 0 8 4 
7 6 1 0 8 4 

470 7569603486698736013 2 6
1 8 4 2 7 6 
1 8 4 2 6 7 

469 18193052885323956928 8 6
0 4 8 2 7 6 
0 4 8 2 6 7 
0 8 4 2 7 6 
0 8 4 2 6 7 
2 6 7 0 4 8 
2 6 7 0 8 4 
2 7 6 0 4 8 
2 7 6 0 8 4 

378 8240689953910180043 1 6
5 3 6 1 8 4 

407 7990104328247157411 1 6
2 7 1 0 8 4 

366 2520466568024698752 1 6
5 1 8 3 2 6 

363 2520466568024698752 1 6
5 3 6 1 0 8 

303 7858735522080492545 1 6
5 3 2 0 1 8 

318 923374095536987215 1 6
5 3 2 1 8 4 

315 1673405816115181931 1 6
3 5 1 0 8 4 

380 2608252348174891660 1 6
5 8 4 3 2 6 

377 4458345377313222193 1 6
5 3 6 0 8 4 

317 16069198564768812173 1 6
5 2 3 0 8 4 

365 17101995842169048097 1 6
5 0 8 2 3 6 

374 16316535264338135849 1 6
5 2 6 1 8 4 

371 15762601765999236804 2 6
5 6 1 0 8 4 
6 5 1 0 8 4 

359 17101995842169048097 1 6
5 2 6 0 1 8 

311 10432881352302308088 1 6
2 5 0 1 8 4 

373 11790470415484607447 1 6
5 2 6 0 4 8 

335 154756735592143873 2 6
1 0 8 3 2 6 
3 2 6 1 0 8 

350 6062202394033593025 1 6
1 8 4 3 2 6 

347 5580202380098859470 1 6
3 6 1 0 8 4 

287 7029621361199930818 2 6
2 3 1 0 8 4 
3 2 1 0 8 4 

349 8249383342495748990 2 6
0 4 8 3 2 6 
0 8 4 3 2 6 

250 13709180206166311971 1 6
5 1 4 3 6 7 

343 7990104328247157411 1 6
2 6 1 0 8 4 

235 923374095536987215 1 6
5 1 0 3 6 7 

238 1673405816115181931 1 6
1 5 3 2 6 7 

175 16576437005824581443 2 6
5 1 0 2 3 7 
5 0 1 3 2 7 

252 1878505585483514020 2 6
4 5 3 2 6 7 
5 4 3 2 6 7 

190 13578239155314428911 1 6
5 1 4 3 2 7 

187 13578239155314428911 1 6
5 3 7 1 0 4 

237 10432881352302308088 1 6
0 5 2 3 6 7 

249 11456033147656423976 1 6
5 0 4 3 6 7 

189 13578239155314428911 1 6
5 0 4 2 3 7 

231 16069198564768812173 1 6
5 0 1 2 6 7 

246 11766589707144838402 1 6
5 1 4 2 6 7 

159 9974277938900172969 8 6
0 1 4 3 2 7 
0 1 4 2 3 7 
1 0 4 3 2 7 
1 0 4 2 3 7 
2 3 7 1 0 4 
2 3 7 0 1 4 
3 2 7 0 1 4 
3 2 7 1 0 4 

243 14895475871839470501 1 6
5 6 7 1 0 4 

183 13578239155314428911 1 6
5 2 7 0 1 4 

245 11790470415484607447 1 6
5 0 4 2 6 7 

219 17713998264762948699 2 6
3 6 7 1 0 4 
3 6 7 0 1 4 

207 7029621361199930818 2 6
0 1 3 2 6 7 
1 0 3 2 6 7 

222 7990104328247157411 1 6
1 4 3 2 6 7 

215 33935749061831630 4 6
2 6 7 1 0 4 
2 6 7 0 1 4 
2 7 6 0 1 4 
2 7 6 1 0 4 

126 8848231404179445089 1 6
5 1 4 3 2 6 

221 7990104328247157411 1 6
0 4 3 2 6 7 

111 7858735522080492545 1 6
5 1 0 2 3 6 

123 4041966900322090309 1 6
5 3 6 1 0 4 

63 16576437005824581443 2 6
5 2 3 1 0 4 
5 3 2 0 1 4 

119 5176120986370632456 1 6
5 2 6 0 1 4 

125 11088323610387458786 1 6
5 0 4 2 3 6 

95 8793546071277390449 2 6
3 2 6 0 1 4 
3 2 6 1 0 4 

426 5687679204035708467 1 5
5 1 8 3 7 

488 6295242608580558872 2 5
5 8 3 6 7 
8 5 3 6 7 

482 9560606714678679938 1 5
5 1 8 6 7 

440 1314320237588786228 1 5
5 3 7 8 4 

428 2745205311018678315 2 5
5 8 3 2 7 
8 5 3 2 7 

298 2938128104864643238 1 4
3 5 1 8 

41 2361156492905547982 2 3
0 3 5 
3 0 5 

354 15725396310838832048 2 4
5 6 1 8 
6 5 1 8 

97 10706753935364593016 2 3
0 5 6 
0 6 5 

294 8397334625162587836 1 4
2 5 1 8 

37 3519693191574693728 2 3
0 2 5 
2 0 5 

330 13461187978258175434 2 4
1 8 3 6 
3 6 1 8 

73 6486448604913209494 1 3
0 3 6 

270 1953978602712153383 2 4
1 8 3 2 
1 8 2 3 

13 17383987363454026160 2 3
0 2 3 
0 3 2 

282 529838076471764616 1 4
3 1 8 4 

25 11149028268085365730 1 3
3 0 4 

326 13796289709583244209 1 4
1 8 2 6 

69 11149028268085365730 1 3
0 2 6 

278 529838076471764616 1 4
2 1 8 4 

21 11149028268085365730 1 3
2 0 4 

178 6925972535638963533 2 4
5 7 1 4 
7 5 1 4 

163 5717025906857630614 4 4
5 7 0 1 
5 7 1 0 
7 5 1 0 
7 5 0 1 

420 2094911513554197192 2 4
5 8 2 7 
8 5 2 7 

177 6925972535638963533 2 4
5 7 0 4 
7 5 0 4 

434 3211452996141361856 2 5
5 7 1 8 4 
7 5 1 8 4 

195 4230604656947954310 4 4
0 1 6 7 
0 1 7 6 
1 0 6 7 
1 0 7 6 

210 7150496180077738619 2 4
1 4 6 7 
1 4 7 6 

209 7150496180077738619 2 4
0 4 6 7 
0 4 7 6 

466 17443941716167504307 2 5
6 7 1 8 4 
7 6 1 8 4 

360 15725396310838832048 2 4
5 8 3 6 
8 5 3 6 

103 13691843568591033794 1 5
5 2 6 0 1 

106 2938128104864643238 1 4
1 5 3 6 

300 17912309331370950559 2 4
5 8 3 2 
8 5 3 2 

43 3090918670154284758 1 4
3 5 1 0 

46 3090918670154284758 1 4
1 5 3 2 

312 11025324576651510866 1 4
3 5 8 4 

55 13346917055206335068 1 5
2 5 0 1 4 

58 12159194040976764615 1 4
3 5 1 4 

120 8686834486292627361 2 4
4 5 3 6 
5 4 3 6 

297 14315483891285730756 1 4
3 5 0 8 

170 12159194040976764615 1 4
1 5 3 7 

105 8397334625162587836 1 4
0 5 3 6 

362 8191131688945918907 2 5
5 3 6 1 8 
5 1 8 3 6 

60 5717025906857630614 4 4
4 5 2 3 
4 5 3 2 
5 4 3 2 
5 4 2 3 

45 3090918670154284758 1 4
0 5 2 3 

302 15578178418050445066 1 5
5 1 8 3 2 

368 15704017212081516077 2 4
5 6 4 8 
6 5 4 8 

114 13186717803197333524 2 4
5 6 1 4 
6 5 1 4 

184 6925972535638963533 2 4
4 5 3 7 
5 4 3 7 

57 15368499501652111834 1 4
3 5 0 4 

314 13688018836496900398 1 5
3 5 1 8 4 

356 6925972535638963533 2 4
5 8 2 6 
8 5 2 6 

99 17912309331370950559 2 4
5 6 1 0 
6 5 1 0 

102 14315483891285730756 1 4
1 5 2 6 

353 6925972535638963533 2 4
5 6 0 8 
6 5 0 8 

226 11025324576651510866 1 4
1 5 6 7 

293 12159194040976764615 1 4
2 5 0 8 

166 15368499501652111834 1 4
1 5 2 7 

39 3090918670154284758 1 4
2 5 0 1 

296 2512533711646785065 2 3
3 5 8 
3 8 5 

308 698476773254776664 2 4
2 5 4 8 
2 5 8 4 

54 15368499501652111834 1 4
2 5 1 4 

193 12585292063867719537 2 3
0 6 7 
0 7 6 

450 8950438065344213768 2 4
1 8 7 6 
1 8 6 7 

329 13796289709583244209 1 4
3 6 0 8 

202 529838076471764616 1 4
1 3 6 7 

75 1953978602712153383 2 4
3 6 0 1 
3 6 1 0 

56 10706753935364593016 2 3
3 4 5 
3 5 4 

313 9014220187794274253 1 5
3 5 0 8 4 

201 529838076471764616 1 4
0 3 6 7 

458 2544471438310254489 1 5
1 8 3 6 7 

74 6486448604913209494 1 3
1 3 6 

331 15253064470191739447 1 5
3 6 1 0 8 

269 17663828750069960505 2 4
0 8 3 2 
0 8 2 3 

142 9829021077594943929 2 4
1 2 3 7 
1 3 2 7 

15 8306545342144497768 8 4
0 1 2 3 
0 1 3 2 
1 0 2 3 
1 0 3 2 
2 3 0 1 
2 3 1 0 
3 2 1 0 
3 2 0 1 

52 10706753935364593016 2 3
2 4 5 
2 5 4 

309 10696886028888895771 2 5
2 5 0 4 8 
2 5 0 8 4 

141 9829021077594943929 2 4
0 2 3 7 
0 3 2 7 

398 12179503011420176981 2 5
1 8 3 2 7 
1 8 2 3 7 

14 17383987363454026160 2 3
1 2 3 
1 3 2 

271 9749464387221953812 2 5
2 3 1 0 8 
3 2 1 0 8 

165 12159194040976764615 1 4
0 5 2 7 

422 17253653929624369613 1 5
5 1 8 2 7 

292 10706753935364593016 2 3
2 5 8 
2 8 5 

38 2361156492905547982 2 3
1 2 5 
2 1 5 

295 17619755899674201481 1 5
2 5 0 1 8 

263 18190191940117714365 1 4
2 1 0 8 

6 17087753756477223945 2 2
1 2 
2 1 

9 17087753756477223945 2 2
0 3 
3 0 

266 6486448604913209494 1 3
3 1 8 

5 17087753756477223945 2 2
0 2 
2 0 

262 6486448604913209494 1 3
2 1 8 

197 15669754230730330559 2 4
0 2 6 7 
0 2 7 6 

454 6866216736986476997 2 5
1 8 2 7 6 
1 8 2 6 7 

70 11149028268085365730 1 3
1 2 6 

327 12496460193956787050 1 5
2 6 1 0 8 

133 11149028268085365730 1 3
0 2 7 

390 13796289709583244209 1 4
1 8 2 7 

10 17087753756477223945 2 2
1 3 
3 1 

267 18190191940117714365 1 4
3 1 0 8 

137 11149028268085365730 1 3
0 3 7 

394 13796289709583244209 1 4
1 8 3 7 

78 18190191940117714365 1 4
1 3 2 6 

225 698476773254776664 2 4
0 5 6 7 
0 5 7 6 

98 2512533711646785065 2 3
1 5 6 
1 6 5 

355 14124562063877727792 2 5
5 6 1 0 8 
6 5 1 0 8 

112 12260785478939447192 6 3
4 5 6 
4 6 5 
5 4 6 
5 6 4 
6 5 4 
6 4 5 

369 14147606527444079698 2 5
5 6 0 4 8 
6 5 0 4 8 

180 6925972535638963533 2 4
4 5 2 7 
5 4 2 7 

53 12159194040976764615 1 4
2 5 0 4 

310 8232652801974800287 1 5
2 5 1 8 4 

134 11149028268085365730 1 3
1 2 7 

391 12496460193956787050 1 5
2 7 1 0 8 

7 17383987363454026160 2 3
2 1 0 
2 0 1 

261 11149028268085365730 1 3
2 0 8 

101 12159194040976764615 1 4
0 5 2 6 

358 8625495180321724595 1 5
5 1 8 2 6 

135 17663828750069960505 2 4
2 7 0 1 
2 7 1 0 

85 15406660600063173003 2 4
0 4 2 6 
2 6 0 4 

342 6610907291125018627 1 5
2 6 1 8 4 

161 10706753935364593016 2 3
0 5 7 
0 7 5 

418 8686834486292627361 2 4
5 7 1 8 
7 5 1 8 

194 12585292063867719537 2 3
1 6 7 
1 7 6 

451 1216723659735808329 2 5
6 7 1 0 8 
7 6 1 0 8 

153 15406660600063173003 2 4
0 4 3 7 
3 7 0 4 

410 6610907291125018627 1 5
3 7 1 8 4 

26 11149028268085365730 1 3
3 1 4 

283 13024210261977407576 1 5
3 1 0 8 4 

280 12585292063867719537 2 3
3 4 8 
3 8 4 

23 9829021077594943929 2 4
2 1 0 4 
2 0 1 4 

149 15406660600063173003 2 4
0 4 2 7 
2 7 0 4 

406 6610907291125018627 1 5
2 7 1 8 4 

22 11149028268085365730 1 3
2 1 4 

279 13024210261977407576 1 5
2 1 0 8 4 

276 12585292063867719537 2 3
2 4 8 
2 8 4 

11 17383987363454026160 2 3
3 1 0 
3 0 1 

138 11149028268085365730 1 3
1 3 7 

395 12496460193956787050 1 5
3 7 1 0 8 

265 11149028268085365730 1 3
3 0 8 

29 17663828750069960505 2 4
0 4 3 2 
0 4 2 3 

286 4143356442949502389 2 5
2 3 1 8 4 
3 2 1 8 4 

139 17663828750069960505 2 4
3 7 0 1 
3 7 1 0 

89 13796289709583244209 1 4
3 6 0 4 

346 2544471438310254489 1 5
3 6 1 8 4 

284 4230604656947954310 4 4
2 3 4 8 
2 3 8 4 
3 2 4 8 
3 2 8 4 

27 9829021077594943929 2 4
3 1 0 4 
3 0 1 4 

30 17663828750069960505 2 4
1 4 3 2 
1 4 2 3 

169 15368499501652111834 1 4
0 5 3 7 

42 3519693191574693728 2 3
1 3 5 
3 1 5 

299 1200122143081979852 1 5
3 5 1 0 8 

162 10706753935364593016 2 3
1 5 7 
1 7 5 

419 7873255866756797050 2 5
5 7 1 0 8 
7 5 1 0 8 

416 12260785478939447192 6 3
5 7 8 
5 8 7 
7 5 8 
7 8 5 
8 7 5 
8 5 7 

277 15669754230730330559 2 4
2 0 4 8 
2 0 8 4 

150 15406660600063173003 2 4
1 4 2 7 
2 7 1 4 

325 15406660600063173003 2 4
0 8 2 6 
2 6 0 8 

198 15669754230730330559 2 4
1 2 6 7 
1 2 7 6 

71 17663828750069960505 2 4
2 6 0 1 
2 6 1 0 

340 7150496180077738619 2 4
2 6 4 8 
2 6 8 4 

86 15406660600063173003 2 4
1 4 2 6 
2 6 1 4 

281 15669754230730330559 2 4
3 0 4 8 
3 0 8 4 

154 15406660600063173003 2 4
1 4 3 7 
3 7 1 4 

77 18190191940117714365 1 4
0 3 2 6 

334 15253064470191739447 1 5
1 8 3 2 6 

344 8950438065344213768 2 4
3 6 4 8 
3 6 8 4 

87 772038652885336484 2 5
2 6 0 1 4 
2 6 1 0 4 

90 13796289709583244209 1 4
3 6 1 4 

240 15704017212081516077 2 4
4 5 6 7 
5 4 6 7 

113 2094911513554197192 2 4
5 6 0 4 
6 5 0 4 

370 6295242608580558872 2 5
5 6 1 8 4 
6 5 1 8 4 

116 2094911513554197192 2 4
4 5 2 6 
5 4 2 6 

389 15406660600063173003 2 4
0 8 2 7 
2 7 0 8 

404 7150496180077738619 2 4
2 7 4 8 
2 7 8 4 

449 7150496180077738619 2 4
0 8 7 6 
0 8 6 7 

464 13150025586414177241 8 4
4 8 7 6 
4 8 6 7 
6 7 4 8 
6 7 8 4 
7 6 4 8 
7 6 8 4 
8 4 7 6 
8 4 6 7 

393 15406660600063173003 2 4
0 8 3 7 
3 7 0 8 

408 7150496180077738619 2 4
3 7 4 8 
3 7 8 4 

151 772038652885336484 2 5
2 7 0 1 4 
2 7 1 0 4 

417 2094911513554197192 2 4
5 7 0 8 
7 5 0 8 

432 15704017212081516077 2 4
5 7 8 4 
7 5 8 4 

480 15704017212081516077 2 4
5 8 7 6 
8 5 7 6 

424 13186717803197333524 2 4
5 8 3 7 
8 5 3 7 

167 10644554537150268076 1 5
5 2 7 0 1 

93 12496460193956787050 1 5
0 4 3 2 6 

94 12496460193956787050 1 5
1 4 3 2 6 

79 9749464387221953812 2 5
0 1 3 2 6 
1 0 3 2 6 

91 12179503011420176981 2 5
3 6 0 1 4 
3 6 1 0 4 

348 1216723659735808329 2 5
4 8 3 2 6 
8 4 3 2 6 

31 13959622104876240922 4 5
2 3 0 1 4 
2 3 1 0 4 
3 2 1 0 4 
3 2 0 1 4 

117 256702054193225696 2 5
5 2 6 0 4 
5 0 4 2 6 

115 2745205311018678315 2 5
5 6 1 0 4 
6 5 1 0 4 

372 3212215444823187638 1 5
5 2 6 4 8 

118 752049474382680048 1 5
5 1 4 2 6 

61 10644554537150268076 1 5
5 0 4 2 3 

109 17619755899674201481 1 5
0 5 2 3 6 

121 17253653929624369613 1 5
5 3 6 0 4 

124 7873255866756797050 2 5
4 5 3 2 6 
5 4 3 2 6 

59 13346917055206335068 1 5
3 5 1 0 4 

316 4700516104397759652 1 5
5 3 2 8 4 

62 10644554537150268076 1 5
5 1 4 3 2 

110 1200122143081979852 1 5
1 5 3 2 6 

107 15578178418050445066 1 5
5 3 6 1 0 

364 14124562063877727792 2 5
5 8 3 2 6 
8 5 3 2 6 

122 5687679204035708467 1 5
5 3 6 1 4 

213 1170858302316114891 2 5
0 4 2 6 7 
0 4 2 7 6 

47 9850512095523943161 4 5
5 1 0 2 3 
5 2 3 1 0 
5 3 2 0 1 
5 0 1 3 2 

214 1170858302316114891 2 5
1 4 2 6 7 
1 4 2 7 6 

199 17816078602315499171 4 5
0 1 2 6 7 
0 1 2 7 6 
1 0 2 6 7 
1 0 2 7 6 

157 772038652885336484 2 5
0 4 3 2 7 
0 4 2 3 7 

211 16325884511259221329 4 5
6 7 0 1 4 
6 7 1 0 4 
7 6 1 0 4 
7 6 0 1 4 

468 5985004378282824371 4 5
4 8 2 7 6 
4 8 2 6 7 
8 4 2 7 6 
8 4 2 6 7 

205 13024210261977407576 1 5
0 3 2 6 7 

217 6610907291125018627 1 5
0 4 3 6 7 

155 772038652885336484 2 5
3 7 0 1 4 
3 7 1 0 4 

412 16325884511259221329 4 5
4 8 2 3 7 
4 8 3 2 7 
8 4 3 2 7 
8 4 2 3 7 

158 772038652885336484 2 5
1 4 3 2 7 
1 4 2 3 7 

206 13024210261977407576 1 5
1 3 2 6 7 

143 13959622104876240922 4 5
0 1 2 3 7 
0 1 3 2 7 
1 0 2 3 7 
1 0 3 2 7 

203 4143356442949502389 2 5
0 1 3 6 7 
1 0 3 6 7 

218 6610907291125018627 1 5
1 4 3 6 7 

241 3212215444823187638 1 5
5 0 4 6 7 

229 10696886028888895771 2 5
0 5 2 6 7 
0 5 2 7 6 

181 4729197768228215044 2 5
5 2 7 0 4 
5 0 4 2 7 

182 6267612268663428785 2 5
5 2 7 1 4 
5 1 4 2 7 

244 14147606527444079698 2 5
4 5 2 6 7 
5 4 2 6 7 

179 4296084766665496239 4 5
5 7 0 1 4 
5 7 1 0 4 
7 5 1 0 4 
7 5 0 1 4 

436 3212215444823187638 1 5
5 2 7 8 4 

227 4700516104397759652 1 5
5 1 0 6 7 

484 14147606527444079698 2 5
5 8 2 7 6 
8 5 2 7 6 

230 9014220187794274253 1 5
1 5 2 6 7 

173 13346917055206335068 1 5
0 5 2 3 7 

185 6267612268663428785 2 5
5 3 7 0 4 
5 0 4 3 7 

242 1314320237588786228 1 5
5 1 4 6 7 

188 4296084766665496239 4 5
4 5 2 3 7 
4 5 3 2 7 
5 4 3 2 7 
5 4 2 3 7 

248 3211452996141361856 2 5
4 5 3 6 7 
5 4 3 6 7 

233 8232652801974800287 1 5
0 5 3 6 7 

171 10644554537150268076 1 5
5 3 7 1 0 

186 4729197768228215044 2 5
5 3 7 1 4 
5 1 4 3 7 

174 13346917055206335068 1 5
1 5 3 2 7 

234 13688018836496900398 1 5
1 5 3 6 7 

341 1170858302316114891 2 5
2 6 0 4 8 
2 6 0 8 4 

345 6866216736986476997 2 5
3 6 0 4 8 
3 6 0 8 4 

333 12496460193956787050 1 5
0 8 3 2 6 

285 17816078602315499171 4 5
2 3 0 4 8 
2 3 0 8 4 
3 2 0 4 8 
3 2 0 8 4 

357 4729197768228215044 2 5
5 2 6 0 8 
5 0 8 2 6 

301 13691843568591033794 1 5
5 0 8 2 3 

361 8625495180321724595 1 5
5 3 6 0 8 

376 9560606714678679938 1 5
5 3 6 8 4 

405 1170858302316114891 2 5
2 7 0 4 8 
2 7 0 8 4 

453 1170858302316114891 2 5
0 8 2 7 6 
0 8 2 6 7 

465 5985004378282824371 4 5
6 7 0 4 8 
6 7 0 8 4 
7 6 0 4 8 
7 6 0 8 4 

409 1170858302316114891 2 5
3 7 0 4 8 
3 7 0 8 4 

457 6610907291125018627 1 5
0 8 3 6 7 

397 772038652885336484 2 5
0 8 3 2 7 
0 8 2 3 7 

472 17443941716167504307 2 5
4 8 3 6 7 
8 4 3 6 7 

421 256702054193225696 2 5
5 2 7 0 8 
5 0 8 2 7 

433 14147606527444079698 2 5
5 7 0 8 4 
7 5 0 8 4 

481 3212215444823187638 1 5
5 0 8 7 6 

496 15397974748116556752 4 5
5 4 8 7 6 
5 6 7 8 4 
5 7 6 4 8 
5 8 4 6 7 

425 752049474382680048 1 5
5 3 7 0 8 

