mercedes[0,0,0,0,0,0,0,0,0,0,0,0]*(-a6-a3-a7-a10+d-2*a2)
mercedes[0,0,-1,1,0,0,0,0,0,0,0,0]*(-a3)
mercedes[0,0,-1,0,0,0,0,0,0,0,1,0]*(-a10)
mercedes[0,-1,0,0,0,0,1,0,0,0,0,0]*(a6)
mercedes[0,0,-1,0,0,0,1,0,0,0,0,0]*(-a6)
mercedes[0,0,0,0,0,0,0,1,0,0,0,0]*(-a7)
mercedes[0,0,-1,0,0,0,0,1,0,0,0,0]*(-a7)
mercedes[0,0,0,0,-1,0,0,1,0,0,0,0]*(-a7)
mercedes[0,0,0,0,0,-1,0,1,0,0,0,0]*(a7)
mercedes[0,0,0,0,0,0,0,1,0,0,0,-1]*(a7)

mercedes[0,0,0,0,0,0,0,0,0,0,0,0]*(-a6-a9-2*a0-a1+d-a8)
mercedes[-1,1,0,0,0,0,0,0,0,0,0,0]*(-a1)
mercedes[-1,0,0,0,0,0,0,0,0,1,0,0]*(-a9)
mercedes[0,1,0,0,0,0,0,0,0,0,0,0]*(a1)
mercedes[-1,0,0,0,0,0,1,0,0,0,0,0]*(-a6)
mercedes[0,0,-1,0,0,0,1,0,0,0,0,0]*(-a6)
mercedes[0,0,0,-1,0,0,1,0,0,0,0,0]*(a6)
mercedes[0,0,0,0,0,-1,0,0,1,0,0,0]*(a8)
mercedes[0,0,0,0,0,0,1,0,0,0,-1,0]*(a6)
mercedes[0,0,0,0,0,0,1,0,0,0,0,0]*(a6)
mercedes[-1,0,0,0,0,0,0,0,1,0,0,0]*(-a8)

mercedes[0,0,0,0,0,0,0,0,0,0,0,0]*(-a7-2*a4+d-a11-a5-a8)
mercedes[0,0,0,0,-1,1,0,0,0,0,0,0]*(-a5)
mercedes[0,0,0,0,0,0,0,0,0,0,0,1]*(a11)
mercedes[0,0,0,-1,0,0,0,1,0,0,0,0]*(a7)
mercedes[0,0,0,0,-1,0,0,1,0,0,0,0]*(-a7)
mercedes[0,0,0,0,-1,0,0,0,0,0,0,1]*(-a11)
mercedes[-1,0,0,0,0,0,0,0,1,0,0,0]*(-a8)
mercedes[0,-1,0,0,0,0,0,0,1,0,0,0]*(a8)
mercedes[0,0,0,0,-1,0,0,0,1,0,0,0]*(-a8)
mercedes[0,0,0,0,0,0,0,0,1,0,0,0]*(-a8)
mercedes[0,0,0,0,0,0,0,0,1,-1,0,0]*(a8)

mercedes[0,0,0,0,0,0,0,0,0,0,0,0]*(-a9+a0)
mercedes[1,0,0,0,0,0,0,0,0,-1,0,0]*(-a0)
mercedes[-1,1,0,0,0,0,0,0,0,0,0,0]*(a1)
mercedes[0,1,0,0,0,0,0,0,0,-1,0,0]*(-a1)
mercedes[0,1,0,0,0,0,0,0,0,0,0,0]*(a1)
mercedes[-1,0,0,0,0,0,1,0,0,0,0,0]*(a6)
mercedes[0,0,-1,0,0,0,1,0,0,0,0,0]*(-a6)
mercedes[0,0,0,-1,0,0,1,0,0,0,0,0]*(a6)
mercedes[0,0,0,0,0,0,1,0,0,-1,0,0]*(-a6)
mercedes[0,0,0,0,0,0,1,0,0,0,0,0]*(a6)
mercedes[-1,0,0,0,0,0,0,0,1,0,0,0]*(a8)
mercedes[0,0,0,0,-1,0,0,0,1,0,0,0]*(2*a8)
mercedes[0,0,0,0,0,-1,0,0,1,0,0,0]*(-a8)
mercedes[0,0,0,0,0,0,0,0,1,-1,0,0]*(-a8)
mercedes[0,0,0,0,0,0,0,0,1,0,0,-1]*(-a8)
mercedes[0,0,0,0,0,0,0,0,1,0,0,0]*(2*a8)
mercedes[-1,0,0,0,0,0,0,0,0,1,0,0]*(a9)

mercedes[0,0,0,0,0,0,0,0,0,0,0,0]*(-a3+a2)
mercedes[0,0,1,-1,0,0,0,0,0,0,0,0]*(-a2)
mercedes[0,0,-1,1,0,0,0,0,0,0,0,0]*(a3)
mercedes[0,0,0,0,0,0,0,0,0,0,1,0]*(-a10)
mercedes[-1,0,0,0,0,0,1,0,0,0,0,0]*(-a6)
mercedes[0,0,-1,0,0,0,1,0,0,0,0,0]*(a6)
mercedes[0,0,0,-1,0,0,1,0,0,0,0,0]*(-a6)
mercedes[0,0,0,0,0,0,1,0,0,-1,0,0]*(a6)
mercedes[0,0,0,0,0,0,1,0,0,0,0,0]*(-a6)
mercedes[0,0,-1,0,0,0,0,1,0,0,0,0]*(a7)
mercedes[0,0,0,-1,0,0,0,1,0,0,0,0]*(-a7)
mercedes[0,0,0,0,-1,0,0,1,0,0,0,0]*(2*a7)
mercedes[0,0,0,0,0,-1,0,1,0,0,0,0]*(-a7)
mercedes[0,0,0,0,0,0,0,1,0,0,0,-1]*(-a7)
mercedes[0,0,0,0,0,0,0,1,0,0,0,0]*(a7)
mercedes[0,0,-1,0,0,0,0,0,0,0,1,0]*(a10)
mercedes[0,0,0,-1,0,0,0,0,0,0,1,0]*(-a10)

mercedes[0,0,0,0,0,0,0,0,0,0,0,0]*(a4-a11)
mercedes[0,0,0,0,1,0,0,0,0,0,0,-1]*(-a4)
mercedes[0,0,0,0,1,0,0,0,0,0,0,0]*(a4)
mercedes[0,0,0,0,-1,1,0,0,0,0,0,0]*(a5)
mercedes[0,0,0,0,0,1,0,0,0,0,0,-1]*(-a5)
mercedes[0,0,0,0,0,1,0,0,0,0,0,0]*(2*a5)
mercedes[0,0,-1,0,0,0,0,1,0,0,0,0]*(2*a7)
mercedes[0,0,0,-1,0,0,0,1,0,0,0,0]*(-a7)
mercedes[0,0,0,0,-1,0,0,1,0,0,0,0]*(a7)
mercedes[0,0,0,0,0,0,0,1,0,0,-1,0]*(-a7)
mercedes[0,0,0,0,0,0,0,1,0,0,0,-1]*(-a7)
mercedes[-1,0,0,0,0,0,0,0,1,0,0,0]*(-a8)
mercedes[0,-1,0,0,0,0,0,0,1,0,0,0]*(a8)
mercedes[0,0,0,0,-1,0,0,0,1,0,0,0]*(a8)
mercedes[0,0,0,0,0,0,0,0,1,0,0,-1]*(-a8)
mercedes[0,0,0,0,0,0,0,0,1,0,0,0]*(a8)
mercedes[0,0,0,0,-1,0,0,0,0,0,0,1]*(a11)
mercedes[0,0,0,0,0,0,0,0,0,0,0,1]*(-a11)

mercedes[0,0,0,0,0,0,0,0,0,0,0,0]*(a0-a1)
mercedes[1,-1,0,0,0,0,0,0,0,0,0,0]*(-a0)
mercedes[1,0,0,0,0,0,0,0,0,0,0,0]*(a0)
mercedes[-1,1,0,0,0,0,0,0,0,0,0,0]*(a1)
mercedes[0,0,0,0,0,0,0,0,0,1,0,0]*(2*a9)
mercedes[0,1,0,0,0,0,0,0,0,0,0,0]*(-a1)
mercedes[-1,0,0,0,0,0,1,0,0,0,0,0]*(a6)
mercedes[0,-1,0,0,0,0,1,0,0,0,0,0]*(-a6)
mercedes[0,0,-1,0,0,0,1,0,0,0,0,0]*(2*a6)
mercedes[0,0,0,-1,0,0,1,0,0,0,0,0]*(-a6)
mercedes[0,0,0,0,0,0,1,0,0,0,-1,0]*(-a6)
mercedes[0,0,0,0,0,0,1,0,0,0,0,0]*(-a6)
mercedes[-1,0,0,0,0,0,0,0,1,0,0,0]*(a8)
mercedes[0,-1,0,0,0,0,0,0,1,0,0,0]*(-a8)
mercedes[0,0,0,0,-1,0,0,0,1,0,0,0]*(-a8)
mercedes[0,0,0,0,0,0,0,0,1,0,0,-1]*(a8)
mercedes[0,0,0,0,0,0,0,0,1,0,0,0]*(-a8)
mercedes[-1,0,0,0,0,0,0,0,0,1,0,0]*(a9)
mercedes[0,-1,0,0,0,0,0,0,0,1,0,0]*(-a9)

mercedes[0,0,0,0,0,0,0,0,0,0,0,0]*(a3+a10-2*a2)
mercedes[0,0,1,-1,0,0,0,0,0,0,0,0]*(a2)
mercedes[0,0,1,0,0,0,0,0,0,0,-1,0]*(a2)
mercedes[0,0,-1,1,0,0,0,0,0,0,0,0]*(-2*a3)
mercedes[0,0,0,0,0,0,0,0,0,0,1,0]*(a10)
mercedes[0,0,0,1,0,0,0,0,0,0,-1,0]*(a3)
mercedes[0,0,0,1,0,0,0,0,0,0,0,0]*(a3)
mercedes[-1,0,0,0,0,0,1,0,0,0,0,0]*(-a6)
mercedes[0,-1,0,0,0,0,1,0,0,0,0,0]*(a6)
mercedes[0,0,-1,0,0,0,1,0,0,0,0,0]*(-2*a6)
mercedes[0,0,0,-1,0,0,1,0,0,0,0,0]*(a6)
mercedes[0,0,0,0,0,0,1,0,0,0,-1,0]*(a6)
mercedes[0,0,0,0,0,0,1,0,0,0,0,0]*(a6)
mercedes[0,0,-1,0,0,0,0,1,0,0,0,0]*(-2*a7)
mercedes[0,0,0,-1,0,0,0,1,0,0,0,0]*(a7)
mercedes[0,0,0,0,-1,0,0,1,0,0,0,0]*(-a7)
mercedes[0,0,0,0,0,0,0,1,0,0,-1,0]*(a7)
mercedes[0,0,0,0,0,0,0,1,0,0,0,-1]*(a7)
mercedes[0,0,-1,0,0,0,0,0,0,0,1,0]*(-2*a10)
mercedes[0,0,0,-1,0,0,0,0,0,0,1,0]*(a10)

mercedes[0,0,0,0,0,0,0,0,0,0,0,0]*(-2*a4+a11+a5)
mercedes[0,0,0,0,1,-1,0,0,0,0,0,0]*(a4)
mercedes[0,0,0,0,1,0,0,0,0,0,0,-1]*(a4)
mercedes[0,0,0,0,1,0,0,0,0,0,0,0]*(-a4)
mercedes[0,0,0,0,-1,1,0,0,0,0,0,0]*(-2*a5)
mercedes[0,0,0,0,0,-1,0,0,0,0,0,1]*(a11)
mercedes[0,0,0,0,0,1,0,0,0,0,0,-1]*(a5)
mercedes[0,0,0,0,0,1,0,0,0,0,0,0]*(-2*a5)
mercedes[0,0,-1,0,0,0,0,1,0,0,0,0]*(-a7)
mercedes[0,0,0,-1,0,0,0,1,0,0,0,0]*(a7)
mercedes[0,0,0,0,-1,0,0,1,0,0,0,0]*(-2*a7)
mercedes[0,0,0,0,0,-1,0,1,0,0,0,0]*(a7)
mercedes[0,0,0,0,0,0,0,1,0,0,0,-1]*(a7)
mercedes[0,0,0,0,0,0,0,1,0,0,0,0]*(-a7)
mercedes[-1,0,0,0,0,0,0,0,1,0,0,0]*(-a8)
mercedes[0,0,0,0,-1,0,0,0,1,0,0,0]*(-2*a8)
mercedes[0,0,0,0,0,-1,0,0,1,0,0,0]*(a8)
mercedes[0,0,0,0,0,0,0,0,1,-1,0,0]*(a8)
mercedes[0,0,0,0,0,0,0,0,1,0,0,-1]*(a8)
mercedes[0,0,0,0,0,0,0,0,1,0,0,0]*(-2*a8)
mercedes[0,0,0,0,-1,0,0,0,0,0,0,1]*(-2*a11)

mercedes[1,-1,0,0,0,0,0,0,0,0,0,0]*(-a0)
mercedes[1,0,-1,0,0,0,0,0,0,0,0,0]*(a0)
mercedes[1,0,0,-1,0,0,0,0,0,0,0,0]*(-a0)
mercedes[1,0,0,0,0,0,-1,0,0,0,0,0]*(a0)
mercedes[1,0,0,0,0,0,0,0,0,0,-1,0]*(-a0)
mercedes[0,0,0,0,0,0,0,0,0,0,0,0]*(a6-a1)
mercedes[0,1,-1,0,0,0,0,0,0,0,0,0]*(-a1)
mercedes[0,1,0,0,0,0,-1,0,0,0,0,0]*(a1)
mercedes[0,-1,0,0,0,0,1,0,0,0,0,0]*(-a6)
mercedes[0,0,-1,0,0,0,1,0,0,0,0,0]*(a6)
mercedes[0,0,0,0,0,0,0,0,0,1,-1,0]*(-a9)
mercedes[0,-1,0,0,0,0,0,0,1,0,0,0]*(-a8)
mercedes[0,0,0,0,-1,0,0,0,1,0,0,0]*(-a8)
mercedes[0,0,0,0,0,-1,0,0,1,0,0,0]*(a8)
mercedes[0,0,0,0,0,0,-1,0,1,0,0,0]*(a8)
mercedes[0,0,0,0,0,0,0,-1,1,0,0,0]*(-a8)
mercedes[0,0,0,0,0,0,0,0,1,0,0,-1]*(a8)
mercedes[0,0,0,0,0,0,0,0,1,0,0,0]*(-a8)
mercedes[0,-1,0,0,0,0,0,0,0,1,0,0]*(-a9)
mercedes[0,0,-1,0,0,0,0,0,0,1,0,0]*(2*a9)
mercedes[0,0,0,-1,0,0,0,0,0,1,0,0]*(-2*a9)
mercedes[0,0,0,0,0,0,-1,0,0,1,0,0]*(a9)

mercedes[-1,0,0,0,1,0,0,0,0,0,0,0]*(a4)
mercedes[0,-1,0,0,1,0,0,0,0,0,0,0]*(-a4)
mercedes[0,0,0,0,1,-1,0,0,0,0,0,0]*(-a4)
mercedes[0,0,0,0,1,0,0,0,-1,0,0,0]*(a4)
mercedes[0,0,0,0,1,0,0,0,0,-1,0,0]*(-a4)
mercedes[0,0,0,0,1,0,0,0,0,0,0,0]*(a4)
mercedes[-1,0,0,0,0,1,0,0,0,0,0,0]*(-a5)
mercedes[0,0,0,0,0,0,0,0,0,0,0,0]*(-a5+a8)
mercedes[0,0,0,0,0,1,0,0,-1,0,0,0]*(a5)
mercedes[0,0,-1,0,0,0,0,1,0,0,0,0]*(-a7)
mercedes[0,0,0,-1,0,0,0,1,0,0,0,0]*(a7)
mercedes[0,0,0,0,0,-1,0,1,0,0,0,0]*(-a7)
mercedes[0,0,0,0,0,0,-1,1,0,0,0,0]*(-a7)
mercedes[0,0,0,0,0,0,0,1,-1,0,0,0]*(a7)
mercedes[0,0,0,0,0,0,0,1,0,0,-1,0]*(a7)
mercedes[0,0,0,0,0,0,0,1,0,0,0,0]*(a7)
mercedes[-1,0,0,0,0,0,0,0,1,0,0,0]*(a8)
mercedes[0,0,0,0,0,-1,0,0,1,0,0,0]*(-a8)
mercedes[0,0,0,0,0,0,0,0,0,0,0,1]*(2*a11)
mercedes[-1,0,0,0,0,0,0,0,0,0,0,1]*(2*a11)
mercedes[0,-1,0,0,0,0,0,0,0,0,0,1]*(-2*a11)
mercedes[0,0,0,0,0,-1,0,0,0,0,0,1]*(-a11)
mercedes[0,0,0,0,0,0,0,0,-1,0,0,1]*(a11)
mercedes[0,0,0,0,0,0,0,0,0,-1,0,1]*(-a11)

mercedes[0,0,1,-1,0,0,0,0,0,0,0,0]*(-a2)
mercedes[0,0,1,0,-1,0,0,0,0,0,0,0]*(a2)
mercedes[0,0,1,0,0,-1,0,0,0,0,0,0]*(-a2)
mercedes[0,0,1,0,0,0,0,-1,0,0,0,0]*(a2)
mercedes[0,0,1,0,0,0,0,0,0,0,0,-1]*(-a2)
mercedes[0,0,1,0,0,0,0,0,0,0,0,0]*(a2)
mercedes[0,0,0,0,0,0,0,0,0,0,0,0]*(-a3+a7)
mercedes[0,0,0,1,-1,0,0,0,0,0,0,0]*(-a3)
mercedes[0,0,0,1,0,0,0,-1,0,0,0,0]*(a3)
mercedes[-1,0,0,0,0,0,1,0,0,0,0,0]*(-a6)
mercedes[0,-1,0,0,0,0,1,0,0,0,0,0]*(a6)
mercedes[0,0,0,-1,0,0,1,0,0,0,0,0]*(-a6)
mercedes[0,0,0,0,0,0,1,-1,0,0,0,0]*(a6)
mercedes[0,0,0,0,0,0,1,0,-1,0,0,0]*(-a6)
mercedes[0,0,0,0,0,0,1,0,0,-1,0,0]*(a6)
mercedes[0,0,0,0,0,0,1,0,0,0,0,0]*(-a6)
mercedes[0,0,0,-1,0,0,0,1,0,0,0,0]*(-a7)
mercedes[0,0,0,0,-1,0,0,1,0,0,0,0]*(a7)
mercedes[0,0,0,0,0,0,0,0,0,0,1,0]*(a10)
mercedes[0,0,0,-1,0,0,0,0,0,0,1,0]*(-a10)
mercedes[0,0,0,0,-1,0,0,0,0,0,1,0]*(2*a10)
mercedes[0,0,0,0,0,-1,0,0,0,0,1,0]*(-2*a10)
mercedes[0,0,0,0,0,0,0,-1,0,0,1,0]*(a10)
mercedes[0,0,0,0,0,0,0,0,0,0,1,-1]*(-a10)

mercedes[0,-1,1,0,0,0,0,0,0,0,0,0]*(-a2)
mercedes[0,0,0,0,0,0,0,0,0,0,0,0]*(a6-a3-a10+a2)
mercedes[0,0,1,-1,0,0,0,0,0,0,0,0]*(-a2)
mercedes[0,0,1,0,0,0,-1,0,0,0,0,0]*(a2)
mercedes[0,0,1,0,0,0,0,0,0,0,-1,0]*(-a2)
mercedes[-1,0,0,1,0,0,0,0,0,0,0,0]*(a3)
mercedes[0,-1,0,1,0,0,0,0,0,0,0,0]*(-a3)
mercedes[0,0,-1,1,0,0,0,0,0,0,0,0]*(a3)
mercedes[0,0,0,0,0,0,0,0,0,0,1,0]*(-a10)
mercedes[0,0,0,1,0,0,-1,0,0,0,0,0]*(a3)
mercedes[0,0,0,1,0,0,0,0,0,-1,0,0]*(-a3)
mercedes[0,0,0,1,0,0,0,0,0,0,-1,0]*(-a3)
mercedes[-1,0,0,0,0,0,1,0,0,0,0,0]*(a6)
mercedes[0,0,-1,0,0,0,1,0,0,0,0,0]*(a6)
mercedes[0,0,0,-1,0,0,1,0,0,0,0,0]*(-a6)
mercedes[0,0,0,0,0,0,0,0,0,-1,1,0]*(a10)
mercedes[0,0,0,0,0,0,1,0,0,0,-1,0]*(-a6)
mercedes[0,0,0,0,0,0,1,0,0,0,0,0]*(-a6)
mercedes[0,0,-1,0,0,0,0,1,0,0,0,0]*(a7)
mercedes[0,0,0,-1,0,0,0,1,0,0,0,0]*(-a7)
mercedes[0,0,0,0,0,-1,0,1,0,0,0,0]*(a7)
mercedes[0,0,0,0,0,0,-1,1,0,0,0,0]*(a7)
mercedes[0,0,0,0,0,0,0,1,-1,0,0,0]*(-a7)
mercedes[0,0,0,0,0,0,0,1,0,0,-1,0]*(-a7)
mercedes[0,0,0,0,0,0,0,1,0,0,0,0]*(-a7)
mercedes[-1,0,0,0,0,0,0,0,0,0,1,0]*(-2*a10)
mercedes[0,0,-1,0,0,0,0,0,0,0,1,0]*(a10)
mercedes[0,0,0,-1,0,0,0,0,0,0,1,0]*(-a10)
mercedes[0,0,0,0,0,0,-1,0,0,0,1,0]*(a10)

mercedes[0,0,0,0,0,0,0,0,0,0,0,0]*(-a9+a0-a1+a8)
mercedes[1,-1,0,0,0,0,0,0,0,0,0,0]*(-a0)
mercedes[1,0,0,0,0,-1,0,0,0,0,0,0]*(-a0)
mercedes[1,0,0,0,0,0,0,0,-1,0,0,0]*(a0)
mercedes[1,0,0,0,0,0,0,0,0,-1,0,0]*(-a0)
mercedes[1,0,0,0,0,0,0,0,0,0,0,0]*(a0)
mercedes[-1,1,0,0,0,0,0,0,0,0,0,0]*(a1)
mercedes[0,0,0,0,0,0,0,0,0,1,0,-1]*(a9)
mercedes[0,1,0,0,-1,0,0,0,0,0,0,0]*(a1)
mercedes[0,1,0,0,0,-1,0,0,0,0,0,0]*(-a1)
mercedes[0,1,0,0,0,0,0,0,-1,0,0,0]*(a1)
mercedes[0,1,0,0,0,0,0,0,0,-1,0,0]*(-a1)
mercedes[0,1,0,0,0,0,0,0,0,0,0,-1]*(-a1)
mercedes[0,1,0,0,0,0,0,0,0,0,0,0]*(2*a1)
mercedes[-1,0,0,0,0,0,1,0,0,0,0,0]*(a6)
mercedes[0,-1,0,0,0,0,1,0,0,0,0,0]*(-a6)
mercedes[0,0,0,-1,0,0,1,0,0,0,0,0]*(a6)
mercedes[0,0,0,0,0,0,1,-1,0,0,0,0]*(-a6)
mercedes[0,0,0,0,0,0,1,0,-1,0,0,0]*(a6)
mercedes[0,0,0,0,0,0,1,0,0,-1,0,0]*(-a6)
mercedes[0,0,0,0,0,0,1,0,0,0,0,0]*(a6)
mercedes[-1,0,0,0,0,0,0,0,1,0,0,0]*(a8)
mercedes[0,-1,0,0,0,0,0,0,1,0,0,0]*(-a8)
mercedes[0,0,0,0,-1,0,0,0,1,0,0,0]*(a8)
mercedes[0,0,0,0,0,0,0,0,-1,1,0,0]*(a9)
mercedes[0,0,0,0,0,0,0,0,1,-1,0,0]*(-a8)
mercedes[0,0,0,0,0,0,0,0,1,0,0,0]*(a8)
mercedes[-1,0,0,0,0,0,0,0,0,1,0,0]*(a9)
mercedes[0,-1,0,0,0,0,0,0,0,1,0,0]*(-a9)
mercedes[0,0,0,0,-1,0,0,0,0,1,0,0]*(-2*a9)

mercedes[0,0,0,-1,1,0,0,0,0,0,0,0]*(-a4)
mercedes[0,0,0,0,0,0,0,0,0,0,0,0]*(a7+a4-a11-a5)
mercedes[0,0,0,0,1,-1,0,0,0,0,0,0]*(-a4)
mercedes[0,0,0,0,1,0,0,-1,0,0,0,0]*(a4)
mercedes[0,0,0,0,1,0,0,0,0,0,0,-1]*(-a4)
mercedes[0,0,0,0,1,0,0,0,0,0,0,0]*(a4)
mercedes[0,0,-1,0,0,1,0,0,0,0,0,0]*(a5)
mercedes[0,0,0,-1,0,1,0,0,0,0,0,0]*(-a5)
mercedes[0,0,0,0,-1,1,0,0,0,0,0,0]*(a5)
mercedes[0,0,0,0,0,0,0,0,0,0,0,1]*(a11)
mercedes[0,0,0,0,0,1,0,-1,0,0,0,0]*(a5)
mercedes[0,0,0,0,0,1,0,0,0,0,-1,0]*(-a5)
mercedes[0,0,0,0,0,1,0,0,0,0,0,-1]*(-a5)
mercedes[0,0,0,0,0,1,0,0,0,0,0,0]*(a5)
mercedes[0,0,-1,0,0,0,0,1,0,0,0,0]*(a7)
mercedes[0,0,0,0,-1,0,0,1,0,0,0,0]*(a7)
mercedes[0,0,0,0,0,-1,0,1,0,0,0,0]*(-a7)
mercedes[0,0,0,0,0,0,0,0,0,0,-1,1]*(a11)
mercedes[0,0,0,0,0,0,0,1,0,0,0,-1]*(-a7)
mercedes[0,0,0,0,0,0,0,1,0,0,0,0]*(a7)
mercedes[0,-1,0,0,0,0,0,0,1,0,0,0]*(a8)
mercedes[0,0,0,0,-1,0,0,0,1,0,0,0]*(a8)
mercedes[0,0,0,0,0,-1,0,0,1,0,0,0]*(-a8)
mercedes[0,0,0,0,0,0,-1,0,1,0,0,0]*(-a8)
mercedes[0,0,0,0,0,0,0,-1,1,0,0,0]*(a8)
mercedes[0,0,0,0,0,0,0,0,1,0,0,-1]*(-a8)
mercedes[0,0,0,0,0,0,0,0,1,0,0,0]*(a8)
mercedes[0,0,-1,0,0,0,0,0,0,0,0,1]*(-2*a11)
mercedes[0,0,0,0,-1,0,0,0,0,0,0,1]*(a11)
mercedes[0,0,0,0,0,-1,0,0,0,0,0,1]*(-a11)
mercedes[0,0,0,0,0,0,0,-1,0,0,0,1]*(a11)

