328 14860785610888650053 6 3
3 6 8 
3 8 6 
6 3 8 
6 8 3 
8 6 3 
8 3 6 

296 754205998099296360 6 3
3 5 8 
3 8 5 
5 3 8 
5 8 3 
8 5 3 
8 3 5 

276 7698985776645440831 2 3
2 4 8 
2 8 4 

268 11811985506987824205 1 3
8 2 3 

262 16093423872204931228 1 3
2 1 8 

259 15088895713223005232 1 3
0 1 8 

388 18207486321558840374 2 3
2 7 8 
2 8 7 

152 6906529405458791006 6 3
3 4 7 
3 7 4 
4 3 7 
4 7 3 
7 4 3 
7 3 4 

164 12585292063867719537 2 3
2 5 7 
2 7 5 

134 16574095905003600574 2 3
1 2 7 
2 1 7 

148 10706753935364593016 2 3
2 4 7 
2 7 4 

138 18054779487213094827 2 3
1 3 7 
1 7 3 

28 1341041911306012474 1 3
4 2 3 

21 11268648237906847376 1 3
2 0 4 

35 17250501025191192120 1 3
1 0 5 

6 17087753756477223945 2 2
1 2 
2 1 

140 7225618314733973290 1 3
7 2 3 

22 11149028268085365730 1 3
2 1 4 

7 4587567072708941502 2 3
1 2 0 
2 1 0 

42 3854895435528399829 2 3
1 3 5 
1 5 3 

100 3870621583062396010 2 3
2 5 6 
2 6 5 

14 8861515513483241502 1 3
1 2 3 

69 17250501025191192120 1 3
2 0 6 

98 3870621583062396010 2 3
1 5 6 
1 6 5 

196 17258787824257198352 2 3
2 6 7 
2 7 6 

19 6298889260055877585 1 3
0 1 4 

5 3085733323793310697 1 2
2 0 

3 3085733323793310697 1 2
1 0 

273 1157133852231411715 2 3
0 4 8 
0 8 4 

37 17250501025191192120 1 3
2 0 5 

392 2728381371886174304 6 3
3 7 8 
3 8 7 
7 3 8 
7 8 3 
8 7 3 
8 3 7 

38 2361156492905547982 2 3
1 2 5 
2 1 5 

67 17250501025191192120 1 3
1 0 6 

162 12585292063867719537 2 3
1 5 7 
1 7 5 

44 7225618314733973290 1 3
5 2 3 

13 2163056880877111660 1 3
0 2 3 

131 17250501025191192120 1 3
1 0 7 

52 10706753935364593016 2 3
2 4 5 
2 5 4 

292 16258839135554755291 2 3
2 5 8 
2 8 5 

56 6906529405458791006 6 3
3 4 5 
3 5 4 
4 3 5 
4 5 3 
5 4 3 
5 3 4 

194 17258787824257198352 2 3
1 6 7 
1 7 6 

76 11811985506987824205 1 3
6 2 3 

261 11268648237906847376 1 3
2 0 8 

25 3347474035243917583 2 3
0 3 4 
0 4 3 

84 16258839135554755291 2 3
2 4 6 
2 6 4 

133 17250501025191192120 1 3
2 0 7 

74 18207486321558840374 2 3
1 3 6 
1 6 3 

11 13546528906197365241 1 3
1 0 3 

70 9792737628942422839 2 3
1 2 6 
2 1 6 

324 15538808191813614364 2 3
2 6 8 
2 8 6 

265 3684224192080029757 2 3
0 3 8 
0 8 3 

88 6906529405458791006 6 3
3 4 6 
3 6 4 
4 3 6 
4 6 3 
6 4 3 
6 3 4 

