bhabha2lp[-1,0,0,1,0,0,0,0,0]*(4*a3)
bhabha2lp[0,0,0,0,0,0,0,0,0]*(-6*a6-6*a3+6*a7+6*a4)
bhabha2lp[0,0,0,1,0,0,0,0,0]*(4*a3)
bhabha2lp[0,0,0,0,0,0,0,0,1]*(-2*a8)
bhabha2lp[0,0,0,1,-1,0,0,0,0]*(2*a3)
bhabha2lp[0,0,0,0,0,0,-1,0,1]*(5*a8)
bhabha2lp[0,-1,0,0,0,0,1,0,0]*(4*a6)
bhabha2lp[0,0,0,0,0,0,0,-1,1]*(-3*a8)
bhabha2lp[0,0,0,0,0,0,1,0,0]*(4*a6)
bhabha2lp[0,0,0,0,0,1,0,0,0]*(-2*a5)
bhabha2lp[0,0,0,0,0,0,1,-1,0]*(2*a6)
bhabha2lp[0,0,0,0,-1,1,0,0,0]*(-3*a5)
bhabha2lp[-1,0,0,0,1,0,0,0,0]*(-4*a4)
bhabha2lp[0,0,0,-1,1,0,0,0,0]*(-2*a4)
bhabha2lp[0,0,0,0,1,0,0,0,0]*(-4*a4)
bhabha2lp[-1,0,0,0,0,1,0,0,0]*(-2*a5)
bhabha2lp[0,-1,0,0,0,0,0,0,1]*(-2*a8)
bhabha2lp[0,0,0,-1,0,1,0,0,0]*(5*a5)
bhabha2lp[0,-1,0,0,0,0,0,1,0]*(-4*a7)
bhabha2lp[0,0,0,0,0,0,-1,1,0]*(-2*a7)
bhabha2lp[0,0,0,0,0,0,0,1,0]*(-4*a7)

bhabha2lp[-1,0,0,1,0,0,0,0,0]*(-5*a3)
bhabha2lp[0,0,0,0,0,0,0,0,0]*(-3*a8-3*a5+3*a6+3*a3)
bhabha2lp[0,0,0,1,0,0,0,0,0]*(-5*a3)
bhabha2lp[0,0,0,0,0,0,0,0,1]*(5*a8)
bhabha2lp[0,0,0,1,0,-1,0,0,0]*(2*a3)
bhabha2lp[0,0,0,0,0,0,-1,0,1]*(-2*a8)
bhabha2lp[0,-1,0,0,0,0,1,0,0]*(-5*a6)
bhabha2lp[0,-1,0,0,0,0,0,0,1]*(5*a8)
bhabha2lp[0,0,0,0,0,0,1,0,0]*(-5*a6)
bhabha2lp[0,0,0,0,0,1,0,0,0]*(5*a5)
bhabha2lp[0,0,0,0,0,0,1,0,-1]*(2*a6)
bhabha2lp[-1,0,0,0,0,1,0,0,0]*(5*a5)
bhabha2lp[-1,0,0,0,1,0,0,0,0]*(-11*a4)
bhabha2lp[0,0,0,-1,1,0,0,0,0]*(5*a4)
bhabha2lp[0,0,0,0,1,0,0,0,0]*(-11*a4)
bhabha2lp[0,0,0,-1,0,1,0,0,0]*(-2*a5)
bhabha2lp[0,0,0,0,1,-1,0,0,0]*(6*a4)
bhabha2lp[0,0,0,0,0,0,0,1,0]*(-11*a7)
bhabha2lp[0,-1,0,0,0,0,0,1,0]*(-11*a7)
bhabha2lp[0,0,0,0,0,0,-1,1,0]*(5*a7)
bhabha2lp[0,0,0,0,0,0,0,1,-1]*(6*a7)

bhabha2lp[-1,0,0,1,0,0,0,0,0]*(-9*a3)
bhabha2lp[0,0,0,1,-1,0,0,0,0]*(3*a3)
bhabha2lp[0,0,0,1,0,0,0,0,0]*(-9*a3)
bhabha2lp[0,0,0,0,0,0,0,0,1]*(7*a8)
bhabha2lp[0,0,0,1,0,-1,0,0,0]*(6*a3)
bhabha2lp[0,0,0,0,0,0,0,0,0]*(-5*a8-5*a5+5*a7+5*a4)
bhabha2lp[0,-1,0,0,0,0,1,0,0]*(-9*a6)
bhabha2lp[0,0,0,0,0,0,1,-1,0]*(3*a6)
bhabha2lp[0,0,0,0,0,0,1,0,0]*(-9*a6)
bhabha2lp[0,0,0,0,0,1,0,0,0]*(7*a5)
bhabha2lp[0,0,0,0,0,0,1,0,-1]*(6*a6)
bhabha2lp[0,-1,0,0,0,0,0,0,1]*(7*a8)
bhabha2lp[-1,0,0,0,1,0,0,0,0]*(-7*a4)
bhabha2lp[-1,0,0,0,0,1,0,0,0]*(7*a5)
bhabha2lp[0,0,0,0,1,0,0,0,0]*(-7*a4)
bhabha2lp[0,0,0,0,-1,1,0,0,0]*(-2*a5)
bhabha2lp[0,0,0,0,1,-1,0,0,0]*(2*a4)
bhabha2lp[0,0,0,0,0,0,0,1,0]*(-7*a7)
bhabha2lp[0,-1,0,0,0,0,0,1,0]*(-7*a7)
bhabha2lp[0,0,0,0,0,0,0,-1,1]*(-2*a8)
bhabha2lp[0,0,0,0,0,0,0,1,-1]*(2*a7)

