bhabha2pb2m[0,0,0,0,0,0,0,0,0]*(-1/2*a5-a6-1/2*a3-a0-a7-2*a4+d)
bhabha2pb2m[1,0,0,0,-1,0,0,0,0]*(-a0)
bhabha2pb2m[1,0,0,0,0,0,0,0,0]*(-eta*a0+a0)
bhabha2pb2m[0,0,0,0,0,0,0,1,0]*(a7)
bhabha2pb2m[0,0,0,1,-1,0,0,0,0]*(-2*a3)
bhabha2pb2m[0,0,0,1,0,-1,0,0,0]*(1/2*a3)
bhabha2pb2m[0,0,0,0,-1,0,0,1,0]*(-a7)
bhabha2pb2m[0,0,0,-1,0,1,0,0,0]*(1/2*a5)
bhabha2pb2m[0,0,0,0,-1,1,0,0,0]*(-2*a5)
bhabha2pb2m[0,0,0,0,0,0,1,0,0]*(a6)
bhabha2pb2m[0,0,0,0,-1,0,1,0,0]*(-a6)

bhabha2pb2m[0,0,0,0,0,0,0,0,0]*(-a1-a8-3/2*a5-a2-3/2*a3+d)
bhabha2pb2m[0,1,0,-1,0,0,0,0,0]*(-1/2*a1)
bhabha2pb2m[0,1,0,0,-1,0,0,0,0]*(a1)
bhabha2pb2m[0,1,0,0,0,-1,0,0,0]*(-1/2*a1)
bhabha2pb2m[0,1,0,0,0,0,0,0,0]*(a1)
bhabha2pb2m[0,0,0,0,0,0,0,0,1]*(a8)
bhabha2pb2m[0,0,1,-1,0,0,0,0,0]*(-1/2*a2)
bhabha2pb2m[0,0,1,0,-1,0,0,0,0]*(a2)
bhabha2pb2m[0,0,1,0,0,-1,0,0,0]*(-1/2*a2)
bhabha2pb2m[0,0,1,0,0,0,0,0,0]*(-5*a2)
bhabha2pb2m[0,0,0,0,0,-1,0,0,1]*(-1/2*a8)
bhabha2pb2m[0,0,0,1,-1,0,0,0,0]*(2*a3)
bhabha2pb2m[0,0,0,1,0,-1,0,0,0]*(-1/2*a3)
bhabha2pb2m[0,0,0,-1,0,1,0,0,0]*(-1/2*a5)
bhabha2pb2m[0,0,0,0,-1,1,0,0,0]*(2*a5)
bhabha2pb2m[0,0,0,0,-1,0,0,0,1]*(a8)
bhabha2pb2m[0,0,0,-1,0,0,0,0,1]*(-1/2*a8)

bhabha2pb2m[0,0,0,0,0,0,0,0,0]*(-a1+a2)
bhabha2pb2m[0,1,-1,0,0,0,0,0,0]*(a1)
bhabha2pb2m[0,-1,1,0,0,0,0,0,0]*(-a2)
bhabha2pb2m[0,0,0,0,0,0,0,0,1]*(9*a8)
bhabha2pb2m[0,0,1,0,0,0,0,0,0]*(2*a2)
bhabha2pb2m[0,-1,0,1,0,0,0,0,0]*(-a3)
bhabha2pb2m[0,0,-1,1,0,0,0,0,0]*(a3)
bhabha2pb2m[0,0,0,1,-1,0,0,0,0]*(-a3)
bhabha2pb2m[0,0,0,1,0,0,0,-1,0]*(a3)
bhabha2pb2m[0,0,0,1,0,0,0,0,0]*(5*a3)
bhabha2pb2m[0,-1,0,0,0,1,0,0,0]*(-a5)
bhabha2pb2m[0,0,-1,0,0,1,0,0,0]*(a5)
bhabha2pb2m[0,0,0,0,-1,1,0,0,0]*(a5)
bhabha2pb2m[0,0,0,0,0,1,0,-1,0]*(-a5)
bhabha2pb2m[0,0,0,0,0,1,0,0,0]*(7*a5)
bhabha2pb2m[0,-1,0,0,0,0,0,0,1]*(-a8)
bhabha2pb2m[0,0,-1,0,0,0,0,0,1]*(a8)

bhabha2pb2m[1,0,0,0,-1,0,0,0,0]*(a0)
bhabha2pb2m[1,0,0,0,0,0,-1,0,0]*(-a0)
bhabha2pb2m[1,0,0,0,0,0,0,0,0]*(6*a0)
bhabha2pb2m[0,0,0,0,0,0,0,0,0]*(1/2*a5-a6-1/2*a3+a4)
bhabha2pb2m[0,0,0,1,-1,0,0,0,0]*(2*a3)
bhabha2pb2m[0,0,0,1,0,-1,0,0,0]*(-1/2*a3)
bhabha2pb2m[0,0,0,1,0,0,-1,0,0]*(-a3)
bhabha2pb2m[0,0,0,1,0,0,0,0,-1]*(a3)
bhabha2pb2m[0,0,0,0,0,0,0,1,0]*(4*a7)
bhabha2pb2m[0,0,0,0,1,0,-1,0,0]*(-a4)
bhabha2pb2m[0,0,0,0,1,0,0,0,0]*(a4)
bhabha2pb2m[0,0,0,-1,0,1,0,0,0]*(1/2*a5)
bhabha2pb2m[0,0,0,0,0,0,-1,1,0]*(-a7)
bhabha2pb2m[0,0,0,0,0,1,-1,0,0]*(-a5)
bhabha2pb2m[0,0,0,0,0,1,0,0,-1]*(-a5)
bhabha2pb2m[0,0,0,0,0,1,0,0,0]*(2*a5)
bhabha2pb2m[0,0,0,0,-1,0,1,0,0]*(a6)
bhabha2pb2m[0,0,0,0,-1,0,0,1,0]*(a7)
bhabha2pb2m[0,0,0,0,0,0,1,0,0]*(-a6)

bhabha2pb2m[-1,1,0,0,0,0,0,0,0]*(-a1)
bhabha2pb2m[0,1,0,-1,0,0,0,0,0]*(1/2*a1)
bhabha2pb2m[0,1,0,0,-1,0,0,0,0]*(a1)
bhabha2pb2m[0,1,0,0,0,-1,0,0,0]*(-1/2*a1)
bhabha2pb2m[0,1,0,0,0,0,0,0,0]*(a1-a1*eta)
bhabha2pb2m[-1,0,1,0,0,0,0,0,0]*(-a2)
bhabha2pb2m[0,0,1,-1,0,0,0,0,0]*(1/2*a2)
bhabha2pb2m[0,0,1,0,0,-1,0,0,0]*(-1/2*a2)
bhabha2pb2m[0,0,1,0,0,0,0,-1,0]*(a2)
bhabha2pb2m[0,0,1,0,0,0,0,0,0]*(-a2*eta)
bhabha2pb2m[0,0,0,0,0,0,0,0,0]*(-1/2*a5+1/2*a3)
bhabha2pb2m[0,0,0,1,-1,0,0,0,0]*(2*a3)
bhabha2pb2m[0,0,0,1,0,-1,0,0,0]*(-1/2*a3)
bhabha2pb2m[0,0,0,-1,0,1,0,0,0]*(1/2*a5)
bhabha2pb2m[0,0,0,0,-1,1,0,0,0]*(-2*a5)
bhabha2pb2m[0,0,0,0,0,0,0,0,1]*(a8)
bhabha2pb2m[0,0,0,-1,0,0,0,0,1]*(1/2*a8)
bhabha2pb2m[0,0,0,0,-1,0,0,0,1]*(a8)
bhabha2pb2m[0,0,0,0,0,-1,0,0,1]*(-1/2*a8)
bhabha2pb2m[0,0,0,0,0,0,-1,0,1]*(-a8)

bhabha2pb2m[1,-1,0,0,0,0,0,0,0]*(-a0)
bhabha2pb2m[1,0,0,-1,0,0,0,0,0]*(a0)
bhabha2pb2m[1,0,0,0,-1,0,0,0,0]*(-a0)
bhabha2pb2m[1,0,0,0,0,0,0,0,0]*(a0)
bhabha2pb2m[0,0,0,0,0,0,0,0,0]*(-3/2*a5+3/2*a3)
bhabha2pb2m[0,0,0,1,-1,0,0,0,0]*(-2*a3)
bhabha2pb2m[0,0,0,1,0,-1,0,0,0]*(1/2*a3)
bhabha2pb2m[0,0,0,-1,1,0,0,0,0]*(1/2*a4)
bhabha2pb2m[0,0,0,0,1,-1,0,0,0]*(-1/2*a4)
bhabha2pb2m[0,0,0,-1,0,1,0,0,0]*(-1/2*a5)
bhabha2pb2m[0,0,0,0,-1,1,0,0,0]*(2*a5)
bhabha2pb2m[0,0,0,0,0,0,0,1,0]*(6*a7)
bhabha2pb2m[0,0,0,-1,0,0,1,0,0]*(a6)
bhabha2pb2m[0,0,0,0,-1,0,1,0,0]*(-a6)
bhabha2pb2m[0,0,0,0,0,0,1,0,-1]*(-a6)
bhabha2pb2m[0,0,0,0,0,0,1,0,0]*(a6)
bhabha2pb2m[0,-1,0,0,0,0,0,1,0]*(-a7)
bhabha2pb2m[0,0,-1,0,0,0,0,1,0]*(a7)
bhabha2pb2m[0,0,0,-1,0,0,0,1,0]*(1/2*a7)
bhabha2pb2m[0,0,0,0,0,-1,0,1,0]*(-1/2*a7)

bhabha2pb2m[0,0,0,0,0,0,0,0,0]*(1/2*a5-1/2*a3-a0+a4)
bhabha2pb2m[1,0,0,0,-1,0,0,0,0]*(a0)
bhabha2pb2m[1,0,0,0,0,0,0,0,0]*(-eta*a0-a0)
bhabha2pb2m[-1,0,0,1,0,0,0,0,0]*(-a3)
bhabha2pb2m[0,-1,0,1,0,0,0,0,0]*(a3)
bhabha2pb2m[0,0,0,0,0,0,0,1,0]*(-eta*a7-5*a7)
bhabha2pb2m[0,0,0,1,-1,0,0,0,0]*(2*a3)
bhabha2pb2m[0,0,0,1,0,-1,0,0,0]*(-1/2*a3)
bhabha2pb2m[0,0,0,1,0,0,0,0,0]*(-a3*eta)
bhabha2pb2m[-1,0,0,0,1,0,0,0,0]*(-a4)
bhabha2pb2m[0,0,0,0,-1,0,0,1,0]*(a7)
bhabha2pb2m[0,0,0,0,1,0,0,0,0]*(-eta*a4+a4)
bhabha2pb2m[-1,0,0,0,0,1,0,0,0]*(-a5)
bhabha2pb2m[0,-1,0,0,0,1,0,0,0]*(-a5)
bhabha2pb2m[0,0,0,-1,0,1,0,0,0]*(1/2*a5)
bhabha2pb2m[-1,0,0,0,0,0,0,1,0]*(-a7)
bhabha2pb2m[0,0,0,0,0,1,0,0,0]*(-a5*eta+2*a5)
bhabha2pb2m[-1,0,0,0,0,0,1,0,0]*(-a6)
bhabha2pb2m[0,0,0,0,-1,0,1,0,0]*(a6)
bhabha2pb2m[0,0,0,0,0,0,1,0,0]*(6*a6-a6*eta)

bhabha2pb2m[1,0,0,0,-1,0,0,0,0]*(a0)
bhabha2pb2m[1,0,0,0,0,0,0,-1,0]*(-a0)
bhabha2pb2m[1,0,0,0,0,0,0,0,0]*(-5*a0)
bhabha2pb2m[0,-1,0,1,0,0,0,0,0]*(a3)
bhabha2pb2m[0,0,-1,1,0,0,0,0,0]*(-a3)
bhabha2pb2m[0,0,0,1,-1,0,0,0,0]*(a3)
bhabha2pb2m[0,0,0,1,0,0,0,-1,0]*(-a3)
bhabha2pb2m[0,0,0,1,0,0,0,0,0]*(-5*a3)
bhabha2pb2m[0,0,0,0,0,0,0,0,0]*(-a7+a4)
bhabha2pb2m[0,0,0,0,1,0,0,-1,0]*(-a4)
bhabha2pb2m[0,0,0,0,1,0,0,0,0]*(a4)
bhabha2pb2m[0,-1,0,0,0,1,0,0,0]*(-a5)
bhabha2pb2m[0,0,-1,0,0,1,0,0,0]*(a5)
bhabha2pb2m[0,0,0,0,-1,1,0,0,0]*(a5)
bhabha2pb2m[0,0,0,0,0,1,0,-1,0]*(-a5)
bhabha2pb2m[0,0,0,0,0,1,0,0,0]*(7*a5)
bhabha2pb2m[0,0,0,0,-1,0,1,0,0]*(a6)
bhabha2pb2m[0,0,0,0,0,0,1,-1,0]*(-a6)
bhabha2pb2m[0,0,0,0,0,0,1,0,0]*(4*a6)
bhabha2pb2m[0,0,0,0,-1,0,0,1,0]*(a7)
bhabha2pb2m[0,0,0,0,0,0,0,1,0]*(-a7)

bhabha2pb2m[0,1,0,-1,0,0,0,0,0]*(1/2*a1)
bhabha2pb2m[0,1,0,0,-1,0,0,0,0]*(-a1)
bhabha2pb2m[0,1,0,0,0,-1,0,0,0]*(1/2*a1)
bhabha2pb2m[0,1,0,0,0,0,0,0,-1]*(-a1)
bhabha2pb2m[0,1,0,0,0,0,0,0,0]*(6*a1)
bhabha2pb2m[0,0,1,-1,0,0,0,0,0]*(1/2*a2)
bhabha2pb2m[0,0,1,0,-1,0,0,0,0]*(-a2)
bhabha2pb2m[0,0,1,0,0,-1,0,0,0]*(1/2*a2)
bhabha2pb2m[0,0,1,0,0,0,0,0,-1]*(-a2)
bhabha2pb2m[0,0,1,0,0,0,0,0,0]*(3*a2)
bhabha2pb2m[0,0,0,0,0,0,0,0,0]*(-a8+1/2*a5+1/2*a3)
bhabha2pb2m[0,0,0,1,-1,0,0,0,0]*(-2*a3)
bhabha2pb2m[0,0,0,1,0,-1,0,0,0]*(1/2*a3)
bhabha2pb2m[0,0,0,1,0,0,-1,0,0]*(a3)
bhabha2pb2m[0,0,0,1,0,0,0,0,-1]*(-a3)
bhabha2pb2m[0,0,0,-1,0,1,0,0,0]*(1/2*a5)
bhabha2pb2m[0,0,0,0,0,0,0,0,1]*(-a8)
bhabha2pb2m[0,0,0,0,0,1,-1,0,0]*(-a5)
bhabha2pb2m[0,0,0,0,0,1,0,0,-1]*(-a5)
bhabha2pb2m[0,0,0,0,0,1,0,0,0]*(2*a5)
bhabha2pb2m[0,0,0,-1,0,0,0,0,1]*(1/2*a8)
bhabha2pb2m[0,0,0,0,-1,0,0,0,1]*(-a8)
bhabha2pb2m[0,0,0,0,0,-1,0,0,1]*(1/2*a8)

bhabha2pb2m[0,0,0,0,0,0,0,0,0]*(-a1+1/2*a5+1/2*a3)
bhabha2pb2m[0,1,0,-1,0,0,0,0,0]*(1/2*a1)
bhabha2pb2m[0,1,0,0,-1,0,0,0,0]*(-a1)
bhabha2pb2m[0,1,0,0,0,-1,0,0,0]*(1/2*a1)
bhabha2pb2m[0,1,0,0,0,0,0,0,0]*(-a1)
bhabha2pb2m[0,-1,1,0,0,0,0,0,0]*(-a2)
bhabha2pb2m[0,0,1,-1,0,0,0,0,0]*(1/2*a2)
bhabha2pb2m[0,0,1,0,-1,0,0,0,0]*(-a2)
bhabha2pb2m[0,0,1,0,0,-1,0,0,0]*(1/2*a2)
bhabha2pb2m[0,0,1,0,0,0,0,0,0]*(5*a2)
bhabha2pb2m[-1,0,0,1,0,0,0,0,0]*(a3)
bhabha2pb2m[0,-1,0,1,0,0,0,0,0]*(-a3)
bhabha2pb2m[0,0,0,0,0,0,0,0,1]*(6*a8)
bhabha2pb2m[0,0,0,1,-1,0,0,0,0]*(-2*a3)
bhabha2pb2m[0,0,0,1,0,-1,0,0,0]*(1/2*a3)
bhabha2pb2m[0,0,0,1,0,0,0,0,0]*(a3*eta)
bhabha2pb2m[-1,0,0,0,0,1,0,0,0]*(-a5)
bhabha2pb2m[0,-1,0,0,0,1,0,0,0]*(-a5)
bhabha2pb2m[0,0,0,-1,0,1,0,0,0]*(1/2*a5)
bhabha2pb2m[0,0,0,0,0,-1,0,0,1]*(1/2*a8)
bhabha2pb2m[0,0,0,0,0,1,0,0,0]*(-a5*eta+2*a5)
bhabha2pb2m[0,-1,0,0,0,0,0,0,1]*(-a8)
bhabha2pb2m[0,0,0,-1,0,0,0,0,1]*(1/2*a8)
bhabha2pb2m[0,0,0,0,-1,0,0,0,1]*(-a8)

