bhabha2npb[0,0,0,0,0,0,0,0,0]*(-a8-a6-a7-a4+d-2*a1)
bhabha2npb[0,1,0,0,0,0,0,0,0]*(-2*a1)
bhabha2npb[0,-1,0,0,1,0,0,0,0]*(-a4)
bhabha2npb[0,0,0,-1,1,0,0,0,0]*(a4)
bhabha2npb[0,-1,0,0,0,0,0,0,1]*(-a8)
bhabha2npb[0,0,0,0,1,0,0,0,0]*(-a4)
bhabha2npb[0,-1,0,0,0,0,1,0,0]*(-a6)
bhabha2npb[0,-1,0,0,0,0,0,1,0]*(-a7)

bhabha2npb[0,0,0,0,0,0,0,0,0]*(-a5-a2-2*a3-a0-a4+d)
bhabha2npb[1,0,0,-1,0,0,0,0,0]*(-a0)
bhabha2npb[1,0,0,0,0,0,0,0,0]*(-eta*a0-4*a0)
bhabha2npb[0,0,0,0,0,1,0,0,0]*(a5)
bhabha2npb[0,0,1,-1,0,0,0,0,0]*(-a2)
bhabha2npb[0,0,1,0,0,0,0,0,0]*(a2)
bhabha2npb[0,0,0,-1,0,1,0,0,0]*(-a5)
bhabha2npb[0,-1,0,0,1,0,0,0,0]*(a4)
bhabha2npb[0,0,0,-1,1,0,0,0,0]*(-a4)
bhabha2npb[0,0,0,0,1,0,0,0,0]*(a4)

bhabha2npb[0,0,0,0,0,0,0,0,0]*(-a6+a1)
bhabha2npb[0,1,0,0,0,0,-1,0,0]*(-a1)
bhabha2npb[0,1,0,0,0,0,0,0,0]*(2*a1)
bhabha2npb[0,-1,0,0,1,0,0,0,0]*(a4)
bhabha2npb[0,0,-1,0,1,0,0,0,0]*(-a4)
bhabha2npb[0,0,0,-1,1,0,0,0,0]*(a4)
bhabha2npb[0,0,0,0,1,0,-1,0,0]*(-a4)
bhabha2npb[0,0,0,0,1,0,0,0,0]*(3*a4)
bhabha2npb[0,-1,0,0,0,0,1,0,0]*(a6)
bhabha2npb[0,0,0,0,0,0,0,0,1]*(5*a8)
bhabha2npb[0,-1,0,0,0,0,0,1,0]*(a7)
bhabha2npb[0,0,0,0,0,0,-1,1,0]*(-a7)
bhabha2npb[0,0,0,0,0,0,0,1,0]*(7*a7)
bhabha2npb[0,-1,0,0,0,0,0,0,1]*(a8)
bhabha2npb[0,0,0,0,0,0,-1,0,1]*(-a8)

bhabha2npb[0,0,0,0,0,0,0,0,0]*(-a7+a1)
bhabha2npb[0,1,0,0,0,0,0,-1,0]*(-a1)
bhabha2npb[0,1,0,0,0,0,0,0,0]*(2*a1)
bhabha2npb[-1,0,0,0,1,0,0,0,0]*(-a4)
bhabha2npb[0,-1,0,0,1,0,0,0,0]*(a4)
bhabha2npb[0,0,-1,0,1,0,0,0,0]*(a4)
bhabha2npb[0,0,0,0,1,0,0,-1,0]*(-a4)
bhabha2npb[0,0,0,0,1,0,0,0,0]*(-eta*a4-3*a4)
bhabha2npb[0,-1,0,0,0,0,1,0,0]*(a6)
bhabha2npb[0,0,0,0,0,0,1,-1,0]*(-a6)
bhabha2npb[0,0,0,0,0,0,1,0,0]*(7*a6)
bhabha2npb[0,-1,0,0,0,0,0,1,0]*(a7)
bhabha2npb[0,0,0,0,0,0,0,0,1]*(-4*a8)
bhabha2npb[0,-1,0,0,0,0,0,0,1]*(a8)
bhabha2npb[0,0,0,0,0,0,0,-1,1]*(-a8)

bhabha2npb[0,0,0,0,0,0,0,0,0]*(-a8+a1)
bhabha2npb[0,1,0,0,0,0,0,0,-1]*(-a1)
bhabha2npb[0,1,0,0,0,0,0,0,0]*(2*a1)
bhabha2npb[0,-1,0,0,1,0,0,0,0]*(a4)
bhabha2npb[0,0,0,-1,1,0,0,0,0]*(a4)
bhabha2npb[0,0,0,0,1,-1,0,0,0]*(-a4)
bhabha2npb[0,0,0,0,1,0,0,0,-1]*(-a4)
bhabha2npb[0,0,0,0,1,0,0,0,0]*(3*a4)
bhabha2npb[0,-1,0,0,0,0,1,0,0]*(a6)
bhabha2npb[0,0,0,0,0,0,1,0,-1]*(-a6)
bhabha2npb[0,0,0,0,0,0,1,0,0]*(5*a6)
bhabha2npb[0,-1,0,0,0,0,0,1,0]*(a7)
bhabha2npb[0,0,0,0,0,0,0,1,-1]*(-a7)
bhabha2npb[0,0,0,0,0,0,0,1,0]*(-4*a7)
bhabha2npb[0,-1,0,0,0,0,0,0,1]*(a8)

bhabha2npb[1,0,-1,0,0,0,0,0,0]*(-a0)
bhabha2npb[1,0,0,-1,0,0,0,0,0]*(a0)
bhabha2npb[1,0,0,0,0,0,0,0,0]*(4*a0)
bhabha2npb[0,0,0,0,0,0,0,0,0]*(-a2+a3)
bhabha2npb[0,0,1,-1,0,0,0,0,0]*(a2)
bhabha2npb[0,0,1,0,0,0,0,0,0]*(-a2)
bhabha2npb[0,0,-1,1,0,0,0,0,0]*(-a3)
bhabha2npb[0,0,0,0,0,1,0,0,0]*(4*a5)
bhabha2npb[0,0,0,1,0,0,0,0,0]*(a3)
bhabha2npb[0,-1,0,0,1,0,0,0,0]*(a4)
bhabha2npb[0,0,-1,0,1,0,0,0,0]*(-a4)
bhabha2npb[0,0,0,-1,1,0,0,0,0]*(a4)
bhabha2npb[0,0,0,0,1,0,-1,0,0]*(-a4)
bhabha2npb[0,0,0,0,1,0,0,0,0]*(3*a4)
bhabha2npb[0,0,-1,0,0,1,0,0,0]*(-a5)
bhabha2npb[0,0,0,-1,0,1,0,0,0]*(a5)

bhabha2npb[0,0,0,0,0,0,0,0,0]*(a2-a0)
bhabha2npb[1,0,-1,0,0,0,0,0,0]*(a0)
bhabha2npb[1,0,0,0,0,0,0,0,0]*(-eta*a0-2*a0)
bhabha2npb[-1,0,1,0,0,0,0,0,0]*(-a2)
bhabha2npb[0,0,0,0,0,1,0,0,0]*(-11*a5-a5*eta)
bhabha2npb[0,0,1,0,0,0,0,0,0]*(-a2*eta)
bhabha2npb[-1,0,0,1,0,0,0,0,0]*(-a3)
bhabha2npb[0,0,-1,1,0,0,0,0,0]*(a3)
bhabha2npb[0,0,0,1,0,0,0,0,0]*(-a3*eta-5*a3)
bhabha2npb[-1,0,0,0,1,0,0,0,0]*(-a4)
bhabha2npb[0,-1,0,0,1,0,0,0,0]*(a4)
bhabha2npb[0,0,-1,0,1,0,0,0,0]*(a4)
bhabha2npb[0,0,0,0,1,0,0,-1,0]*(-a4)
bhabha2npb[0,0,0,0,1,0,0,0,0]*(-eta*a4-3*a4)
bhabha2npb[-1,0,0,0,0,1,0,0,0]*(-a5)
bhabha2npb[0,0,-1,0,0,1,0,0,0]*(a5)

bhabha2npb[1,0,0,-1,0,0,0,0,0]*(a0)
bhabha2npb[1,0,0,0,0,-1,0,0,0]*(-a0)
bhabha2npb[1,0,0,0,0,0,0,0,0]*(-2*a0)
bhabha2npb[0,0,1,-1,0,0,0,0,0]*(a2)
bhabha2npb[0,0,1,0,0,-1,0,0,0]*(-a2)
bhabha2npb[0,0,1,0,0,0,0,0,0]*(4*a2)
bhabha2npb[0,0,0,0,0,0,0,0,0]*(-a5+a3)
bhabha2npb[0,0,0,1,0,-1,0,0,0]*(-a3)
bhabha2npb[0,0,0,1,0,0,0,0,0]*(a3)
bhabha2npb[0,-1,0,0,1,0,0,0,0]*(a4)
bhabha2npb[0,0,0,-1,1,0,0,0,0]*(a4)
bhabha2npb[0,0,0,0,1,-1,0,0,0]*(-a4)
bhabha2npb[0,0,0,0,1,0,0,0,-1]*(-a4)
bhabha2npb[0,0,0,0,1,0,0,0,0]*(3*a4)
bhabha2npb[0,0,0,-1,0,1,0,0,0]*(a5)
bhabha2npb[0,0,0,0,0,1,0,0,0]*(-a5)

bhabha2npb[0,0,0,0,0,0,0,0,0]*(-a4+a1)
bhabha2npb[0,1,0,-1,0,0,0,0,0]*(a1)
bhabha2npb[0,1,0,0,-1,0,0,0,0]*(-a1)
bhabha2npb[0,1,0,0,0,0,0,0,0]*(a1)
bhabha2npb[0,-1,0,0,1,0,0,0,0]*(a4)
bhabha2npb[0,0,0,-1,1,0,0,0,0]*(-a4)
bhabha2npb[0,0,0,0,0,0,0,0,1]*(2*a8)
bhabha2npb[0,0,0,0,1,0,0,0,0]*(a4)
bhabha2npb[0,-1,0,0,0,0,1,0,0]*(a6)
bhabha2npb[0,0,-1,0,0,0,1,0,0]*(-a6)
bhabha2npb[0,0,0,-1,0,0,1,0,0]*(2*a6)
bhabha2npb[0,0,0,0,-1,0,1,0,0]*(-a6)
bhabha2npb[0,0,0,0,0,0,1,0,0]*(2*a6)
bhabha2npb[-1,0,0,0,0,0,0,1,0]*(-a7)
bhabha2npb[0,-1,0,0,0,0,0,1,0]*(a7)
bhabha2npb[0,0,-1,0,0,0,0,1,0]*(a7)
bhabha2npb[0,0,0,-1,0,0,0,1,0]*(a7)
bhabha2npb[0,0,0,0,-1,0,0,1,0]*(-a7)
bhabha2npb[0,0,0,0,0,0,0,1,0]*(-eta*a7-4*a7)
bhabha2npb[0,-1,0,0,0,0,0,0,1]*(a8)
bhabha2npb[0,0,0,-1,0,0,0,0,1]*(2*a8)
bhabha2npb[0,0,0,0,-1,0,0,0,1]*(-a8)
bhabha2npb[0,0,0,0,0,-1,0,0,1]*(-a8)

bhabha2npb[1,-1,0,0,0,0,0,0,0]*(3*a0)
bhabha2npb[1,0,0,-1,0,0,0,0,0]*(a0)
bhabha2npb[1,0,0,0,-1,0,0,0,0]*(-a0)
bhabha2npb[1,0,0,0,0,0,-1,0,0]*(-a0)
bhabha2npb[1,0,0,0,0,0,0,-1,0]*(-a0)
bhabha2npb[1,0,0,0,0,0,0,0,0]*(5*a0)
bhabha2npb[0,-1,1,0,0,0,0,0,0]*(2*a2)
bhabha2npb[0,0,1,-1,0,0,0,0,0]*(a2)
bhabha2npb[0,0,1,0,-1,0,0,0,0]*(-a2)
bhabha2npb[0,0,1,0,0,0,-1,0,0]*(-a2)
bhabha2npb[0,0,1,0,0,0,0,0,0]*(3*a2)
bhabha2npb[0,-1,0,1,0,0,0,0,0]*(a3)
bhabha2npb[0,0,0,0,0,0,0,0,0]*(a3-a4)
bhabha2npb[0,0,0,1,-1,0,0,0,0]*(-a3)
bhabha2npb[0,0,0,1,0,0,0,0,0]*(a3)
bhabha2npb[0,-1,0,0,1,0,0,0,0]*(-a4)
bhabha2npb[0,0,0,-1,1,0,0,0,0]*(a4)
bhabha2npb[0,0,0,0,0,1,0,0,0]*(3*a5)
bhabha2npb[0,0,0,0,1,0,0,0,0]*(-a4)
bhabha2npb[0,-1,0,0,0,1,0,0,0]*(2*a5)
bhabha2npb[0,0,0,-1,0,1,0,0,0]*(a5)
bhabha2npb[0,0,0,0,-1,1,0,0,0]*(-a5)
bhabha2npb[0,0,0,0,0,1,0,0,-1]*(-a5)

