bhabha2npb[1,0,-1,0,0,0,0,0,0]*(6*a0)
bhabha2npb[1,0,0,-1,0,0,0,0,0]*(-3*a0)
bhabha2npb[1,0,0,0,0,0,0,0,0]*(-3*eta*a0-18*a0)
bhabha2npb[0,0,0,0,0,0,0,0,0]*(3*a2+5*a6-3*a0-5*a7)
bhabha2npb[0,0,0,0,0,0,0,0,1]*(18*a8)
bhabha2npb[0,0,0,0,0,0,-1,0,1]*(-6*a8)
bhabha2npb[0,0,-1,0,0,1,0,0,0]*(-3*a5)
bhabha2npb[0,0,1,-1,0,0,0,0,0]*(-5*a2)
bhabha2npb[0,0,1,0,0,0,0,0,0]*(5*a2+2*a2*eta)
bhabha2npb[-1,0,1,0,0,0,0,0,0]*(2*a2)
bhabha2npb[-1,0,0,0,0,1,0,0,0]*(-3*a5)
bhabha2npb[0,0,0,0,0,0,0,1,0]*(14*a7)
bhabha2npb[0,-1,0,0,0,0,1,0,0]*(-7*a6)
bhabha2npb[0,0,0,0,0,1,0,0,0]*(-9*a5-3*a5*eta)
bhabha2npb[0,0,0,0,0,0,-1,1,0]*(-2*a7)
bhabha2npb[0,0,0,0,0,0,1,-1,0]*(2*a6)
bhabha2npb[0,0,0,0,0,0,1,0,0]*(-14*a6)
bhabha2npb[0,0,0,0,0,0,0,-1,1]*(-3*a8)
bhabha2npb[0,-1,0,0,0,0,0,1,0]*(7*a7)
bhabha2npb[0,-1,0,0,0,0,0,0,1]*(9*a8)
bhabha2npb[0,0,0,-1,0,1,0,0,0]*(6*a5)

bhabha2npb[1,0,-1,0,0,0,0,0,0]*(-3*a0)
bhabha2npb[1,0,0,-1,0,0,0,0,0]*(6*a0)
bhabha2npb[1,0,0,0,0,0,0,0,0]*(6*a0)
bhabha2npb[0,-1,0,0,0,0,0,0,1]*(5*a8)
bhabha2npb[1,0,0,0,0,-1,0,0,0]*(-3*a0)
bhabha2npb[0,0,0,-1,0,1,0,0,0]*(5*a5)
bhabha2npb[0,0,0,0,0,0,0,0,0]*(-3*a8-3*a5+3*a2+3*a6)
bhabha2npb[0,0,1,-1,0,0,0,0,0]*(-5*a2)
bhabha2npb[0,0,1,0,0,0,0,0,0]*(-5*a2)
bhabha2npb[0,-1,0,0,0,0,0,1,0]*(11*a7)
bhabha2npb[0,0,1,0,0,-1,0,0,0]*(2*a2)
bhabha2npb[0,0,0,0,0,0,0,1,0]*(22*a7)
bhabha2npb[0,-1,0,0,0,0,1,0,0]*(-5*a6)
bhabha2npb[0,0,-1,0,0,1,0,0,0]*(-2*a5)
bhabha2npb[0,0,0,0,0,0,0,1,-1]*(-5*a7)
bhabha2npb[0,0,0,0,0,0,1,0,-1]*(2*a6)
bhabha2npb[0,0,0,0,0,0,1,0,0]*(-10*a6)
bhabha2npb[0,0,0,0,0,0,-1,1,0]*(-6*a7)
bhabha2npb[0,0,0,0,0,0,0,0,1]*(10*a8)
bhabha2npb[0,0,0,0,0,1,0,0,0]*(5*a5)
bhabha2npb[0,0,0,0,0,0,-1,0,1]*(-2*a8)

bhabha2npb[0,0,0,0,0,0,0,0,0]*(6*a8+6*a5-3*a2-3*a0-6*a7)
bhabha2npb[1,0,-1,0,0,0,0,0,0]*(3*a0)
bhabha2npb[1,0,0,0,0,0,0,0,0]*(-3*eta*a0-12*a0)
bhabha2npb[1,0,0,-1,0,0,0,0,0]*(3*a0)
bhabha2npb[1,0,0,0,0,-1,0,0,0]*(-3*a0)
bhabha2npb[0,-1,0,0,0,0,0,0,1]*(-4*a8)
bhabha2npb[-1,0,1,0,0,0,0,0,0]*(3*a2)
bhabha2npb[0,0,0,0,0,0,0,1,0]*(8*a7)
bhabha2npb[0,0,1,0,0,0,0,0,0]*(20*a2+3*a2*eta)
bhabha2npb[0,0,1,-1,0,0,0,0,0]*(5*a2)
bhabha2npb[0,0,1,0,0,-1,0,0,0]*(-5*a2)
bhabha2npb[0,0,0,0,0,0,0,1,-1]*(2*a7)
bhabha2npb[0,-1,0,0,0,0,1,0,0]*(2*a6)
bhabha2npb[0,0,0,0,0,0,1,-1,0]*(3*a6)
bhabha2npb[0,0,0,0,0,0,1,0,0]*(4*a6)
bhabha2npb[0,-1,0,0,0,0,0,1,0]*(4*a7)
bhabha2npb[0,0,0,0,0,0,1,0,-1]*(-5*a6)
bhabha2npb[0,0,0,0,0,0,0,-1,1]*(-2*a8)
bhabha2npb[0,0,0,0,0,0,0,0,1]*(-8*a8)
bhabha2npb[0,0,0,0,0,1,0,0,0]*(-16*a5-2*a5*eta)
bhabha2npb[0,0,0,-1,0,1,0,0,0]*(-6*a5)
bhabha2npb[0,0,-1,0,0,1,0,0,0]*(2*a5)
bhabha2npb[-1,0,0,0,0,1,0,0,0]*(-2*a5)

