498 3498002001533713040 1 6
4 1 5 6 8 7 

490 3498002001533713040 1 6
3 1 5 6 7 8 

504 13854408235133541898 2 6
5 6 3 4 8 7 
5 6 4 3 7 8 

486 2326761913774207903 2 6
1 5 6 2 7 8 
1 5 6 2 8 7 

483 11643409795521754672 2 6
5 6 7 8 0 1 
5 6 8 7 0 1 

500 5519727335022709917 1 6
4 5 6 2 8 7 

497 2402024348438328982 1 6
4 0 5 6 8 7 

489 2402024348438328982 1 6
3 0 5 6 7 8 

492 5519727335022709917 1 6
3 5 6 2 7 8 

485 1609777547858372600 2 6
0 5 6 2 7 8 
0 5 6 2 8 7 

474 7064138778674053709 2 6
6 7 8 4 3 1 
6 8 7 3 4 1 

470 17088399969848492392 1 6
6 4 1 2 8 7 

467 8745644923767813881 1 6
6 8 7 4 0 1 

462 17088399969848492392 1 6
6 3 1 2 7 8 

459 8745644923767813881 1 6
6 7 8 3 0 1 

476 10142476851179650411 2 6
6 3 4 2 8 7 
6 4 3 2 7 8 

473 7304920398839946538 2 6
6 7 8 4 3 0 
6 8 7 3 4 0 

455 13922428992145557960 2 6
6 1 0 2 7 8 
6 1 0 2 8 7 

469 8772879312416168315 1 6
6 4 0 2 8 7 

442 13440275682041111255 2 6
5 7 8 4 3 1 
5 8 7 3 4 1 

461 8772879312416168315 1 6
6 3 0 2 7 8 

438 9905766826811406425 1 6
5 4 1 2 8 7 

435 16328601297421434518 1 6
5 8 7 4 0 1 

430 9905766826811406425 1 6
5 3 1 2 7 8 

444 12344830621430600246 2 6
5 3 4 2 8 7 
5 4 3 2 7 8 

427 16328601297421434518 1 6
5 7 8 3 0 1 

423 5811597519809553350 2 6
5 1 0 2 7 8 
5 1 0 2 8 7 

437 17427345467347460065 1 6
5 4 0 2 8 7 

441 4816525609025901248 2 6
5 7 8 4 3 0 
5 8 7 3 4 0 

414 2718422980283842141 4 6
2 7 8 4 3 1 
2 7 8 3 4 1 
2 8 7 4 3 1 
2 8 7 3 4 1 

411 2697002840750039131 4 6
7 8 3 4 0 1 
7 8 4 3 0 1 
8 7 3 4 0 1 
8 7 4 3 0 1 

429 17427345467347460065 1 6
5 3 0 2 7 8 

413 13993655814612939905 4 6
2 7 8 4 3 0 
2 7 8 3 4 0 
2 8 7 4 3 0 
2 8 7 3 4 0 

407 16046277873154738586 2 6
4 0 1 2 7 8 
4 0 1 2 8 7 

399 16046277873154738586 2 6
3 0 1 2 7 8 
3 0 1 2 8 7 

374 8314295010570997826 1 6
4 1 2 8 5 6 

378 13539338113806718503 1 6
8 5 6 4 3 1 

366 15522774151790613500 1 6
2 8 3 1 5 6 

363 15937041158866269481 1 6
8 5 6 3 0 1 

371 8028003275230181255 1 6
8 5 6 4 0 1 

380 2818321856873047612 1 6
2 8 5 6 4 3 

359 14012250457587798546 1 6
5 6 2 8 1 0 

377 2237974133833075169 1 6
8 5 6 4 3 0 

365 5246988062240137097 1 6
3 0 2 8 5 6 

373 10945353745240956963 1 6
4 0 2 8 5 6 

347 168134016631574994 2 6
6 8 4 3 0 1 
8 6 4 3 0 1 

343 14198865908541626215 1 6
6 2 8 4 1 0 

350 17704571688582986264 1 6
6 2 8 4 3 1 

335 15352352912963018774 1 6
6 2 8 3 1 0 

349 17427958733477766283 1 6
6 2 8 4 3 0 

318 6205474421343035644 1 6
5 2 8 4 3 1 

315 2707161653525135874 1 6
5 8 4 3 0 1 

317 783447111628059873 1 6
5 2 8 4 3 0 

311 18006922878596942597 1 6
5 2 8 4 1 0 

250 13539338113806718503 1 6
7 5 6 3 4 1 

287 2838035571921401704 2 6
2 8 3 4 0 1 
2 8 4 3 0 1 

303 9052815105361620299 1 6
5 2 8 3 1 0 

246 15522774151790613500 1 6
2 7 4 1 5 6 

243 15937041158866269481 1 6
7 5 6 4 0 1 

231 14012250457587798546 1 6
5 6 2 7 1 0 

238 8314295010570997826 1 6
3 1 2 7 5 6 

235 8028003275230181255 1 6
7 5 6 3 0 1 

249 2237974133833075169 1 6
7 5 6 3 4 0 

245 5246988062240137097 1 6
4 0 2 7 5 6 

252 2818321856873047612 1 6
2 7 5 6 3 4 

237 10945353745240956963 1 6
3 0 2 7 5 6 

222 17704571688582986264 1 6
6 2 7 3 4 1 

215 15352352912963018774 1 6
6 2 7 4 1 0 

221 17427958733477766283 1 6
6 2 7 3 4 0 

207 14198865908541626215 1 6
6 2 7 3 1 0 

219 168134016631574994 2 6
6 7 3 4 0 1 
7 6 3 4 0 1 

190 6205474421343035644 1 6
5 2 7 3 4 1 

187 2707161653525135874 1 6
5 7 3 4 0 1 

189 783447111628059873 1 6
5 2 7 3 4 0 

175 18006922878596942597 1 6
5 2 7 3 1 0 

183 9052815105361620299 1 6
5 2 7 4 1 0 

159 2838035571921401704 2 6
2 7 3 4 0 1 
2 7 4 3 0 1 

126 16799019074328755113 2 6
2 5 6 4 3 1 
2 5 6 3 4 1 

123 7808855378413321558 2 6
5 6 3 4 0 1 
5 6 4 3 0 1 

63 8170540600240646067 4 6
2 5 3 4 1 0 
2 5 4 3 1 0 
5 2 3 4 1 0 
5 2 4 3 1 0 

125 4235532674595435271 2 6
2 5 6 4 3 0 
2 5 6 3 4 0 

119 4171504859314442915 1 6
2 5 6 4 1 0 

95 18387626948836760823 2 6
2 6 3 4 1 0 
2 6 4 3 1 0 

111 4171504859314442915 1 6
2 5 6 3 1 0 

496 6741467239324405349 1 5
4 5 6 8 7 

482 7605085300132705666 2 5
1 5 6 7 8 
1 5 6 8 7 

481 18183158589796876560 2 5
0 5 6 7 8 
0 5 6 8 7 

484 92814284032699566 2 5
5 6 2 7 8 
5 6 2 8 7 

488 6741467239324405349 1 5
3 5 6 7 8 

458 8981592606043057185 1 5
6 3 1 7 8 

466 8981592606043057185 1 5
6 4 1 8 7 

451 4876452574782603554 2 5
6 7 8 0 1 
6 8 7 0 1 

472 11943577567058281672 2 5
6 4 3 7 8 
6 3 4 8 7 

454 11856364133124780818 4 5
1 6 2 7 8 
1 6 2 8 7 
6 1 2 7 8 
6 1 2 8 7 

465 1465808388722078726 1 5
6 4 0 8 7 

468 4631904248890746148 1 5
4 6 2 8 7 

457 1465808388722078726 1 5
6 3 0 7 8 

453 1904693541148028641 2 5
0 6 2 7 8 
0 6 2 8 7 

460 4631904248890746148 1 5
3 6 2 7 8 

434 1366476437427098565 1 5
5 4 1 8 7 

426 1366476437427098565 1 5
5 3 1 7 8 

419 16635332259615842024 2 5
5 7 8 0 1 
5 8 7 0 1 

422 3440356624299248035 2 5
5 1 2 7 8 
5 1 2 8 7 

436 2209096102231801039 2 5
4 5 2 8 7 
5 4 2 8 7 

440 14574766795494761683 2 5
5 4 3 7 8 
5 3 4 8 7 

433 13123315294214611313 1 5
5 4 0 8 7 

425 13123315294214611313 1 5
5 3 0 7 8 

428 2209096102231801039 2 5
3 5 2 7 8 
5 3 2 7 8 

421 14855781712083650798 2 5
5 0 2 7 8 
5 0 2 8 7 

403 2599126520885042253 2 5
7 8 4 0 1 
8 7 4 0 1 

410 5967179431941344354 4 5
7 8 4 3 1 
7 8 3 4 1 
8 7 4 3 1 
8 7 3 4 1 

406 8199278229739520409 2 5
4 1 2 7 8 
4 1 2 8 7 

395 2599126520885042253 2 5
7 8 3 0 1 
8 7 3 0 1 

398 8199278229739520409 2 5
3 1 2 7 8 
3 1 2 8 7 

409 2431239807882845219 4 5
7 8 4 3 0 
7 8 3 4 0 
8 7 4 3 0 
8 7 3 4 0 

391 1313264041016552491 2 5
0 1 2 7 8 
0 1 2 8 7 

412 16621145235865671250 4 5
3 4 2 7 8 
3 4 2 8 7 
4 3 2 7 8 
4 3 2 8 7 

405 13653162664908846056 2 5
4 0 2 7 8 
4 0 2 8 7 

370 1209380303678623036 1 5
8 4 1 5 6 

397 13653162664908846056 2 5
3 0 2 7 8 
3 0 2 8 7 

278 15406660600063173003 2 4
2 8 4 1 
4 1 2 8 

21 14387733495235990617 1 3
2 4 0 

263 652541988355421596 1 4
2 8 0 1 

270 15406660600063173003 2 4
2 8 3 1 
3 1 2 8 

13 14387733495235990617 1 3
2 3 0 

225 15610992677511084863 1 4
0 7 5 6 

210 11990769028644529110 2 4
6 7 4 1 
7 6 4 1 

202 7280204158998552156 2 4
6 7 3 1 
7 6 3 1 

216 1901980464436632427 2 4
6 7 3 4 
7 6 3 4 

135 652541988355421596 1 4
2 7 0 1 

392 2849805779172057352 2 3
3 7 8 
3 8 7 

114 5373860658120540068 1 4
5 6 4 1 

106 5373860658120540068 1 4
5 6 3 1 

226 4416077531919838335 2 4
1 7 5 6 
7 1 5 6 

99 10276257952876681435 1 4
5 6 0 1 

356 5373860658120540068 1 4
5 6 2 8 

102 1460861365064218190 1 4
2 1 5 6 

120 9896287798247146928 2 4
5 6 3 4 
5 6 4 3 

108 13482312166786051139 2 4
2 3 5 6 
3 2 5 6 

116 13482312166786051139 2 4
2 4 5 6 
4 2 5 6 

240 8293608281406649797 1 4
4 7 5 6 

113 1360818443481224348 1 4
5 6 4 0 

232 3407052874047130810 1 4
3 7 5 6 

105 1360818443481224348 1 4
5 6 3 0 

362 6530123369034129631 1 5
8 5 6 3 1 

228 5373860658120540068 1 4
5 6 2 7 

101 1737906631444664365 1 4
2 0 5 6 

358 13521009107723832627 1 5
1 5 6 2 8 

86 12152577045520422986 1 4
2 6 4 1 

78 12152577045520422986 1 4
2 6 3 1 

92 3874126117847925266 2 4
2 6 4 3 
2 6 3 4 

198 311993389089937251 2 4
1 6 2 7 
6 1 2 7 

71 4621321986271322143 1 4
2 6 1 0 

328 18054779487213094827 2 3
3 6 8 
3 8 6 

204 5069303078012082896 1 4
3 6 2 7 

77 2536273425343679306 1 4
2 6 3 0 

334 8495863120914076784 1 5
6 2 8 3 1 

58 9829021077594943929 2 4
5 3 4 1 
5 4 3 1 

212 17894880357480254922 1 4
4 6 2 7 

85 2536273425343679306 1 4
2 6 4 0 

342 8202407297492161261 1 5
6 4 1 2 8 

46 3350840979172127825 2 4
2 5 3 1 
5 2 3 1 

54 3350840979172127825 2 4
2 5 4 1 
5 2 4 1 

178 5655568875390600688 1 4
5 7 4 1 

51 176470811172734903 1 4
5 4 0 1 

308 10880432878561687756 2 4
4 5 2 8 
5 4 2 8 

60 17844284739976809631 4 4
2 5 4 3 
2 5 3 4 
5 2 4 3 
5 2 3 4 

293 403503026028696691 1 4
5 0 2 8 

36 17087753756477223945 2 2
2 5 
5 2 

166 12159194040976764615 1 4
5 1 2 7 

39 10999970386489766988 2 4
2 5 1 0 
5 2 1 0 

296 12533917308045192969 2 3
3 5 8 
5 3 8 

180 31118838446587086 2 4
4 5 2 7 
5 4 2 7 

53 1431392051736073224 2 4
2 5 4 0 
5 2 4 0 

310 14556229065056051670 1 5
5 2 8 4 1 

170 14505538550821850107 1 4
5 7 3 1 

43 176470811172734903 1 4
5 3 0 1 

300 31118838446587086 2 4
3 5 2 8 
5 3 2 8 

184 15369845972000323493 1 4
5 7 3 4 

57 15095459513122265784 2 4
5 3 4 0 
5 4 3 0 

314 1202488322516277266 1 5
5 8 4 3 1 

172 10880432878561687756 2 4
3 5 2 7 
5 3 2 7 

45 1431392051736073224 2 4
2 5 3 0 
5 2 3 0 

302 18087956534886359526 1 5
5 2 8 3 1 

277 1991860458353327362 1 4
4 0 2 8 

20 17087753756477223945 2 2
2 4 
4 2 

150 15406660600063173003 2 4
2 7 4 1 
4 1 2 7 

23 176470811172734903 1 4
2 4 0 1 

269 1991860458353327362 1 4
3 0 2 8 

12 17087753756477223945 2 2
2 3 
3 2 

142 15406660600063173003 2 4
2 7 3 1 
3 1 2 7 

15 176470811172734903 1 4
2 3 0 1 

284 17663828750069960505 2 4
2 8 4 3 
2 8 3 4 

30 9829021077594943929 2 4
2 3 4 1 
2 4 3 1 

156 17663828750069960505 2 4
2 7 4 3 
2 7 3 4 

29 15095459513122265784 2 4
2 3 4 0 
2 4 3 0 

286 772038652885336484 2 5
2 8 3 4 1 
2 8 4 3 1 

104 12858325137428765181 1 3
3 5 6 

361 9478141666970884976 1 5
8 5 6 3 0 

97 641461810544272922 1 3
0 5 6 

354 4416077531919838335 2 4
1 8 5 6 
8 1 5 6 

76 17662388742419376403 2 3
2 3 6 
3 2 6 

333 15192737590261580312 1 5
6 3 0 2 8 

44 10464402029777390164 6 3
2 3 5 
2 5 3 
3 2 5 
3 5 2 
5 3 2 
5 2 3 

301 5315832555892836068 1 5
5 3 0 2 8 

56 17383987363454026160 2 3
5 4 3 
5 3 4 

313 4943568682793271731 1 5
5 8 4 3 0 

165 403503026028696691 1 4
5 0 2 7 

38 3519693191574693728 2 3
2 5 1 
5 2 1 

295 3255491823149577751 1 5
5 2 8 1 0 

292 11149028268085365730 1 3
5 2 8 

35 16358925690646942719 1 3
5 0 1 

52 10464402029777390164 6 3
2 4 5 
2 5 4 
4 2 5 
4 5 2 
5 4 2 
5 2 4 

309 18007197484262553589 1 5
5 4 0 2 8 

33 7761248114875356858 1 2
5 0 

290 10706753935364593016 2 3
5 1 8 
5 8 1 

201 7996713182317812281 2 4
6 7 3 0 
7 6 3 0 

5 7761248114875356858 1 2
2 0 

69 1300587638082901529 1 3
2 0 6 

326 311993389089937251 2 4
1 6 2 8 
6 1 2 8 

40 17087753756477223945 2 2
3 5 
5 3 

297 17701327167032619626 1 4
5 8 3 0 

48 17087753756477223945 2 2
4 5 
5 4 

305 11531565972256508068 1 4
5 8 4 0 

149 1991860458353327362 1 4
4 0 2 7 

276 11149028268085365730 1 3
4 2 8 

22 11149028268085365730 1 3
2 4 1 

279 7570663605609118270 1 5
2 8 4 0 1 

197 15049628070527159613 1 4
0 6 2 7 

70 16258839135554755291 2 3
2 1 6 
2 6 1 

327 17212884573079501789 1 5
6 2 8 1 0 

100 12858325137428765181 1 3
2 5 6 

357 16749457109735660173 1 5
0 5 6 2 8 

209 16434453191282151129 2 4
6 7 4 0 
7 6 4 0 

336 12254329342543767602 2 3
4 6 8 
4 8 6 

79 1811583606281451141 1 5
2 6 3 1 0 

140 11149028268085365730 1 3
3 2 7 

41 14387733495235990617 1 3
5 3 0 

298 5655568875390600688 1 4
5 8 3 1 

168 9792737628942422839 2 3
3 5 7 
5 3 7 

28 17383987363454026160 2 3
2 3 4 
2 4 3 

285 9611710245710066326 2 5
2 8 3 4 0 
2 8 4 3 0 

112 12858325137428765181 1 3
4 5 6 

369 18296445782231795599 1 5
8 4 0 5 6 

84 17662388742419376403 2 3
2 4 6 
4 2 6 

341 3974302141411445955 1 5
6 4 0 2 8 

7 16358925690646942719 1 3
2 0 1 

261 7494945109137904594 1 3
0 2 8 

133 7494945109137904594 1 3
0 2 7 

148 11149028268085365730 1 3
4 2 7 

37 14063374028270402445 2 3
2 5 0 
5 2 0 

294 12159194040976764615 1 4
5 1 2 8 

164 11149028268085365730 1 3
5 2 7 

400 2849805779172057352 2 3
4 7 8 
4 8 7 

143 7570663605609118270 1 5
2 7 3 0 1 

161 18067366081857920483 1 3
5 0 7 

418 12423888041580094999 2 4
5 1 7 8 
5 1 8 7 

200 12254329342543767602 2 3
3 6 7 
3 7 6 

49 14387733495235990617 1 3
5 4 0 

306 14505538550821850107 1 4
5 8 4 1 

176 12533917308045192969 2 3
4 5 7 
5 4 7 

193 6102239087155200794 2 3
0 6 7 
0 7 6 

450 4109833914059158341 4 4
1 6 7 8 
1 6 8 7 
6 1 7 8 
6 1 8 7 

208 18054779487213094827 2 3
4 6 7 
4 7 6 

385 16238170326421577624 2 3
0 7 8 
0 8 7 

141 1991860458353327362 1 4
3 0 2 7 

14 11149028268085365730 1 3
2 3 1 

271 7570663605609118270 1 5
2 8 3 0 1 

268 11149028268085365730 1 3
3 2 8 

177 17701327167032619626 1 4
5 7 4 0 

50 11149028268085365730 1 3
5 4 1 

307 18419622086627663679 1 5
5 8 4 0 1 

304 9792737628942422839 2 3
4 5 8 
5 4 8 

47 5664702721559079082 2 5
2 5 3 1 0 
5 2 3 1 0 

169 11531565972256508068 1 4
5 7 3 0 

42 11149028268085365730 1 3
5 3 1 

299 7285356975510694292 1 5
5 8 3 0 1 

163 11759127871923694532 1 4
5 7 0 1 

420 18446051609787146811 2 4
5 2 7 8 
5 2 8 7 

194 6906529405458791006 6 3
1 6 7 
1 7 6 
6 1 7 
6 7 1 
7 6 1 
7 1 6 

321 6102239087155200794 2 3
0 6 8 
0 8 6 

195 3084629902633805045 2 4
6 7 0 1 
7 6 0 1 

322 6906529405458791006 6 3
1 6 8 
1 8 6 
6 1 8 
6 8 1 
8 6 1 
8 1 6 

162 10706753935364593016 2 3
5 1 7 
5 7 1 

289 18067366081857920483 1 3
5 0 8 

416 2849805779172057352 2 3
5 7 8 
5 8 7 

291 11759127871923694532 1 4
5 8 0 1 

312 15369845972000323493 1 4
5 8 4 3 

55 5664702721559079082 2 5
2 5 4 1 0 
5 2 4 1 0 

325 15049628070527159613 1 4
0 6 2 8 

337 7996713182317812281 2 4
6 8 4 0 
8 6 4 0 

332 17894880357480254922 1 4
3 6 2 8 

329 16434453191282151129 2 4
6 8 3 0 
8 6 3 0 

340 5069303078012082896 1 4
4 6 2 8 

344 1901980464436632427 2 4
6 8 4 3 
8 6 4 3 

87 1811583606281451141 1 5
2 6 4 1 0 

323 3084629902633805045 2 4
6 8 0 1 
8 6 0 1 

338 7280204158998552156 2 4
6 8 4 1 
8 6 4 1 

330 11990769028644529110 2 4
6 8 3 1 
8 6 3 1 

360 8293608281406649797 1 4
3 8 5 6 

103 17943526021559775527 1 5
2 5 6 1 0 

353 15610992677511084863 1 4
0 8 5 6 

368 3407052874047130810 1 4
4 8 5 6 

389 10156283576868251825 2 4
0 2 7 8 
0 2 8 7 

401 18238762625694272472 2 4
4 0 7 8 
4 0 8 7 

393 18238762625694272472 2 4
3 0 7 8 
3 0 8 7 

396 18446051609787146811 2 4
3 2 7 8 
3 2 8 7 

404 18446051609787146811 2 4
4 2 7 8 
4 2 8 7 

394 1226238002688797454 2 4
3 1 7 8 
3 1 8 7 

408 7009458825596742945 4 4
3 4 7 8 
3 4 8 7 
4 3 7 8 
4 3 8 7 

151 7570663605609118270 1 5
2 7 4 0 1 

387 431911364185227963 2 4
7 8 0 1 
8 7 0 1 

402 1226238002688797454 2 4
4 1 7 8 
4 1 8 7 

417 11802911238832877977 2 4
5 0 7 8 
5 0 8 7 

424 5480290657662309016 2 4
3 5 7 8 
5 3 7 8 

167 3255491823149577751 1 5
5 2 7 1 0 

449 169217643200513025 2 4
0 6 7 8 
0 6 8 7 

432 5480290657662309016 2 4
4 5 8 7 
5 4 8 7 

456 5735371542436802573 1 4
3 6 7 8 

199 17212884573079501789 1 5
6 2 7 1 0 

464 5735371542436802573 1 4
4 6 8 7 

480 4418891621091123933 2 4
5 6 7 8 
5 6 8 7 

31 17010981508354485392 2 5
2 3 4 0 1 
2 4 3 0 1 

59 17010981508354485392 2 5
5 3 4 0 1 
5 4 3 0 1 

316 3629827356409355518 1 5
5 2 8 4 3 

62 16694245704883279941 4 5
2 5 3 4 1 
2 5 4 3 1 
5 2 3 4 1 
5 2 4 3 1 

61 16484170460923407466 4 5
2 5 3 4 0 
2 5 4 3 0 
5 2 3 4 0 
5 2 4 3 0 

93 13389946866613338359 2 5
2 6 3 4 0 
2 6 4 3 0 

94 7359570895737850433 2 5
2 6 3 4 1 
2 6 4 3 1 

109 10809569551341472379 1 5
2 3 0 5 6 

117 10809569551341472379 1 5
2 4 0 5 6 

124 928230601207374978 2 5
2 5 6 3 4 
2 5 6 4 3 

121 11612007855419094777 2 5
5 6 4 3 0 
5 6 3 4 0 

110 7707485000959051665 1 5
2 3 1 5 6 

107 5033591737045013434 1 5
5 6 3 0 1 

364 13920352390520694226 1 5
3 2 8 5 6 

115 5033591737045013434 1 5
5 6 4 0 1 

372 3664511182769896785 1 5
4 2 8 5 6 

118 7707485000959051665 1 5
2 4 1 5 6 

122 2657185054015010701 2 5
5 6 4 3 1 
5 6 3 4 1 

157 9611710245710066326 2 5
2 7 3 4 0 
2 7 4 3 0 

158 772038652885336484 2 5
2 7 3 4 1 
2 7 4 3 1 

188 3629827356409355518 1 5
5 2 7 3 4 

181 5315832555892836068 1 5
5 4 0 2 7 

173 18007197484262553589 1 5
5 3 0 2 7 

185 4943568682793271731 1 5
5 7 3 4 0 

171 18419622086627663679 1 5
5 7 3 0 1 

174 14556229065056051670 1 5
5 2 7 3 1 

179 7285356975510694292 1 5
5 7 4 0 1 

182 18087956534886359526 1 5
5 2 7 4 1 

186 1202488322516277266 1 5
5 7 3 4 1 

217 15078459002195403917 2 5
6 7 3 4 0 
7 6 3 4 0 

205 3974302141411445955 1 5
6 3 0 2 7 

213 15192737590261580312 1 5
6 4 0 2 7 

220 5616155869680100405 1 5
6 2 7 3 4 

206 8202407297492161261 1 5
6 3 1 2 7 

211 17847616497046892036 2 5
6 7 4 0 1 
7 6 4 0 1 

203 6852781293686978144 2 5
6 7 3 0 1 
7 6 3 0 1 

214 8495863120914076784 1 5
6 2 7 4 1 

229 16749457109735660173 1 5
0 5 6 2 7 

218 12753209399029219157 2 5
6 7 3 4 1 
7 6 3 4 1 

233 18296445782231795599 1 5
7 3 0 5 6 

241 9478141666970884976 1 5
7 5 6 4 0 

236 3664511182769896785 1 5
3 2 7 5 6 

227 9506456649185838056 1 5
7 5 6 0 1 

244 13920352390520694226 1 5
4 2 7 5 6 

248 8820866425611611416 1 5
7 5 6 3 4 

234 1209380303678623036 1 5
7 3 1 5 6 

230 13521009107723832627 1 5
1 5 6 2 7 

242 6530123369034129631 1 5
7 5 6 4 1 

348 5616155869680100405 1 5
6 2 8 4 3 

345 15078459002195403917 2 5
6 8 4 3 0 
8 6 4 3 0 

331 17847616497046892036 2 5
6 8 3 0 1 
8 6 3 0 1 

346 12753209399029219157 2 5
6 8 4 3 1 
8 6 4 3 1 

339 6852781293686978144 2 5
6 8 4 0 1 
8 6 4 0 1 

376 8820866425611611416 1 5
8 5 6 4 3 

355 9506456649185838056 1 5
8 5 6 0 1 

