mercedes[-1,1,0,0,0,0,0,0,0,0,0,0]*(-3*a1)
mercedes[0,0,0,0,0,0,0,0,0,0,0,0]*(-a9-a3+a10+a1-a11+a5)
mercedes[0,1,0,0,0,0,0,0,0,0,0,0]*(-3*eta*a1-a1)
mercedes[-1,0,0,0,0,0,0,0,1,0,0,0]*(-2*a8)
mercedes[0,1,0,0,0,0,0,0,0,-1,0,0]*(2*a1)
mercedes[0,0,0,0,0,0,0,0,1,-1,0,0]*(a8)
mercedes[0,0,0,0,-1,1,0,0,0,0,0,0]*(-a5)
mercedes[0,0,0,0,0,0,0,0,1,0,0,0]*(-2*eta*a8-a8)
mercedes[0,0,0,0,0,0,0,0,0,0,0,1]*(a11)
mercedes[0,0,0,0,-1,0,0,1,0,0,0,0]*(2*a7)
mercedes[0,0,0,0,-1,0,0,0,1,0,0,0]*(-a8)
mercedes[0,0,-1,0,0,0,0,1,0,0,0,0]*(a7)
mercedes[0,0,0,-1,0,0,0,1,0,0,0,0]*(-a7)
mercedes[-1,0,0,0,0,0,1,0,0,0,0,0]*(-3*a6)
mercedes[0,-1,0,0,0,0,1,0,0,0,0,0]*(a6)
mercedes[0,0,0,0,0,0,0,0,0,1,0,0]*(a9*eta)
mercedes[0,0,0,-1,0,0,1,0,0,0,0,0]*(-a6)
mercedes[0,0,0,0,0,0,1,0,0,0,-1,0]*(a6)
mercedes[0,0,0,0,0,0,1,0,0,0,0,0]*(-a6-3*a6*eta)
mercedes[0,0,0,0,0,-1,0,0,1,0,0,0]*(a8)
mercedes[0,0,-1,0,0,0,0,0,0,0,1,0]*(-a10)
mercedes[0,0,0,0,0,-1,0,1,0,0,0,0]*(-a7)
mercedes[0,0,0,0,0,0,1,0,0,-1,0,0]*(2*a6)
mercedes[-1,0,0,0,0,0,0,0,0,1,0,0]*(a9)
mercedes[0,0,0,0,0,0,0,1,0,0,0,0]*(a7)
mercedes[0,-1,0,0,0,0,0,0,1,0,0,0]*(a8)
mercedes[0,0,0,0,-1,0,0,0,0,0,0,1]*(3*a11)
mercedes[0,0,0,0,0,-1,0,0,0,0,0,1]*(-2*a11)
mercedes[0,0,-1,1,0,0,0,0,0,0,0,0]*(a3)
mercedes[0,0,0,0,0,0,0,1,0,0,0,-1]*(-a7)

