165 4
209 4
225 4
226 4
389 4
393 4
356 4
720 4
900 4
904 4
1169 4
1409 4
1360 4
2185 4
2241 4
2376 4
2752 4
181 5
173 5
167 5
213 5
217 5
211 5
229 5
241 5
233 5
230 5
242 5
227 5
234 5
405 5
397 5
409 5
391 5
395 5
421 5
425 5
422 5
426 5
341 5
345 5
372 5
357 5
364 5
361 5
358 5
362 5
453 5
465 5
457 5
484 5
481 5
482 5
677 5
678 5
724 5
721 5
728 5
722 5
740 5
752 5
737 5
744 5
738 5
916 5
901 5
908 5
920 5
905 5
902 5
906 5
932 5
936 5
852 5
856 5
868 5
872 5
964 5
976 5
968 5
1173 5
1177 5
1171 5
1189 5
1201 5
1193 5
1233 5
1234 5
1249 5
1250 5
1305 5
1321 5
1322 5
1413 5
1425 5
1417 5
1426 5
1411 5
1418 5
1441 5
1442 5
1364 5
1361 5
1368 5
1362 5
1380 5
1392 5
1377 5
1384 5
1378 5
1488 5
1473 5
1681 5
1682 5
1744 5
1816 5
1924 5
1936 5
1921 5
1928 5
1922 5
1872 5
2197 5
2189 5
2201 5
2187 5
2213 5
2217 5
2133 5
2137 5
2149 5
2153 5
2245 5
2257 5
2249 5
2258 5
2243 5
2250 5
2273 5
2274 5
2437 5
2441 5
2442 5
2388 5
2373 5
2380 5
2392 5
2377 5
2378 5
2404 5
2408 5
2497 5
2504 5
2697 5
2698 5
2644 5
2648 5
2660 5
2664 5
2756 5
2768 5
2753 5
2760 5
2754 5
2784 5
2948 5
2952 5
2884 5
2888 5
3008 5
3097 5
3113 5
3217 5
3209 5
3233 5
3153 5
3169 5
3265 5
3337 5
3457 5
3408 5
3393 5
3400 5
3424 5
3776 5
3848 5
3968 5
3904 5
189 6
183 6
175 6
221 6
215 6
219 6
245 6
237 6
249 6
246 6
231 6
243 6
238 6
250 6
235 6
413 6
407 6
399 6
411 6
437 6
429 6
441 6
438 6
423 6
430 6
442 6
427 6
349 6
343 6
347 6
373 6
380 6
365 6
377 6
374 6
359 6
366 6
378 6
363 6
469 6
461 6
473 6
455 6
467 6
459 6
500 6
485 6
497 6
492 6
489 6
486 6
498 6
483 6
490 6
693 6
685 6
694 6
679 6
686 6
725 6
732 6
729 6
726 6
723 6
730 6
756 6
741 6
753 6
748 6
760 6
745 6
742 6
754 6
739 6
746 6
917 6
924 6
909 6
921 6
918 6
903 6
910 6
922 6
907 6
948 6
933 6
940 6
952 6
937 6
934 6
938 6
853 6
860 6
857 6
854 6
858 6
884 6
869 6
876 6
888 6
873 6
870 6
874 6
980 6
965 6
977 6
972 6
984 6
969 6
966 6
978 6
970 6
996 6
1008 6
993 6
1000 6
994 6
1181 6
1175 6
1179 6
1205 6
1197 6
1209 6
1191 6
1203 6
1195 6
1237 6
1241 6
1238 6
1235 6
1242 6
1253 6
1265 6
1257 6
1254 6
1266 6
1251 6
1258 6
1309 6
1307 6
1325 6
1337 6
1326 6
1338 6
1323 6
1429 6
1421 6
1433 6
1430 6
1415 6
1427 6
1422 6
1434 6
1419 6
1445 6
1457 6
1449 6
1446 6
1458 6
1443 6
1450 6
1365 6
1372 6
1369 6
1366 6
1363 6
1370 6
1396 6
1381 6
1393 6
1388 6
1400 6
1385 6
1382 6
1394 6
1379 6
1386 6
1492 6
1477 6
1489 6
1496 6
1481 6
1490 6
1475 6
1482 6
1508 6
1520 6
1505 6
1512 6
1506 6
1685 6
1689 6
1686 6
1683 6
1690 6
1701 6
1713 6
1705 6
1702 6
1714 6
1706 6
1748 6
1745 6
1752 6
1746 6
1764 6
1776 6
1761 6
1768 6
1762 6
1820 6
1817 6
1818 6
1848 6
1833 6
1834 6
1940 6
1925 6
1937 6
1932 6
1944 6
1929 6
1926 6
1938 6
1923 6
1930 6
1956 6
1968 6
1953 6
1960 6
1954 6
1876 6
1873 6
1880 6
1874 6
1892 6
1904 6
1889 6
1896 6
1890 6
1988 6
2000 6
1985 6
1992 6
1986 6
2205 6
2199 6
2191 6
2203 6
2229 6
2221 6
2233 6
2215 6
2219 6
2141 6
2135 6
2139 6
2165 6
2157 6
2169 6
2151 6
2155 6
2261 6
2253 6
2265 6
2262 6
2247 6
2259 6
2254 6
2266 6
2251 6
2277 6
2289 6
2281 6
2278 6
2290 6
2275 6
2282 6
2453 6
2445 6
2457 6
2454 6
2439 6
2446 6
2458 6
2443 6
2469 6
2473 6
2470 6
2474 6
2389 6
2396 6
2381 6
2393 6
2390 6
2375 6
2382 6
2394 6
2379 6
2420 6
2405 6
2412 6
2424 6
2409 6
2406 6
2410 6
2516 6
2501 6
2513 6
2508 6
2520 6
2505 6
2514 6
2499 6
2506 6
2532 6
2529 6
2536 6
2530 6
2709 6
2701 6
2713 6
2710 6
2702 6
2714 6
2699 6
2725 6
2729 6
2726 6
2730 6
2645 6
2652 6
2649 6
2646 6
2650 6
2676 6
2661 6
2668 6
2680 6
2665 6
2662 6
2666 6
2772 6
2757 6
2769 6
2764 6
2776 6
2761 6
2758 6
2770 6
2755 6
2762 6
2788 6
2800 6
2785 6
2792 6
2786 6
2964 6
2949 6
2956 6
2968 6
2953 6
2950 6
2954 6
2980 6
2984 6
2900 6
2885 6
2892 6
2904 6
2889 6
2886 6
2890 6
2916 6
2920 6
3012 6
3024 6
3009 6
3016 6
3010 6
3040 6
3101 6
3099 6
3117 6
3129 6
3115 6
3221 6
3213 6
3225 6
3219 6
3211 6
3237 6
3249 6
3241 6
3235 6
3157 6
3161 6
3155 6
3162 6
3173 6
3185 6
3177 6
3171 6
3178 6
3269 6
3281 6
3273 6
3282 6
3267 6
3274 6
3297 6
3298 6
3341 6
3353 6
3354 6
3339 6
3369 6
3370 6
3461 6
3473 6
3465 6
3474 6
3459 6
3466 6
3489 6
3490 6
3412 6
3397 6
3409 6
3404 6
3416 6
3401 6
3410 6
3395 6
3402 6
3428 6
3440 6
3425 6
3432 6
3426 6
3536 6
3521 6
3528 6
3552 6
3609 6
3610 6
3625 6
3626 6
3729 6
3721 6
3730 6
3722 6
3745 6
3746 6
3668 6
3665 6
3672 6
3666 6
3684 6
3681 6
3688 6
3682 6
3780 6
3792 6
3777 6
3784 6
3778 6
3808 6
3852 6
3864 6
3849 6
3850 6
3880 6
3972 6
3984 6
3969 6
3976 6
3970 6
4000 6
3908 6
3920 6
3905 6
3912 6
3906 6
3936 6
4032 6
191 7
223 7
253 7
247 7
254 7
239 7
251 7
415 7
445 7
439 7
446 7
431 7
443 7
351 7
381 7
375 7
382 7
367 7
379 7
477 7
471 7
463 7
475 7
501 7
508 7
493 7
505 7
502 7
487 7
499 7
494 7
506 7
491 7
701 7
695 7
702 7
687 7
733 7
727 7
734 7
731 7
757 7
764 7
749 7
761 7
758 7
743 7
755 7
750 7
762 7
747 7
925 7
919 7
926 7
911 7
923 7
949 7
956 7
941 7
953 7
950 7
935 7
942 7
954 7
939 7
861 7
855 7
862 7
859 7
885 7
892 7
877 7
889 7
886 7
871 7
878 7
890 7
875 7
981 7
988 7
973 7
985 7
982 7
967 7
979 7
974 7
986 7
971 7
1012 7
997 7
1009 7
1004 7
1016 7
1001 7
998 7
1010 7
995 7
1002 7
1183 7
1213 7
1207 7
1199 7
1211 7
1245 7
1239 7
1246 7
1243 7
1269 7
1261 7
1273 7
1270 7
1255 7
1267 7
1262 7
1274 7
1259 7
1311 7
1341 7
1342 7
1327 7
1339 7
1437 7
1431 7
1438 7
1423 7
1435 7
1461 7
1453 7
1465 7
1462 7
1447 7
1459 7
1454 7
1466 7
1451 7
1373 7
1367 7
1374 7
1371 7
1397 7
1404 7
1389 7
1401 7
1398 7
1383 7
1395 7
1390 7
1402 7
1387 7
1493 7
1500 7
1485 7
1497 7
1494 7
1479 7
1491 7
1486 7
1498 7
1483 7
1524 7
1509 7
1521 7
1516 7
1528 7
1513 7
1510 7
1522 7
1507 7
1514 7
1693 7
1687 7
1694 7
1691 7
1717 7
1709 7
1721 7
1718 7
1703 7
1715 7
1710 7
1722 7
1707 7
1749 7
1756 7
1753 7
1750 7
1747 7
1754 7
1780 7
1765 7
1777 7
1772 7
1784 7
1769 7
1766 7
1778 7
1763 7
1770 7
1821 7
1822 7
1819 7
1852 7
1837 7
1849 7
1838 7
1850 7
1835 7
1941 7
1948 7
1933 7
1945 7
1942 7
1927 7
1939 7
1934 7
1946 7
1931 7
1972 7
1957 7
1969 7
1964 7
1976 7
1961 7
1958 7
1970 7
1955 7
1962 7
1877 7
1884 7
1881 7
1878 7
1875 7
1882 7
1908 7
1893 7
1905 7
1900 7
1912 7
1897 7
1894 7
1906 7
1891 7
1898 7
2004 7
1989 7
2001 7
1996 7
2008 7
1993 7
1990 7
2002 7
1987 7
1994 7
2020 7
2032 7
2017 7
2024 7
2018 7
2207 7
2237 7
2231 7
2223 7
2235 7
2143 7
2173 7
2167 7
2159 7
2171 7
2269 7
2263 7
2270 7
2255 7
2267 7
2293 7
2285 7
2297 7
2294 7
2279 7
2291 7
2286 7
2298 7
2283 7
2461 7
2455 7
2462 7
2447 7
2459 7
2485 7
2477 7
2489 7
2486 7
2471 7
2478 7
2490 7
2475 7
2397 7
2391 7
2398 7
2383 7
2395 7
2421 7
2428 7
2413 7
2425 7
2422 7
2407 7
2414 7
2426 7
2411 7
2517 7
2524 7
2509 7
2521 7
2518 7
2503 7
2515 7
2510 7
2522 7
2507 7
2548 7
2533 7
2545 7
2540 7
2552 7
2537 7
2534 7
2546 7
2531 7
2538 7
2717 7
2711 7
2718 7
2703 7
2715 7
2741 7
2733 7
2745 7
2742 7
2727 7
2734 7
2746 7
2731 7
2653 7
2647 7
2654 7
2651 7
2677 7
2684 7
2669 7
2681 7
2678 7
2663 7
2670 7
2682 7
2667 7
2773 7
2780 7
2765 7
2777 7
2774 7
2759 7
2771 7
2766 7
2778 7
2763 7
2804 7
2789 7
2801 7
2796 7
2808 7
2793 7
2790 7
2802 7
2787 7
2794 7
2965 7
2972 7
2957 7
2969 7
2966 7
2951 7
2958 7
2970 7
2955 7
2996 7
2981 7
2988 7
3000 7
2985 7
2982 7
2986 7
2901 7
2908 7
2893 7
2905 7
2902 7
2887 7
2894 7
2906 7
2891 7
2932 7
2917 7
2924 7
2936 7
2921 7
2918 7
2922 7
3028 7
3013 7
3025 7
3020 7
3032 7
3017 7
3014 7
3026 7
3011 7
3018 7
3044 7
3056 7
3041 7
3048 7
3042 7
3103 7
3133 7
3119 7
3131 7
3229 7
3223 7
3215 7
3227 7
3253 7
3245 7
3257 7
3239 7
3251 7
3243 7
3165 7
3159 7
3166 7
3163 7
3189 7
3181 7
3193 7
3175 7
3187 7
3182 7
3194 7
3179 7
3285 7
3277 7
3289 7
3286 7
3271 7
3283 7
3278 7
3290 7
3275 7
3301 7
3313 7
3305 7
3302 7
3314 7
3299 7
3306 7
3357 7
3358 7
3343 7
3355 7
3373 7
3385 7
3374 7
3386 7
3371 7
3477 7
3469 7
3481 7
3478 7
3463 7
3475 7
3470 7
3482 7
3467 7
3493 7
3505 7
3497 7
3494 7
3506 7
3491 7
3498 7
3413 7
3420 7
3405 7
3417 7
3414 7
3399 7
3411 7
3406 7
3418 7
3403 7
3444 7
3429 7
3441 7
3436 7
3448 7
3433 7
3430 7
3442 7
3427 7
3434 7
3540 7
3525 7
3537 7
3532 7
3544 7
3529 7
3538 7
3523 7
3530 7
3556 7
3568 7
3553 7
3560 7
3554 7
3613 7
3614 7
3611 7
3629 7
3641 7
3630 7
3642 7
3627 7
3733 7
3725 7
3737 7
3734 7
3731 7
3726 7
3738 7
3723 7
3749 7
3761 7
3753 7
3750 7
3762 7
3747 7
3754 7
3669 7
3676 7
3673 7
3670 7
3667 7
3674 7
3700 7
3685 7
3697 7
3692 7
3704 7
3689 7
3686 7
3698 7
3683 7
3690 7
3796 7
3781 7
3793 7
3788 7
3800 7
3785 7
3782 7
3794 7
3779 7
3786 7
3812 7
3824 7
3809 7
3816 7
3810 7
3868 7
3853 7
3865 7
3854 7
3866 7
3851 7
3884 7
3896 7
3881 7
3882 7
3988 7
3973 7
3985 7
3980 7
3992 7
3977 7
3974 7
3986 7
3971 7
3978 7
4004 7
4016 7
4001 7
4008 7
4002 7
3924 7
3909 7
3921 7
3916 7
3928 7
3913 7
3910 7
3922 7
3907 7
3914 7
3940 7
3952 7
3937 7
3944 7
3938 7
4036 7
4048 7
4033 7
4040 7
4034 7
4064 7
255 8
447 8
383 8
479 8
509 8
503 8
510 8
495 8
507 8
703 8
735 8
765 8
759 8
766 8
751 8
763 8
927 8
957 8
951 8
958 8
943 8
955 8
863 8
893 8
887 8
894 8
879 8
891 8
989 8
983 8
990 8
975 8
987 8
1013 8
1020 8
1005 8
1017 8
1014 8
999 8
1011 8
1006 8
1018 8
1003 8
1215 8
1247 8
1277 8
1271 8
1278 8
1263 8
1275 8
1343 8
1439 8
1469 8
1463 8
1470 8
1455 8
1467 8
1375 8
1405 8
1399 8
1406 8
1391 8
1403 8
1501 8
1495 8
1502 8
1487 8
1499 8
1525 8
1532 8
1517 8
1529 8
1526 8
1511 8
1523 8
1518 8
1530 8
1515 8
1695 8
1725 8
1719 8
1726 8
1711 8
1723 8
1757 8
1751 8
1758 8
1755 8
1781 8
1788 8
1773 8
1785 8
1782 8
1767 8
1779 8
1774 8
1786 8
1771 8
1823 8
1853 8
1854 8
1839 8
1851 8
1949 8
1943 8
1950 8
1935 8
1947 8
1973 8
1980 8
1965 8
1977 8
1974 8
1959 8
1971 8
1966 8
1978 8
1963 8
1885 8
1879 8
1886 8
1883 8
1909 8
1916 8
1901 8
1913 8
1910 8
1895 8
1907 8
1902 8
1914 8
1899 8
2005 8
2012 8
1997 8
2009 8
2006 8
1991 8
2003 8
1998 8
2010 8
1995 8
2036 8
2021 8
2033 8
2028 8
2040 8
2025 8
2022 8
2034 8
2019 8
2026 8
2239 8
2175 8
2271 8
2301 8
2295 8
2302 8
2287 8
2299 8
2463 8
2493 8
2487 8
2494 8
2479 8
2491 8
2399 8
2429 8
2423 8
2430 8
2415 8
2427 8
2525 8
2519 8
2526 8
2511 8
2523 8
2549 8
2556 8
2541 8
2553 8
2550 8
2535 8
2547 8
2542 8
2554 8
2539 8
2719 8
2749 8
2743 8
2750 8
2735 8
2747 8
2655 8
2685 8
2679 8
2686 8
2671 8
2683 8
2781 8
2775 8
2782 8
2767 8
2779 8
2805 8
2812 8
2797 8
2809 8
2806 8
2791 8
2803 8
2798 8
2810 8
2795 8
2973 8
2967 8
2974 8
2959 8
2971 8
2997 8
3004 8
2989 8
3001 8
2998 8
2983 8
2990 8
3002 8
2987 8
2909 8
2903 8
2910 8
2895 8
2907 8
2933 8
2940 8
2925 8
2937 8
2934 8
2919 8
2926 8
2938 8
2923 8
3029 8
3036 8
3021 8
3033 8
3030 8
3015 8
3027 8
3022 8
3034 8
3019 8
3060 8
3045 8
3057 8
3052 8
3064 8
3049 8
3046 8
3058 8
3043 8
3050 8
3135 8
3231 8
3261 8
3255 8
3247 8
3259 8
3167 8
3197 8
3191 8
3198 8
3183 8
3195 8
3293 8
3287 8
3294 8
3279 8
3291 8
3317 8
3309 8
3321 8
3318 8
3303 8
3315 8
3310 8
3322 8
3307 8
3359 8
3389 8
3390 8
3375 8
3387 8
3485 8
3479 8
3486 8
3471 8
3483 8
3509 8
3501 8
3513 8
3510 8
3495 8
3507 8
3502 8
3514 8
3499 8
3421 8
3415 8
3422 8
3407 8
3419 8
3445 8
3452 8
3437 8
3449 8
3446 8
3431 8
3443 8
3438 8
3450 8
3435 8
3541 8
3548 8
3533 8
3545 8
3542 8
3527 8
3539 8
3534 8
3546 8
3531 8
3572 8
3557 8
3569 8
3564 8
3576 8
3561 8
3558 8
3570 8
3555 8
3562 8
3615 8
3645 8
3646 8
3631 8
3643 8
3741 8
3735 8
3742 8
3727 8
3739 8
3765 8
3757 8
3769 8
3766 8
3751 8
3763 8
3758 8
3770 8
3755 8
3677 8
3671 8
3678 8
3675 8
3701 8
3708 8
3693 8
3705 8
3702 8
3687 8
3699 8
3694 8
3706 8
3691 8
3797 8
3804 8
3789 8
3801 8
3798 8
3783 8
3795 8
3790 8
3802 8
3787 8
3828 8
3813 8
3825 8
3820 8
3832 8
3817 8
3814 8
3826 8
3811 8
3818 8
3869 8
3870 8
3855 8
3867 8
3900 8
3885 8
3897 8
3886 8
3898 8
3883 8
3989 8
3996 8
3981 8
3993 8
3990 8
3975 8
3987 8
3982 8
3994 8
3979 8
4020 8
4005 8
4017 8
4012 8
4024 8
4009 8
4006 8
4018 8
4003 8
4010 8
3925 8
3932 8
3917 8
3929 8
3926 8
3911 8
3923 8
3918 8
3930 8
3915 8
3956 8
3941 8
3953 8
3948 8
3960 8
3945 8
3942 8
3954 8
3939 8
3946 8
4052 8
4037 8
4049 8
4044 8
4056 8
4041 8
4038 8
4050 8
4035 8
4042 8
4068 8
4080 8
4065 8
4072 8
4066 8
511 9
767 9
959 9
895 9
991 9
1021 9
1015 9
1022 9
1007 9
1019 9
1279 9
1471 9
1407 9
1503 9
1533 9
1527 9
1534 9
1519 9
1531 9
1727 9
1759 9
1789 9
1783 9
1790 9
1775 9
1787 9
1855 9
1951 9
1981 9
1975 9
1982 9
1967 9
1979 9
1887 9
1917 9
1911 9
1918 9
1903 9
1915 9
2013 9
2007 9
2014 9
1999 9
2011 9
2037 9
2044 9
2029 9
2041 9
2038 9
2023 9
2035 9
2030 9
2042 9
2027 9
2303 9
2495 9
2431 9
2527 9
2557 9
2551 9
2558 9
2543 9
2555 9
2751 9
2687 9
2783 9
2813 9
2807 9
2814 9
2799 9
2811 9
2975 9
3005 9
2999 9
3006 9
2991 9
3003 9
2911 9
2941 9
2935 9
2942 9
2927 9
2939 9
3037 9
3031 9
3038 9
3023 9
3035 9
3061 9
3068 9
3053 9
3065 9
3062 9
3047 9
3059 9
3054 9
3066 9
3051 9
3263 9
3199 9
3295 9
3325 9
3319 9
3326 9
3311 9
3323 9
3391 9
3487 9
3517 9
3511 9
3518 9
3503 9
3515 9
3423 9
3453 9
3447 9
3454 9
3439 9
3451 9
3549 9
3543 9
3550 9
3535 9
3547 9
3573 9
3580 9
3565 9
3577 9
3574 9
3559 9
3571 9
3566 9
3578 9
3563 9
3647 9
3743 9
3773 9
3767 9
3774 9
3759 9
3771 9
3679 9
3709 9
3703 9
3710 9
3695 9
3707 9
3805 9
3799 9
3806 9
3791 9
3803 9
3829 9
3836 9
3821 9
3833 9
3830 9
3815 9
3827 9
3822 9
3834 9
3819 9
3871 9
3901 9
3902 9
3887 9
3899 9
3997 9
3991 9
3998 9
3983 9
3995 9
4021 9
4028 9
4013 9
4025 9
4022 9
4007 9
4019 9
4014 9
4026 9
4011 9
3933 9
3927 9
3934 9
3919 9
3931 9
3957 9
3964 9
3949 9
3961 9
3958 9
3943 9
3955 9
3950 9
3962 9
3947 9
4053 9
4060 9
4045 9
4057 9
4054 9
4039 9
4051 9
4046 9
4058 9
4043 9
4084 9
4069 9
4081 9
4076 9
4088 9
4073 9
4070 9
4082 9
4067 9
4074 9
1023 10
1535 10
1791 10
1983 10
1919 10
2015 10
2045 10
2039 10
2046 10
2031 10
2043 10
2559 10
2815 10
3007 10
2943 10
3039 10
3069 10
3063 10
3070 10
3055 10
3067 10
3327 10
3519 10
3455 10
3551 10
3581 10
3575 10
3582 10
3567 10
3579 10
3775 10
3711 10
3807 10
3837 10
3831 10
3838 10
3823 10
3835 10
3903 10
3999 10
4029 10
4023 10
4030 10
4015 10
4027 10
3935 10
3965 10
3959 10
3966 10
3951 10
3963 10
4061 10
4055 10
4062 10
4047 10
4059 10
4085 10
4092 10
4077 10
4089 10
4086 10
4071 10
4083 10
4078 10
4090 10
4075 10
2047 11
3071 11
3583 11
3839 11
4031 11
3967 11
4063 11
4093 11
4087 11
4094 11
4079 11
4091 11
4095 12
