494 4149628288021635765 4 7
8 3 1 2 5 7 6 
8 5 7 6 3 1 2 
8 7 5 6 1 3 2 
8 1 3 2 7 5 6 

508 2967583873110630567 1 7
8 3 2 7 5 4 6 

505 4017031063963272013 1 7
8 3 0 7 5 6 4 

506 15466953333289021642 1 7
8 3 1 5 7 4 6 

493 1020004434921262991 1 7
8 3 0 2 7 5 6 

443 887120238932017929 2 7
8 3 1 0 5 7 4 
8 7 5 4 1 3 0 

491 3251006265909189345 1 7
8 3 1 0 5 7 6 

445 9386545385393796939 1 7
8 3 2 0 7 5 4 

446 3251006265909189345 1 7
8 7 5 4 1 3 2 

431 15466953333289021642 1 7
8 7 5 1 3 0 2 

381 6673761977139636180 1 7
8 3 0 2 5 4 6 

382 18127030017520502165 1 7
8 5 4 6 1 3 2 

379 6365261299993930450 1 7
8 5 6 4 1 3 0 

319 17834930154656568378 1 7
8 5 4 1 3 2 0 

254 9172682221036765585 2 7
1 3 2 7 5 4 6 
3 1 2 7 5 4 6 

367 2970955916022937084 1 7
8 5 6 1 3 0 2 

253 5221083735123350508 1 7
3 0 2 7 5 4 6 

239 9172682221036765585 2 7
5 7 6 3 1 0 2 
7 5 6 3 1 0 2 

251 7398463580675112397 1 7
3 1 0 7 5 4 6 

191 7398463580675112397 1 7
7 5 4 3 1 0 2 

127 15626467885935539218 2 7
5 4 6 3 1 0 2 
5 6 4 3 1 0 2 

501 729218034949860853 1 7
8 0 2 7 5 4 6 

502 2970955916022937084 1 7
8 1 2 5 7 4 6 

499 17834930154656568378 1 7
8 1 0 5 7 6 4 

375 2669007008026498892 4 7
8 1 2 0 5 6 4 
8 1 0 2 5 4 6 
8 5 4 6 1 0 2 
8 5 6 4 1 2 0 

487 18127030017520502165 1 7
8 1 0 2 5 7 6 

247 15626467885935539218 2 7
1 0 2 7 5 4 6 
1 2 0 7 5 4 6 

439 6365261299993930450 1 7
8 1 2 0 5 7 4 

477 2076380661893840354 2 7
8 3 0 2 7 4 6 
8 7 4 6 3 0 2 

475 9386545385393796939 1 7
8 7 6 4 3 1 0 

463 2967583873110630567 1 7
8 7 6 3 1 0 2 

478 1020004434921262991 1 7
8 7 4 6 3 1 2 

415 4017031063963272013 1 7
8 7 4 3 1 2 0 

351 729218034949860853 1 7
8 4 6 3 1 0 2 

471 6673761977139636180 1 7
8 7 4 6 1 0 2 

223 5221083735123350508 1 7
7 4 6 3 1 0 2 

490 5463135842552043650 2 6
8 3 1 5 7 6 
8 1 3 7 5 6 

504 13367584301549009580 1 6
3 8 7 5 4 6 

489 1687902914049680690 1 6
8 3 0 7 5 6 

492 10981284032893263408 1 6
8 3 2 7 5 6 

444 7556524124660942065 1 6
8 3 2 7 5 4 

441 8763305337943117702 1 6
8 3 0 7 5 4 

442 14117637469262545471 1 6
8 3 1 5 7 4 

430 5463135842552043650 2 6
8 5 7 3 1 2 
8 7 5 1 3 2 

429 8898674857064432243 1 6
8 7 5 3 0 2 

427 14117637469262545471 1 6
8 7 5 1 3 0 

378 8953116929568170435 1 6
8 1 3 5 4 6 

377 5437645881634561008 1 6
8 3 0 5 6 4 

380 14140043333891065649 1 6
8 3 2 5 4 6 

365 8698447382172628952 1 6
8 5 6 3 0 2 

366 10981284032893263408 1 6
8 5 6 1 3 2 

363 11906403126014346780 1 6
8 5 6 1 3 0 

238 13873251213657616107 8 6
1 3 2 5 7 6 
1 3 2 7 5 6 
3 1 2 5 7 6 
3 1 2 7 5 6 
5 7 6 1 3 2 
5 7 6 3 1 2 
7 5 6 3 1 2 
7 5 6 1 3 2 

317 10180354600799205093 1 6
8 5 4 3 2 0 

318 15628984469286007111 1 6
8 5 4 1 3 2 

315 17480210255603808689 1 6
8 5 4 1 3 0 

303 2957541135712920571 1 6
5 8 1 3 0 2 

250 15366114782198311000 2 6
1 3 7 5 4 6 
3 1 7 5 4 6 

252 15377213930893413220 1 6
3 2 7 5 4 6 

249 14700910558088237868 1 6
3 0 7 5 4 6 

237 5457711025663558523 2 6
3 0 2 5 7 6 
3 0 2 7 5 6 

235 15897027228049360416 2 6
3 1 0 5 7 6 
3 1 0 7 5 6 

187 15411617013840083308 2 6
3 1 0 7 5 4 
7 5 4 3 1 0 

189 10197535103063981147 1 6
3 0 2 7 5 4 

190 15897027228049360416 2 6
7 5 4 3 1 2 
7 5 4 1 3 2 

175 15366114782198311000 2 6
5 7 3 1 0 2 
7 5 3 1 0 2 

126 13123408727682790575 4 6
5 4 6 1 3 2 
5 4 6 3 1 2 
5 6 4 3 1 2 
5 6 4 1 3 2 

123 4977616248804174120 2 6
5 4 6 3 1 0 
5 6 4 3 1 0 

125 2744529048976924387 2 6
3 0 2 5 4 6 
3 0 2 5 6 4 

111 15377213930893413220 1 6
5 6 3 1 0 2 

63 15377213930893413220 1 6
5 4 3 1 0 2 

497 13880579839477042597 2 6
0 8 7 5 6 4 
8 0 7 5 6 4 

500 9345220652717770923 2 6
2 8 7 5 4 6 
8 2 7 5 4 6 

498 2957541135712920571 1 6
1 8 5 7 4 6 

485 4829422404602920210 1 6
8 0 2 7 5 6 

486 10981284032893263408 1 6
8 1 2 5 7 6 

483 15628984469286007111 1 6
8 1 0 5 7 6 

437 12200240017639618127 1 6
8 2 0 7 5 4 

438 11906403126014346780 1 6
8 1 2 5 7 4 

423 8953116929568170435 1 6
8 5 7 1 0 2 

435 17480210255603808689 1 6
8 1 0 5 7 4 

373 1938239141549981720 2 6
8 2 0 5 6 4 
8 0 2 5 4 6 

374 8277200859855801599 1 6
8 1 2 5 4 6 

371 8277200859855801599 1 6
8 1 0 5 6 4 

245 15563062242545426252 2 6
0 2 7 5 4 6 
2 0 7 5 4 6 

359 8277200859855801599 1 6
8 5 6 1 0 2 

311 8277200859855801599 1 6
8 5 4 1 2 0 

231 13123408727682790575 4 6
1 0 2 5 7 6 
1 0 2 7 5 6 
1 2 0 5 7 6 
1 2 0 7 5 6 

246 15377213930893413220 1 6
1 2 7 5 4 6 

119 1322210406159082281 8 6
1 0 2 5 4 6 
1 0 2 5 6 4 
1 2 0 5 4 6 
1 2 0 5 6 4 
5 4 6 1 0 2 
5 4 6 1 2 0 
5 6 4 1 0 2 
5 6 4 1 2 0 

183 4977616248804174120 2 6
1 0 2 7 5 4 
1 2 0 7 5 4 

243 15377213930893413220 1 6
1 0 7 5 4 6 

476 16916162718668162450 1 6
8 3 2 7 4 6 

474 8898674857064432243 1 6
8 3 1 7 4 6 

473 8217353616130663752 1 6
8 3 0 7 6 4 

461 16916162718668162450 1 6
8 7 6 3 0 2 

462 10981284032893263408 1 6
8 7 6 3 1 2 

459 7556524124660942065 1 6
8 7 6 3 1 0 

413 8217353616130663752 1 6
8 7 4 3 2 0 

414 1687902914049680690 1 6
8 7 4 3 1 2 

411 8763305337943117702 1 6
8 7 4 3 1 0 

399 13367584301549009580 1 6
7 8 3 1 0 2 

349 14912606971761009514 1 6
8 4 6 3 0 2 

350 4829422404602920210 1 6
8 4 6 3 1 2 

347 12200240017639618127 1 6
8 6 4 3 1 0 

335 9345220652717770923 2 6
6 8 3 1 0 2 
8 6 3 1 0 2 

221 9703276843864822641 2 6
3 0 2 7 4 6 
7 4 6 3 0 2 

287 13880579839477042597 2 6
4 8 3 1 2 0 
8 4 3 1 2 0 

222 5457711025663558523 2 6
7 4 6 3 1 2 
7 4 6 1 3 2 

219 10197535103063981147 1 6
7 4 6 3 1 0 

159 14700910558088237868 1 6
7 4 3 1 0 2 

207 15377213930893413220 1 6
7 6 3 1 0 2 

95 15563062242545426252 2 6
4 6 3 1 0 2 
6 4 3 1 0 2 

469 14912606971761009514 1 6
8 0 2 7 4 6 

470 8698447382172628952 1 6
8 1 2 7 4 6 

467 10180354600799205093 1 6
8 1 0 7 6 4 

343 1938239141549981720 2 6
8 4 6 1 0 2 
8 6 4 1 2 0 

407 5437645881634561008 1 6
8 7 4 1 2 0 

455 14140043333891065649 1 6
8 7 6 1 0 2 

215 2744529048976924387 2 6
7 4 6 1 2 0 
7 4 6 1 0 2 

488 8864210113736955336 1 5
3 8 7 5 6 

426 6628938596337911844 4 5
8 3 1 5 7 
8 5 7 3 1 
8 7 5 1 3 
8 1 3 7 5 

440 14888397784521384839 1 5
3 8 7 5 4 

425 422128103963081057 1 5
8 3 0 7 5 

428 6112701962418042987 1 5
8 3 2 7 5 

60 15406660600063173003 2 4
3 2 5 4 
5 4 3 2 

57 13796289709583244209 1 4
3 0 5 4 

314 4798534872612045779 1 5
8 5 4 1 3 

58 13820943856998691373 2 4
5 4 3 1 
5 4 1 3 

45 7829362263272743145 1 4
5 3 0 2 

302 8864210113736955336 1 5
5 8 1 3 2 

46 10053138311143861269 2 4
5 3 1 2 
5 1 3 2 

43 9277465094035928717 1 4
5 3 1 0 

300 5655568875390600688 1 4
5 8 3 2 

354 12159194040976764615 1 4
1 8 5 6 

306 12159194040976764615 1 4
1 8 5 4 

114 18446051609787146811 2 4
1 5 4 6 
1 5 6 4 

356 6925972535638963533 2 4
2 8 5 6 
8 2 5 6 

99 15406660600063173003 2 4
1 0 5 6 
5 6 1 0 

102 15406660600063173003 2 4
1 2 5 6 
5 6 1 2 

101 1226238002688797454 2 4
5 6 0 2 
5 6 2 0 

358 4729197768228215044 2 5
8 5 6 1 2 
8 1 2 5 6 

353 6534630873780932037 2 4
0 8 5 6 
8 0 5 6 

226 10053138311143861269 2 4
1 5 7 6 
1 7 5 6 

53 1226238002688797454 2 4
5 4 2 0 
5 4 0 2 

310 4986282704383461797 2 5
8 5 4 1 2 
8 1 2 5 4 

308 6534630873780932037 2 4
2 8 5 4 
8 2 5 4 

51 15406660600063173003 2 4
1 0 5 4 
5 4 1 0 

54 15406660600063173003 2 4
1 2 5 4 
5 4 1 2 

305 6925972535638963533 2 4
0 8 5 4 
8 0 5 4 

178 9277465094035928717 1 4
1 7 5 4 

420 5355830797773317644 4 4
2 8 7 5 
2 8 5 7 
8 2 7 5 
8 2 5 7 

163 13820943856998691373 2 4
1 0 5 7 
1 0 7 5 

293 12423888041580094999 2 4
5 8 0 2 
5 8 2 0 

166 13820943856998691373 2 4
1 2 5 7 
1 2 7 5 

39 18446051609787146811 2 4
5 1 2 0 
5 1 0 2 

296 12533917308045192969 2 3
3 5 8 
5 3 8 

332 6925972535638963533 2 4
6 8 3 2 
8 6 3 2 

330 5355830797773317644 4 4
6 8 1 3 
6 8 3 1 
8 6 3 1 
8 6 1 3 

284 10983409412583460812 2 4
4 8 3 2 
8 4 3 2 

282 10934513306054177064 2 4
4 8 3 1 
8 4 3 1 

204 15406660600063173003 2 4
3 2 7 6 
7 6 3 2 

456 12159194040976764615 1 4
3 8 7 6 

199 8199278229739520409 2 5
7 6 1 2 0 
7 6 1 0 2 

329 11040515184548072519 2 4
6 8 3 0 
8 6 3 0 

202 13820943856998691373 2 4
7 6 3 1 
7 6 1 3 

156 13796289709583244209 1 4
7 4 3 2 

408 2938128104864643238 1 4
3 8 7 4 

151 12202381674504542703 2 5
7 4 1 2 0 
7 4 1 0 2 

281 15725396310838832048 2 4
4 8 3 0 
8 4 3 0 

154 3692474826677755966 2 4
7 4 3 1 
7 4 1 3 

396 12159194040976764615 1 4
7 8 3 2 

139 9277465094035928717 1 4
7 3 1 0 

142 10053138311143861269 2 4
7 3 1 2 
7 1 3 2 

141 7829362263272743145 1 4
7 3 0 2 

398 8864210113736955336 1 5
7 8 3 1 2 

344 5259602734877291098 1 4
3 8 4 6 

87 15563349152194125483 4 5
4 6 1 0 2 
4 6 1 2 0 
6 4 1 2 0 
6 4 1 0 2 

90 3467906126263243703 4 4
1 3 4 6 
1 3 6 4 
3 1 4 6 
3 1 6 4 

393 2938128104864643238 1 4
7 8 3 0 

136 17087753756477223945 2 2
3 7 
7 3 

92 1226238002688797454 2 4
3 2 4 6 
3 2 6 4 

216 7829362263272743145 1 4
3 7 4 6 

89 16037139443610024875 2 4
3 0 4 6 
3 0 6 4 

346 4955115016300365978 1 5
8 3 1 4 6 

338 12423888041580094999 2 4
1 8 6 4 
1 8 4 6 

153 13461187978258175434 2 4
3 0 7 4 
7 4 3 0 

410 422128103963081057 1 5
8 7 4 3 1 

280 2512533711646785065 2 3
3 4 8 
3 8 4 

44 11149028268085365730 1 3
5 3 2 

301 3991372186182058657 1 5
5 8 3 0 2 

200 11149028268085365730 1 3
3 7 6 

457 9521916541156677835 1 5
8 3 0 7 6 

82 2849805779172057352 2 3
1 4 6 
1 6 4 

339 4523456793197455322 1 5
8 1 0 6 4 

152 6486448604913209494 1 3
3 7 4 

409 8191131688945918907 2 5
8 3 0 7 4 
8 7 4 3 0 

34 17087753756477223945 2 2
1 5 
5 1 

291 12159194040976764615 1 4
5 8 1 0 

197 1226238002688797454 2 4
7 6 2 0 
7 6 0 2 

454 17385812837556256972 2 5
8 7 6 1 2 
8 1 2 7 6 

137 6486448604913209494 1 3
7 3 0 

394 3076150627041304599 1 4
7 8 3 1 

138 13757397901010577912 2 3
7 3 1 
7 1 3 

395 14888397784521384839 1 5
7 8 3 1 0 

392 3519693191574693728 2 3
3 7 8 
7 3 8 

135 18446051609787146811 2 4
7 1 2 0 
7 1 0 2 

201 13796289709583244209 1 4
3 0 7 6 

458 6112701962418042987 1 5
8 7 6 3 1 

328 10706753935364593016 2 3
3 6 8 
3 8 6 

386 12533917308045192969 2 3
1 7 8 
7 1 8 

418 3076150627041304599 1 4
1 8 5 7 

37 2849805779172057352 2 3
5 2 0 
5 0 2 

294 12159194040976764615 1 4
5 8 1 2 

326 6925972535638963533 2 4
6 8 1 2 
8 6 1 2 

85 12560352995014625786 8 4
0 2 4 6 
0 2 6 4 
2 0 4 6 
2 0 6 4 
4 6 0 2 
4 6 2 0 
6 4 2 0 
6 4 0 2 

342 4523456793197455322 1 5
8 1 2 4 6 

130 17087753756477223945 2 2
1 7 
7 1 

387 9355734335757152917 1 4
7 8 1 0 

40 17087753756477223945 2 2
3 5 
5 3 

297 12350803096133043051 1 4
5 8 3 0 

149 16037139443610024875 2 4
7 4 2 0 
7 4 0 2 

406 7654937521476681339 1 5
8 7 4 1 2 

276 13119232308241019096 6 3
2 4 8 
2 8 4 
4 2 8 
4 8 2 
8 4 2 
8 2 4 

388 10706753935364593016 2 3
7 2 8 
7 8 2 

131 11149028268085365730 1 3
7 1 0 

134 11149028268085365730 1 3
7 1 2 

391 751547548725014587 1 5
7 8 1 0 2 

140 11149028268085365730 1 3
7 3 2 

397 6884841987915886819 1 5
7 8 3 0 2 

133 2849805779172057352 2 3
7 2 0 
7 0 2 

390 5655568875390600688 1 4
7 8 1 2 

88 2849805779172057352 2 3
3 4 6 
3 6 4 

345 12567292857230661020 1 5
8 3 0 6 4 

401 15725396310838832048 2 4
0 8 7 4 
8 0 7 4 

274 10706753935364593016 2 3
1 4 8 
1 8 4 

147 13796289709583244209 1 4
7 4 1 0 

404 11040515184548072519 2 4
2 8 7 4 
8 2 7 4 

146 6486448604913209494 1 3
1 7 4 

403 15983103460509358989 1 5
8 7 4 1 0 

450 5655568875390600688 1 4
1 8 7 6 

323 6534630873780932037 2 4
6 8 1 0 
8 6 1 0 

385 2512533711646785065 2 3
7 0 8 
7 8 0 

321 13119232308241019096 6 3
0 6 8 
0 8 6 
6 0 8 
6 8 0 
8 6 0 
8 0 6 

194 11149028268085365730 1 3
1 7 6 

451 3114239447742403246 1 5
8 7 6 1 0 

389 5259602734877291098 1 4
7 8 0 2 

449 10983409412583460812 2 4
0 8 7 6 
8 0 7 6 

195 15406660600063173003 2 4
1 0 7 6 
7 6 1 0 

452 6925972535638963533 2 4
2 8 7 6 
8 2 7 6 

322 10706753935364593016 2 3
1 6 8 
1 8 6 

340 5511271049085206704 2 4
2 8 4 6 
8 2 4 6 

83 1226238002688797454 2 4
1 0 4 6 
1 0 6 4 

86 1226238002688797454 2 4
1 2 4 6 
1 2 6 4 

98 11149028268085365730 1 3
1 5 6 

355 4986282704383461797 2 5
8 1 0 5 6 
8 5 6 1 0 

402 12350803096133043051 1 4
1 8 7 4 

275 6925972535638963533 2 4
4 8 1 0 
8 4 1 0 

50 11149028268085365730 1 3
1 5 4 

307 4729197768228215044 2 5
8 1 0 5 4 
8 5 4 1 0 

165 3467906126263243703 4 4
5 7 0 2 
5 7 2 0 
7 5 2 0 
7 5 0 2 

422 6112701962418042987 1 5
8 1 2 5 7 

38 11149028268085365730 1 3
5 1 2 

295 3440356624299248035 2 5
5 8 1 0 2 
5 8 1 2 0 

292 10706753935364593016 2 3
5 2 8 
5 8 2 

35 11149028268085365730 1 3
5 1 0 

56 11149028268085365730 1 3
3 5 4 

313 15983103460509358989 1 5
8 3 0 5 4 

417 10934513306054177064 2 4
0 8 7 5 
8 0 7 5 

290 3519693191574693728 2 3
1 5 8 
5 1 8 

162 13757397901010577912 2 3
1 5 7 
1 7 5 

419 4798534872612045779 1 5
8 1 0 5 7 

289 10706753935364593016 2 3
5 0 8 
5 8 0 

168 13757397901010577912 2 3
3 5 7 
3 7 5 

41 6486448604913209494 1 3
5 3 0 

298 3076150627041304599 1 4
5 8 1 3 

150 13796289709583244209 1 4
7 4 1 2 

277 5511271049085206704 2 4
4 8 2 0 
8 4 2 0 

278 6534630873780932037 2 4
4 8 1 2 
8 4 1 2 

104 11149028268085365730 1 3
3 5 6 

361 7654937521476681339 1 5
8 3 0 5 6 

42 13757397901010577912 2 3
5 3 1 
5 1 3 

299 14435150392546023607 1 5
5 8 1 3 0 

337 5511271049085206704 2 4
0 8 6 4 
8 0 6 4 

210 7829362263272743145 1 4
1 7 4 6 

198 15406660600063173003 2 4
1 2 7 6 
7 6 1 2 

325 5511271049085206704 2 4
6 8 0 2 
8 6 0 2 

105 13796289709583244209 1 4
3 0 5 6 

362 6112701962418042987 1 5
8 5 6 1 3 

106 13820943856998691373 2 4
5 6 1 3 
5 6 3 1 

108 15406660600063173003 2 4
3 2 5 6 
5 6 3 2 

120 18446051609787146811 2 4
3 5 4 6 
3 5 6 4 

169 3692474826677755966 2 4
3 0 5 7 
3 0 7 5 

172 13820943856998691373 2 4
3 2 5 7 
3 2 7 5 

184 9277465094035928717 1 4
3 7 5 4 

232 10053138311143861269 2 4
3 5 7 6 
3 7 5 6 

170 8344907997672176582 8 4
1 3 5 7 
1 3 7 5 
3 1 5 7 
3 1 7 5 
5 7 1 3 
5 7 3 1 
7 5 3 1 
7 5 1 3 

360 5655568875390600688 1 4
3 8 5 6 

103 8199278229739520409 2 5
5 6 1 0 2 
5 6 1 2 0 

312 9355734335757152917 1 4
3 8 5 4 

55 8199278229739520409 2 5
5 4 1 2 0 
5 4 1 0 2 

424 3076150627041304599 1 4
3 8 7 5 

167 15537182048570953679 4 5
5 7 1 0 2 
5 7 1 2 0 
7 5 1 2 0 
7 5 1 0 2 

211 9185396447271486135 1 5
1 0 7 4 6 

468 16192161869655134988 2 5
2 8 7 4 6 
8 2 7 4 6 

214 9185396447271486135 1 5
1 2 7 4 6 

279 10145090123794274755 2 5
4 8 1 2 0 
8 4 1 2 0 

327 10145090123794274755 2 5
6 8 1 0 2 
8 6 1 0 2 

213 11882793706694783692 2 5
0 2 7 4 6 
2 0 7 4 6 

341 3946728381071434896 4 5
8 2 0 6 4 
8 4 6 0 2 
8 6 4 2 0 
8 0 2 4 6 

405 12567292857230661020 1 5
8 7 4 2 0 

453 5329647126572027809 1 5
8 7 6 0 2 

466 3991372186182058657 1 5
1 8 7 4 6 

465 6209783735400625142 2 5
0 8 7 6 4 
8 0 7 6 4 

91 15452634314013201888 2 5
4 6 3 1 0 
6 4 3 1 0 

348 5329647126572027809 1 5
8 3 2 4 6 

143 3768586181554217947 1 5
7 3 1 0 2 

93 11882793706694783692 2 5
4 6 3 0 2 
6 4 3 0 2 

94 8313509446800806773 4 5
4 6 3 1 2 
4 6 1 3 2 
6 4 3 1 2 
6 4 1 3 2 

155 8739701054909794997 1 5
7 4 3 1 0 

412 9521916541156677835 1 5
8 7 4 3 2 

157 17834356069495176580 1 5
7 4 3 0 2 

203 14642727359438366521 1 5
7 6 3 1 0 

460 4729197768228215044 2 5
8 3 2 7 6 
8 7 6 3 2 

158 3574761383850916089 2 5
7 4 3 1 2 
7 4 1 3 2 

205 9185396447271486135 1 5
7 6 3 0 2 

206 9269427458993142057 2 5
7 6 3 1 2 
7 6 1 3 2 

217 17834356069495176580 1 5
3 0 7 4 6 

220 9185396447271486135 1 5
3 2 7 4 6 

218 14672554999018763087 2 5
1 3 7 4 6 
3 1 7 4 6 

283 12906157752774056384 2 5
4 8 3 1 0 
8 4 3 1 0 

286 13611894930306785151 2 5
4 8 3 1 2 
8 4 3 1 2 

285 6209783735400625142 2 5
4 8 3 2 0 
8 4 3 2 0 

331 9915829282233652172 2 5
6 8 3 1 0 
8 6 3 1 0 

334 14529235964774334673 4 5
6 8 3 1 2 
6 8 1 3 2 
8 6 3 1 2 
8 6 1 3 2 

333 16192161869655134988 2 5
6 8 3 0 2 
8 6 3 0 2 

472 6884841987915886819 1 5
3 8 7 4 6 

115 8199278229739520409 2 5
1 0 5 4 6 
1 0 5 6 4 

372 10145090123794274755 2 5
2 8 5 4 6 
8 2 5 4 6 

118 8199278229739520409 2 5
1 2 5 4 6 
1 2 5 6 4 

117 15563349152194125483 4 5
0 2 5 4 6 
0 2 5 6 4 
2 0 5 4 6 
2 0 5 6 4 

179 14642727359438366521 1 5
1 0 7 5 4 

436 9915829282233652172 2 5
2 8 7 5 4 
8 2 7 5 4 

182 14642727359438366521 1 5
1 2 7 5 4 

227 9269427458993142057 2 5
1 0 5 7 6 
1 0 7 5 6 

484 14529235964774334673 4 5
2 8 7 5 6 
2 8 5 7 6 
8 2 7 5 6 
8 2 5 7 6 

230 9269427458993142057 2 5
1 2 5 7 6 
1 2 7 5 6 

181 15452634314013201888 2 5
0 2 7 5 4 
2 0 7 5 4 

242 3768586181554217947 1 5
1 7 5 4 6 

229 8313509446800806773 4 5
0 2 5 7 6 
0 2 7 5 6 
2 0 5 7 6 
2 0 7 5 6 

309 4523456793197455322 1 5
8 5 4 2 0 

357 4523456793197455322 1 5
8 5 6 0 2 

370 3440356624299248035 2 5
1 8 5 6 4 
1 8 5 4 6 

369 10145090123794274755 2 5
0 8 5 6 4 
8 0 5 6 4 

421 4955115016300365978 1 5
8 7 5 0 2 

434 14435150392546023607 1 5
1 8 5 7 4 

433 12906157752774056384 2 5
0 8 7 5 4 
8 0 7 5 4 

482 8864210113736955336 1 5
1 8 5 7 6 

481 13611894930306785151 2 5
0 8 7 5 6 
8 0 7 5 6 

47 3768586181554217947 1 5
5 3 1 0 2 

61 9185396447271486135 1 5
5 4 3 0 2 

59 14642727359438366521 1 5
5 4 3 1 0 

316 3114239447742403246 1 5
8 3 2 5 4 

62 9269427458993142057 2 5
5 4 3 1 2 
5 4 1 3 2 

109 9185396447271486135 1 5
5 6 3 0 2 

107 14642727359438366521 1 5
5 6 3 1 0 

364 17385812837556256972 2 5
8 3 2 5 6 
8 5 6 3 2 

110 9269427458993142057 2 5
5 6 3 1 2 
5 6 1 3 2 

124 8199278229739520409 2 5
3 2 5 4 6 
3 2 5 6 4 

121 12202381674504542703 2 5
3 0 5 4 6 
3 0 5 6 4 

122 15537182048570953679 4 5
1 3 5 4 6 
1 3 5 6 4 
3 1 5 4 6 
3 1 5 6 4 

171 12996826484762197726 2 5
5 7 3 1 0 
7 5 3 1 0 

173 14672554999018763087 2 5
5 7 3 0 2 
7 5 3 0 2 

186 12996826484762197726 2 5
1 3 7 5 4 
3 1 7 5 4 

185 8739701054909794997 1 5
3 0 7 5 4 

174 650495823012325553 4 5
5 7 3 1 2 
5 7 1 3 2 
7 5 3 1 2 
7 5 1 3 2 

188 14642727359438366521 1 5
3 2 7 5 4 

236 9269427458993142057 2 5
3 2 5 7 6 
3 2 7 5 6 

248 3768586181554217947 1 5
3 7 5 4 6 

233 3574761383850916089 2 5
3 0 5 7 6 
3 0 7 5 6 

234 650495823012325553 4 5
1 3 5 7 6 
1 3 7 5 6 
3 1 5 7 6 
3 1 7 5 6 

376 751547548725014587 1 5
3 8 5 4 6 

