bhabha2pb2m[0,0,0,0,0,0,0,0,0]*(-a3-a0+d-2*a1-a8-a2)
bhabha2pb2m[1,-1,0,0,0,0,0,0,0]*(-a0)
bhabha2pb2m[0,0,0,0,0,-1,0,0,1]*(a8)
bhabha2pb2m[0,1,0,0,0,0,0,0,0]*(-2*a1)
bhabha2pb2m[0,-1,1,0,0,0,0,0,0]*(-a2)
bhabha2pb2m[0,-1,0,0,0,0,0,0,1]*(-a8)
bhabha2pb2m[0,-1,0,1,0,0,0,0,0]*(-a3)
bhabha2pb2m[0,0,0,1,0,0,0,0,0]*(-6*a3)

bhabha2pb2m[0,0,0,0,0,0,0,0,0]*(-a6-a7-a4+d-a8-2*a5)
bhabha2pb2m[0,0,0,0,1,-1,0,0,0]*(-a4)
bhabha2pb2m[0,0,0,0,0,-1,0,0,1]*(-a8)
bhabha2pb2m[0,0,0,0,0,1,0,0,0]*(-2*a5)
bhabha2pb2m[0,0,0,0,0,-1,1,0,0]*(-a6)
bhabha2pb2m[0,-1,0,0,0,0,0,0,1]*(a8)
bhabha2pb2m[0,0,0,0,0,-1,0,1,0]*(-a7)
bhabha2pb2m[0,0,0,0,0,0,0,1,0]*(-6*a7)

bhabha2pb2m[0,0,0,0,0,0,0,0,0]*(a0-a1)
bhabha2pb2m[1,-1,0,0,0,0,0,0,0]*(-a0)
bhabha2pb2m[-1,1,0,0,0,0,0,0,0]*(a1)
bhabha2pb2m[0,0,0,0,0,-1,0,0,1]*(a8)
bhabha2pb2m[0,1,0,0,0,0,0,0,0]*(-2*a1)
bhabha2pb2m[-1,0,1,0,0,0,0,0,0]*(a2)
bhabha2pb2m[0,-1,1,0,0,0,0,0,0]*(-a2)
bhabha2pb2m[0,0,1,0,0,0,0,0,0]*(3*a2)
bhabha2pb2m[-1,0,0,1,0,0,0,0,0]*(a3)
bhabha2pb2m[0,-1,0,1,0,0,0,0,0]*(-a3)
bhabha2pb2m[-1,0,0,0,0,0,0,0,1]*(a8)
bhabha2pb2m[0,-1,0,0,0,0,0,0,1]*(-a8)
bhabha2pb2m[0,0,0,0,-1,0,0,0,1]*(-a8)

bhabha2pb2m[0,0,0,0,0,0,0,0,0]*(a4-a5)
bhabha2pb2m[0,0,0,0,1,-1,0,0,0]*(-a4)
bhabha2pb2m[0,0,0,0,-1,1,0,0,0]*(a5)
bhabha2pb2m[0,0,0,0,0,-1,0,0,1]*(-a8)
bhabha2pb2m[0,0,0,0,0,1,0,0,0]*(-2*a5)
bhabha2pb2m[0,0,0,0,-1,0,1,0,0]*(a6)
bhabha2pb2m[0,0,0,0,0,-1,1,0,0]*(-a6)
bhabha2pb2m[0,0,0,0,0,0,1,0,0]*(3*a6)
bhabha2pb2m[0,0,0,0,-1,0,0,1,0]*(a7)
bhabha2pb2m[0,0,0,0,0,-1,0,1,0]*(-a7)
bhabha2pb2m[-1,0,0,0,0,0,0,0,1]*(-a8)
bhabha2pb2m[0,-1,0,0,0,0,0,0,1]*(a8)
bhabha2pb2m[0,0,0,0,-1,0,0,0,1]*(a8)

bhabha2pb2m[1,-1,0,0,0,0,0,0,0]*(a0)
bhabha2pb2m[1,0,-1,0,0,0,0,0,0]*(-a0)
bhabha2pb2m[1,0,0,0,0,0,0,0,0]*(-3*a0)
bhabha2pb2m[0,0,0,0,0,0,0,0,0]*(a1-a2)
bhabha2pb2m[0,1,-1,0,0,0,0,0,0]*(-a1)
bhabha2pb2m[0,1,0,0,0,0,0,0,0]*(2*a1)
bhabha2pb2m[0,-1,1,0,0,0,0,0,0]*(a2)
bhabha2pb2m[0,0,0,0,0,0,-1,0,1]*(a8)
bhabha2pb2m[0,-1,0,1,0,0,0,0,0]*(a3)
bhabha2pb2m[0,0,-1,1,0,0,0,0,0]*(-a3)
bhabha2pb2m[0,0,0,1,0,0,0,0,0]*(6*a3)
bhabha2pb2m[0,-1,0,0,0,0,0,0,1]*(a8)
bhabha2pb2m[0,0,-1,0,0,0,0,0,1]*(-a8)
bhabha2pb2m[0,0,0,0,0,-1,0,0,1]*(-a8)

bhabha2pb2m[0,0,0,0,1,-1,0,0,0]*(a4)
bhabha2pb2m[0,0,0,0,1,0,-1,0,0]*(-a4)
bhabha2pb2m[0,0,0,0,1,0,0,0,0]*(-3*a4)
bhabha2pb2m[0,0,0,0,0,0,0,0,0]*(-a6+a5)
bhabha2pb2m[0,0,0,0,0,1,-1,0,0]*(-a5)
bhabha2pb2m[0,0,0,0,0,1,0,0,0]*(2*a5)
bhabha2pb2m[0,0,0,0,0,-1,1,0,0]*(a6)
bhabha2pb2m[0,0,0,0,0,0,-1,0,1]*(-a8)
bhabha2pb2m[0,0,0,0,0,-1,0,1,0]*(a7)
bhabha2pb2m[0,0,0,0,0,0,-1,1,0]*(-a7)
bhabha2pb2m[0,0,0,0,0,0,0,1,0]*(6*a7)
bhabha2pb2m[0,-1,0,0,0,0,0,0,1]*(-a8)
bhabha2pb2m[0,0,-1,0,0,0,0,0,1]*(a8)
bhabha2pb2m[0,0,0,0,0,-1,0,0,1]*(a8)

bhabha2pb2m[1,0,-1,0,0,0,0,0,0]*(-a0)
bhabha2pb2m[1,0,0,-1,0,0,0,0,0]*(a0)
bhabha2pb2m[1,0,0,0,0,0,0,0,0]*(3*a0)
bhabha2pb2m[0,1,-1,0,0,0,0,0,0]*(-a1)
bhabha2pb2m[0,1,0,-1,0,0,0,0,0]*(a1)
bhabha2pb2m[0,1,0,0,0,0,0,0,0]*(6*a1)
bhabha2pb2m[0,0,0,0,0,0,0,0,0]*(a3-a2)
bhabha2pb2m[0,0,1,-1,0,0,0,0,0]*(a2)
bhabha2pb2m[0,0,-1,1,0,0,0,0,0]*(-a3)
bhabha2pb2m[0,0,0,0,0,0,0,-1,1]*(-a8)
bhabha2pb2m[0,0,0,1,0,0,0,0,0]*(2*a3)
bhabha2pb2m[0,0,-1,0,0,0,0,0,1]*(-a8)
bhabha2pb2m[0,0,0,-1,0,0,0,0,1]*(a8)
bhabha2pb2m[0,0,0,0,0,0,-1,0,1]*(a8)

bhabha2pb2m[0,0,0,0,1,0,-1,0,0]*(-a4)
bhabha2pb2m[0,0,0,0,1,0,0,-1,0]*(a4)
bhabha2pb2m[0,0,0,0,1,0,0,0,0]*(3*a4)
bhabha2pb2m[0,0,0,0,0,1,-1,0,0]*(-a5)
bhabha2pb2m[0,0,0,0,0,1,0,-1,0]*(a5)
bhabha2pb2m[0,0,0,0,0,1,0,0,0]*(6*a5)
bhabha2pb2m[0,0,0,0,0,0,0,0,0]*(-a6+a7)
bhabha2pb2m[0,0,0,0,0,0,1,-1,0]*(a6)
bhabha2pb2m[0,0,0,0,0,0,-1,1,0]*(-a7)
bhabha2pb2m[0,0,0,0,0,0,0,-1,1]*(a8)
bhabha2pb2m[0,0,0,0,0,0,0,1,0]*(2*a7)
bhabha2pb2m[0,0,-1,0,0,0,0,0,1]*(a8)
bhabha2pb2m[0,0,0,-1,0,0,0,0,1]*(-a8)
bhabha2pb2m[0,0,0,0,0,0,-1,0,1]*(-a8)

bhabha2pb2m[-1,0,0,0,1,0,0,0,0]*(-a4)
bhabha2pb2m[0,0,0,0,1,-1,0,0,0]*(-a4)
bhabha2pb2m[0,0,0,0,1,0,0,0,-1]*(a4)
bhabha2pb2m[0,-1,0,0,0,1,0,0,0]*(-a5)
bhabha2pb2m[0,0,0,0,0,0,0,0,0]*(a8-a5)
bhabha2pb2m[0,0,0,0,0,1,0,0,-1]*(a5)
bhabha2pb2m[0,0,0,0,0,1,0,0,0]*(-2*a5)
bhabha2pb2m[0,0,-1,0,0,0,1,0,0]*(-a6)
bhabha2pb2m[0,0,0,0,0,-1,1,0,0]*(-a6)
bhabha2pb2m[0,0,0,0,0,0,1,0,-1]*(a6)
bhabha2pb2m[0,0,0,-1,0,0,0,1,0]*(-a7)
bhabha2pb2m[0,0,0,0,0,-1,0,1,0]*(-a7)
bhabha2pb2m[0,0,0,0,0,0,0,1,-1]*(a7)
bhabha2pb2m[0,0,0,0,0,0,0,1,0]*(-6*a7)
bhabha2pb2m[0,-1,0,0,0,0,0,0,1]*(a8)
bhabha2pb2m[0,0,0,0,0,-1,0,0,1]*(-a8)

bhabha2pb2m[1,-1,0,0,0,0,0,0,0]*(-a0)
bhabha2pb2m[1,0,0,0,-1,0,0,0,0]*(-a0)
bhabha2pb2m[1,0,0,0,0,0,0,0,-1]*(a0)
bhabha2pb2m[0,0,0,0,0,0,0,0,0]*(-a1+a8)
bhabha2pb2m[0,1,0,0,0,-1,0,0,0]*(-a1)
bhabha2pb2m[0,1,0,0,0,0,0,0,-1]*(a1)
bhabha2pb2m[0,1,0,0,0,0,0,0,0]*(-2*a1)
bhabha2pb2m[0,-1,1,0,0,0,0,0,0]*(-a2)
bhabha2pb2m[0,0,1,0,0,0,-1,0,0]*(-a2)
bhabha2pb2m[0,0,1,0,0,0,0,0,-1]*(a2)
bhabha2pb2m[0,-1,0,1,0,0,0,0,0]*(-a3)
bhabha2pb2m[0,0,0,1,0,0,0,-1,0]*(-a3)
bhabha2pb2m[0,0,0,1,0,0,0,0,-1]*(a3)
bhabha2pb2m[0,0,0,1,0,0,0,0,0]*(-6*a3)
bhabha2pb2m[0,-1,0,0,0,0,0,0,1]*(-a8)
bhabha2pb2m[0,0,0,0,0,-1,0,0,1]*(a8)

