506 4716118191584121800 2 7
5 3 6 7 1 8 4 
5 1 8 4 3 6 7 

491 16394207901276589819 1 7
5 3 6 7 1 8 0 

494 4243205792122953502 1 7
5 1 8 3 2 6 7 

431 13535335372009325787 1 7
5 1 8 0 3 2 7 

443 11939084780006579870 1 7
5 3 7 1 8 0 4 

446 6339669298936847666 1 7
5 1 8 4 3 2 7 

505 5556893983706667358 1 7
5 3 6 7 8 0 4 

493 6301950509215995708 1 7
5 8 0 3 2 6 7 

508 17955303329255020163 1 7
5 8 4 3 2 6 7 

445 8937420181436360973 1 7
5 3 2 7 8 0 4 

499 8795226674632498846 1 7
5 6 7 1 8 0 4 

502 17004485160584092373 1 7
5 1 8 4 2 6 7 

501 11734484801473473203 2 7
5 2 6 7 0 8 4 
5 2 7 6 0 4 8 

487 8164601441789236951 1 7
5 1 8 0 2 6 7 

439 17121026731480693066 1 7
5 2 7 1 8 0 4 

475 5279922473444295425 1 7
3 6 7 1 8 0 4 

415 7204174550398553515 2 7
2 3 7 1 8 0 4 
3 2 7 1 8 0 4 

478 8419987124258895410 1 7
1 8 4 3 2 6 7 

477 17122295650922202442 2 7
0 4 8 3 2 6 7 
0 8 4 3 2 6 7 

463 9240159242349969278 1 7
1 8 0 3 2 6 7 

471 10692288690760218847 2 7
2 6 7 1 8 0 4 
2 7 6 1 8 0 4 

379 4321607052974202614 1 7
5 3 6 1 8 0 4 

367 8201679331687674848 1 7
5 1 8 0 3 2 6 

382 17117086956283838193 1 7
5 1 8 4 3 2 6 

319 18199765283286776115 1 7
5 3 2 1 8 0 4 

381 12128957544913828167 1 7
5 3 2 6 8 0 4 

351 9981734774775813398 1 7
3 2 6 1 8 0 4 

375 14712915336911307882 1 7
5 2 6 1 8 0 4 

251 10427189763795424978 1 7
5 3 6 7 1 0 4 

239 12967432417198343715 1 7
5 1 0 3 2 6 7 

191 12268170523122535759 1 7
5 1 0 4 3 2 7 

254 11037493984740942112 1 7
5 1 4 3 2 6 7 

127 13769885288411529263 1 7
5 1 0 4 3 2 6 

253 14472516074054786341 1 7
5 0 4 3 2 6 7 

247 9957885778446253877 1 7
5 1 0 4 2 6 7 

223 8576214280792485316 1 7
1 0 4 3 2 6 7 

490 8240689953910180043 1 6
5 1 8 3 6 7 

442 13709180206166311971 1 6
5 3 7 1 8 4 

427 1489504854827522427 1 6
5 3 7 1 8 0 

430 4041966900322090309 1 6
5 1 8 3 2 7 

489 14214972673880911705 1 6
5 8 0 3 6 7 

504 12370103213538557138 1 6
5 8 4 3 6 7 

492 15762601765999236804 2 6
5 8 3 2 6 7 
8 5 3 2 6 7 

441 276152065351850137 1 6
5 3 7 8 0 4 

429 12510609915561891850 1 6
5 8 0 3 2 7 

444 14895475871839470501 1 6
5 8 4 3 2 7 

483 14723792227534591501 1 6
5 6 7 1 8 0 

498 12370103213538557138 1 6
5 6 7 1 8 4 

486 4458345377313222193 1 6
5 1 8 2 6 7 

435 4475970411862455720 2 6
5 7 1 8 0 4 
7 5 1 8 0 4 

497 11636628205137817758 2 6
5 6 7 0 8 4 
5 7 6 0 4 8 

438 11456033147656423976 1 6
5 2 7 1 8 4 

423 11825608494711576399 1 6
5 2 7 1 8 0 

500 7657773738533340069 2 6
5 4 8 2 7 6 
5 8 4 2 6 7 

485 15635618789282707011 1 6
5 0 8 2 7 6 

474 8340812443974365221 2 6
1 8 4 3 6 7 
3 6 7 1 8 4 

437 4325450134631732268 1 6
5 2 7 0 8 4 

459 13706471670770982316 1 6
3 6 7 1 8 0 

462 5580202380098859470 1 6
1 8 3 2 6 7 

411 17554775419109058204 1 6
3 7 1 8 0 4 

414 17713998264762948699 2 6
1 8 4 3 2 7 
1 8 4 2 3 7 

399 8323270862400055379 2 6
1 8 0 3 2 7 
1 8 0 2 3 7 

473 10182399887230927286 2 6
3 6 7 0 4 8 
3 6 7 0 8 4 

413 17990205808715698841 4 6
2 3 7 0 4 8 
2 3 7 0 8 4 
3 2 7 0 4 8 
3 2 7 0 8 4 

476 4632054525150775512 2 6
4 8 3 2 6 7 
8 4 3 2 6 7 

461 10054552899893010437 1 6
0 8 3 2 6 7 

467 11092867117208989178 2 6
6 7 1 8 0 4 
7 6 1 8 0 4 

470 7569603486698736013 2 6
1 8 4 2 7 6 
1 8 4 2 6 7 

455 15088883651392895288 2 6
1 8 0 2 7 6 
1 8 0 2 6 7 

407 17554775419109058204 1 6
2 7 1 8 0 4 

469 7827889540293469095 4 6
2 6 7 0 4 8 
2 6 7 0 8 4 
2 7 6 0 4 8 
2 7 6 0 8 4 

363 11004903292910711076 1 6
5 3 6 1 8 0 

378 8240689953910180043 1 6
5 3 6 1 8 4 

366 2520466568024698752 1 6
5 1 8 3 2 6 

303 16462219432876361060 1 6
5 3 2 1 8 0 

318 923374095536987215 1 6
5 3 2 1 8 4 

315 11593798475954286542 1 6
3 5 1 8 0 4 

377 14365033338059031969 1 6
5 3 6 8 0 4 

365 14445955554069422229 1 6
5 8 0 3 2 6 

380 2608252348174891660 1 6
5 8 4 3 2 6 

317 3751097518619086577 1 6
5 3 2 8 0 4 

371 5870493456982262302 2 6
5 6 1 8 0 4 
6 5 1 8 0 4 

359 8083143541253611242 1 6
5 2 6 1 8 0 

374 16316535264338135849 1 6
5 2 6 1 8 4 

373 4325450134631732268 1 6
5 2 6 0 4 8 

311 10298588887341311425 1 6
2 5 1 8 0 4 

287 2908525840765685242 2 6
2 3 1 8 0 4 
3 2 1 8 0 4 

347 13005109189139460789 1 6
3 6 1 8 0 4 

335 9301803013001761888 1 6
1 8 0 3 2 6 

350 6062202394033593025 1 6
1 8 4 3 2 6 

349 8346143528652123041 2 6
3 2 6 0 4 8 
3 2 6 0 8 4 

343 17554775419109058204 1 6
2 6 1 8 0 4 

235 11392960411418735392 1 6
5 1 0 3 6 7 

250 13709180206166311971 1 6
5 1 4 3 6 7 

238 1673405816115181931 1 6
1 5 3 2 6 7 

175 9488469802777515654 1 6
5 1 0 3 2 7 

187 14626078358325767684 1 6
5 3 7 1 0 4 

190 13578239155314428911 1 6
5 1 4 3 2 7 

249 3140431250372729391 1 6
5 0 4 3 6 7 

252 1878505585483514020 2 6
4 5 3 2 6 7 
5 4 3 2 6 7 

237 10265167004965767867 1 6
0 5 3 2 6 7 

189 16434191809806304153 1 6
5 0 4 2 3 7 

243 16138339157722592063 1 6
5 6 7 1 0 4 

246 11766589707144838402 1 6
5 1 4 2 6 7 

231 11363227006377173620 1 6
5 1 0 2 6 7 

183 13311948036143839664 1 6
5 2 7 1 0 4 

245 15635618789282707011 1 6
5 0 4 2 6 7 

219 12834062031263914381 1 6
3 6 7 1 0 4 

159 14740046169520867219 2 6
1 0 4 3 2 7 
1 0 4 2 3 7 

207 5377572134256139496 1 6
1 0 3 2 6 7 

222 7990104328247157411 1 6
1 4 3 2 6 7 

221 10054552899893010437 1 6
0 4 3 2 6 7 

215 5361277314905410 2 6
2 6 7 1 0 4 
2 7 6 1 0 4 

123 17680769892515062269 1 6
5 3 6 1 0 4 

111 1040252205924911322 1 6
5 1 0 3 2 6 

126 8848231404179445089 1 6
5 1 4 3 2 6 

63 17340697285775755489 1 6
5 3 2 1 0 4 

125 12173235881889773812 1 6
5 0 4 3 2 6 

119 917015555344810901 1 6
5 2 6 1 0 4 

95 13550811441406613184 1 6
1 0 4 3 2 6 

426 5687679204035708467 1 5
5 1 8 3 7 

425 8803011393460110874 1 5
5 3 7 8 0 

488 6295242608580558872 2 5
5 8 3 6 7 
8 5 3 6 7 

440 1314320237588786228 1 5
5 3 7 8 4 

428 2745205311018678315 2 5
5 8 3 2 7 
8 5 3 2 7 

354 15725396310838832048 2 4
5 6 1 8 
6 5 1 8 

97 8601944490373965179 2 3
0 5 6 
0 6 5 

294 8397334625162587836 1 4
2 5 1 8 

37 15958059800931094834 1 3
2 0 5 

330 13461187978258175434 2 4
1 8 3 6 
3 6 1 8 

73 12604329166268277251 1 3
0 3 6 

282 529838076471764616 1 4
3 1 8 4 

25 13848700440936545170 1 3
3 0 4 

270 1953978602712153383 2 4
1 8 3 2 
1 8 2 3 

13 8363520442690038220 2 3
0 2 3 
0 3 2 

326 13796289709583244209 1 4
1 8 2 6 

69 17533981407011413632 1 3
0 2 6 

278 529838076471764616 1 4
2 1 8 4 

21 13848700440936545170 1 3
2 0 4 

163 8927575697862286680 2 4
5 7 1 0 
7 5 1 0 

420 2094911513554197192 2 4
5 8 2 7 
8 5 2 7 

178 6925972535638963533 2 4
5 7 1 4 
7 5 1 4 

177 8890533637995200090 2 4
5 7 0 4 
7 5 0 4 

434 3211452996141361856 2 5
5 7 1 8 4 
7 5 1 8 4 

195 9842752359479508862 2 4
1 0 6 7 
1 0 7 6 

210 7150496180077738619 2 4
1 4 6 7 
1 4 7 6 

209 500395640035807574 2 4
0 4 6 7 
0 4 7 6 

466 17443941716167504307 2 5
6 7 1 8 4 
7 6 1 8 4 

360 15725396310838832048 2 4
5 8 3 6 
8 5 3 6 

103 15294229369544284019 1 5
5 1 0 2 6 

106 2938128104864643238 1 4
1 5 3 6 

297 18395751678802214311 1 4
3 5 8 0 

170 12159194040976764615 1 4
1 5 3 7 

43 10298606042033560384 1 4
3 5 1 0 

300 17912309331370950559 2 4
5 8 3 2 
8 5 3 2 

312 11025324576651510866 1 4
3 5 8 4 

55 4933234401344935997 1 5
2 5 1 0 4 

58 12159194040976764615 1 4
3 5 1 4 

46 3090918670154284758 1 4
1 5 3 2 

120 8686834486292627361 2 4
4 5 3 6 
5 4 3 6 

105 6827154511854714201 1 4
0 5 3 6 

362 8191131688945918907 2 5
5 3 6 1 8 
5 1 8 3 6 

60 5717025906857630614 4 4
4 5 2 3 
4 5 3 2 
5 4 3 2 
5 4 2 3 

45 904703937842066386 1 4
0 5 2 3 

302 15578178418050445066 1 5
5 1 8 3 2 

368 15704017212081516077 2 4
5 6 4 8 
6 5 4 8 

114 13186717803197333524 2 4
5 6 1 4 
6 5 1 4 

184 6925972535638963533 2 4
4 5 3 7 
5 4 3 7 

57 5311359634566749475 1 4
3 5 0 4 

314 13688018836496900398 1 5
3 5 1 8 4 

353 8890533637995200090 2 4
5 6 0 8 
6 5 0 8 

226 11025324576651510866 1 4
1 5 6 7 

99 17661127083944761953 2 4
5 6 1 0 
6 5 1 0 

356 6925972535638963533 2 4
5 8 2 6 
8 5 2 6 

102 14315483891285730756 1 4
1 5 2 6 

293 430096884007488319 1 4
2 5 0 8 

166 15368499501652111834 1 4
1 5 2 7 

39 15797711775623533787 1 4
2 5 1 0 

296 2512533711646785065 2 3
3 5 8 
3 8 5 

308 698476773254776664 2 4
2 5 4 8 
2 5 8 4 

54 15368499501652111834 1 4
2 5 1 4 

194 12585292063867719537 2 3
1 6 7 
1 7 6 

451 6177333251555502556 2 5
6 7 1 8 0 
7 6 1 8 0 

193 15075452131784449724 2 3
0 6 7 
0 7 6 

450 8950438065344213768 2 4
1 8 7 6 
1 8 6 7 

329 17554110267584770143 1 4
3 6 0 8 

202 529838076471764616 1 4
1 3 6 7 

75 17234191350883637413 1 4
3 6 1 0 

201 9629969436666557740 1 4
0 3 6 7 

458 2544471438310254489 1 5
1 8 3 6 7 

74 6486448604913209494 1 3
1 3 6 

331 17994835933983195230 1 5
3 6 1 8 0 

269 16026867904064579004 2 4
2 3 0 8 
3 2 0 8 

142 9829021077594943929 2 4
1 2 3 7 
1 3 2 7 

15 11836374819940274777 2 4
1 0 2 3 
1 0 3 2 

56 10706753935364593016 2 3
3 4 5 
3 5 4 

313 17397641566683877538 1 5
3 5 8 0 4 

52 10706753935364593016 2 3
2 4 5 
2 5 4 

309 4967223170978596432 2 5
2 5 0 4 8 
2 5 0 8 4 

141 1408976746330100250 2 4
0 2 3 7 
0 3 2 7 

398 12179503011420176981 2 5
1 8 3 2 7 
1 8 2 3 7 

14 17383987363454026160 2 3
1 2 3 
1 3 2 

271 485202848274311762 2 5
2 3 1 8 0 
3 2 1 8 0 

133 17533981407011413632 1 3
0 2 7 

390 13796289709583244209 1 4
1 8 2 7 

6 17087753756477223945 2 2
1 2 
2 1 

263 5729782995127291965 1 4
2 1 8 0 

5 17935342459963897086 1 2
2 0 

262 6486448604913209494 1 3
2 1 8 

41 11566663644840537971 1 3
3 0 5 

298 2938128104864643238 1 4
3 5 1 8 

197 18375751073023694622 2 4
0 2 6 7 
0 2 7 6 

454 6866216736986476997 2 5
1 8 2 7 6 
1 8 2 6 7 

70 11149028268085365730 1 3
1 2 6 

327 6648163161259996277 1 5
2 6 1 8 0 

165 15912622039163309722 1 4
0 5 2 7 

422 17253653929624369613 1 5
5 1 8 2 7 

292 10706753935364593016 2 3
2 5 8 
2 8 5 

38 2361156492905547982 2 3
1 2 5 
2 1 5 

295 17226204736890498744 1 5
2 5 1 8 0 

9 17935342459963897086 1 2
3 0 

266 6486448604913209494 1 3
3 1 8 

225 2822895409248407494 2 4
0 5 6 7 
0 5 7 6 

482 9560606714678679938 1 5
5 1 8 6 7 

98 2512533711646785065 2 3
1 5 6 
1 6 5 

355 14602960366355156504 2 5
5 6 1 8 0 
6 5 1 8 0 

112 12260785478939447192 6 3
4 5 6 
4 6 5 
5 4 6 
5 6 4 
6 5 4 
6 4 5 

369 7264708044412551053 2 5
5 6 0 4 8 
6 5 0 4 8 

180 6925972535638963533 2 4
4 5 2 7 
5 4 2 7 

53 430096884007488319 1 4
2 5 0 4 

310 8232652801974800287 1 5
2 5 1 8 4 

134 11149028268085365730 1 3
1 2 7 

391 6648163161259996277 1 5
2 7 1 8 0 

7 10831530068662457 1 3
2 1 0 

261 13848700440936545170 1 3
2 0 8 

101 15912622039163309722 1 4
0 5 2 6 

358 8625495180321724595 1 5
5 1 8 2 6 

267 5729782995127291965 1 4
3 1 8 0 

10 17087753756477223945 2 2
1 3 
3 1 

389 7521903088142947439 1 4
2 7 0 8 

135 135731514692902645 1 4
2 7 1 0 

85 7521903088142947439 1 4
2 6 0 4 

342 6610907291125018627 1 5
2 6 1 8 4 

137 17533981407011413632 1 3
0 3 7 

394 13796289709583244209 1 4
1 8 3 7 

78 18190191940117714365 1 4
1 3 2 6 

153 7521903088142947439 1 4
3 7 0 4 

410 6610907291125018627 1 5
3 7 1 8 4 

26 11149028268085365730 1 3
3 1 4 

283 9591813485135783646 1 5
3 1 8 0 4 

280 12585292063867719537 2 3
3 4 8 
3 8 4 

23 9546205435513334848 1 4
2 1 0 4 

149 7521903088142947439 1 4
2 7 0 4 

406 6610907291125018627 1 5
2 7 1 8 4 

22 11149028268085365730 1 3
2 1 4 

279 9591813485135783646 1 5
2 1 8 0 4 

276 12585292063867719537 2 3
2 4 8 
2 8 4 

161 8601944490373965179 2 3
0 5 7 
0 7 5 

418 8686834486292627361 2 4
5 7 1 8 
7 5 1 8 

11 10831530068662457 1 3
3 1 0 

138 11149028268085365730 1 3
1 3 7 

395 6648163161259996277 1 5
3 7 1 8 0 

265 13848700440936545170 1 3
3 0 8 

29 16026867904064579004 2 4
2 3 0 4 
3 2 0 4 

286 4143356442949502389 2 5
2 3 1 8 4 
3 2 1 8 4 

169 12145269419216383224 1 4
0 5 3 7 

42 3519693191574693728 2 3
1 3 5 
3 1 5 

299 13342817171806095981 1 5
3 5 1 8 0 

139 135731514692902645 1 4
3 7 1 0 

284 4230604656947954310 4 4
2 3 4 8 
2 3 8 4 
3 2 4 8 
3 2 8 4 

27 9546205435513334848 1 4
3 1 0 4 

30 17663828750069960505 2 4
1 4 3 2 
1 4 2 3 

89 17554110267584770143 1 4
3 6 0 4 

346 2544471438310254489 1 5
3 6 1 8 4 

162 10706753935364593016 2 3
1 5 7 
1 7 5 

419 12291798330610894556 2 5
5 7 1 8 0 
7 5 1 8 0 

416 12260785478939447192 6 3
5 7 8 
5 8 7 
7 5 8 
7 8 5 
8 7 5 
8 5 7 

325 7521903088142947439 1 4
2 6 0 8 

198 15669754230730330559 2 4
1 2 6 7 
1 2 7 6 

71 135731514692902645 1 4
2 6 1 0 

277 7525392901702214553 2 4
2 0 4 8 
2 0 8 4 

150 15406660600063173003 2 4
1 4 2 7 
2 7 1 4 

340 7150496180077738619 2 4
2 6 4 8 
2 6 8 4 

86 15406660600063173003 2 4
1 4 2 6 
2 6 1 4 

281 7525392901702214553 2 4
3 0 4 8 
3 0 8 4 

154 15406660600063173003 2 4
1 4 3 7 
3 7 1 4 

77 9006752675243814010 1 4
0 3 2 6 

334 15253064470191739447 1 5
1 8 3 2 6 

344 8950438065344213768 2 4
3 6 4 8 
3 6 8 4 

87 11064342471232036998 1 5
2 6 1 0 4 

90 13796289709583244209 1 4
3 6 1 4 

116 2094911513554197192 2 4
4 5 2 6 
5 4 2 6 

240 15704017212081516077 2 4
4 5 6 7 
5 4 6 7 

113 1194961695352948616 2 4
5 6 0 4 
6 5 0 4 

370 6295242608580558872 2 5
5 6 1 8 4 
6 5 1 8 4 

404 7150496180077738619 2 4
2 7 4 8 
2 7 8 4 

449 500395640035807574 2 4
0 8 7 6 
0 8 6 7 

464 13150025586414177241 8 4
4 8 7 6 
4 8 6 7 
6 7 4 8 
6 7 8 4 
7 6 4 8 
7 6 8 4 
8 4 7 6 
8 4 6 7 

408 7150496180077738619 2 4
3 7 4 8 
3 7 8 4 

151 11064342471232036998 1 5
2 7 1 0 4 

393 7521903088142947439 1 4
3 7 0 8 

432 15704017212081516077 2 4
5 7 8 4 
7 5 8 4 

480 15704017212081516077 2 4
5 8 7 6 
8 5 7 6 

417 1194961695352948616 2 4
5 7 0 8 
7 5 0 8 

424 13186717803197333524 2 4
5 8 3 7 
8 5 3 7 

167 11072888872893677536 1 5
5 2 7 1 0 

93 15475584317368460614 1 5
0 4 3 2 6 

79 9670476582539118370 1 5
1 0 3 2 6 

94 12496460193956787050 1 5
1 4 3 2 6 

31 11945779854977000477 2 5
2 3 1 0 4 
3 2 1 0 4 

91 11942895606156722969 1 5
3 6 1 0 4 

348 1216723659735808329 2 5
4 8 3 2 6 
8 4 3 2 6 

117 11392111926959866189 1 5
5 2 6 0 4 

118 752049474382680048 1 5
5 1 4 2 6 

115 13124692584009107834 2 5
5 6 1 0 4 
6 5 1 0 4 

372 3212215444823187638 1 5
5 2 6 4 8 

61 8386443738644825624 1 5
5 2 3 0 4 

109 2610500329040370902 1 5
0 5 3 2 6 

124 7873255866756797050 2 5
4 5 3 2 6 
5 4 3 2 6 

121 4731037345002713530 1 5
5 3 6 0 4 

62 10644554537150268076 1 5
5 1 4 3 2 

47 457050996688913284 1 5
5 1 0 3 2 

59 10321684464147047895 1 5
3 5 1 0 4 

316 4700516104397759652 1 5
5 3 2 8 4 

110 1200122143081979852 1 5
1 5 3 2 6 

213 12062909479044095800 2 5
0 4 2 6 7 
0 4 2 7 6 

122 5687679204035708467 1 5
5 3 6 1 4 

107 7839088052861697617 1 5
5 3 6 1 0 

364 14124562063877727792 2 5
5 8 3 2 6 
8 5 3 2 6 

214 1170858302316114891 2 5
1 4 2 6 7 
1 4 2 7 6 

199 11588914679162018557 2 5
1 0 2 6 7 
1 0 2 7 6 

211 9977601845653924586 2 5
6 7 1 0 4 
7 6 1 0 4 

468 5985004378282824371 4 5
4 8 2 7 6 
4 8 2 6 7 
8 4 2 7 6 
8 4 2 6 7 

205 1254273271553920755 1 5
0 3 2 6 7 

157 16142530219014964561 2 5
0 4 3 2 7 
0 4 2 3 7 

217 17504174278765884595 1 5
0 4 3 6 7 

158 772038652885336484 2 5
1 4 3 2 7 
1 4 2 3 7 

155 11064342471232036998 1 5
3 7 1 0 4 

412 16325884511259221329 4 5
4 8 2 3 7 
4 8 3 2 7 
8 4 3 2 7 
8 4 2 3 7 

143 5764479681208702094 2 5
1 0 2 3 7 
1 0 3 2 7 

206 13024210261977407576 1 5
1 3 2 6 7 

218 6610907291125018627 1 5
1 4 3 6 7 

203 13374574642614332216 1 5
1 0 3 6 7 

181 14535116875966803873 1 5
5 2 7 0 4 

229 8062759507845852303 2 5
0 5 2 6 7 
0 5 2 7 6 

244 14147606527444079698 2 5
4 5 2 6 7 
5 4 2 6 7 

241 17853336949803734615 1 5
5 0 4 6 7 

182 6267612268663428785 2 5
5 2 7 1 4 
5 1 4 2 7 

230 9014220187794274253 1 5
1 5 2 6 7 

179 17273204000764867942 2 5
5 7 1 0 4 
7 5 1 0 4 

436 3212215444823187638 1 5
5 2 7 8 4 

242 1314320237588786228 1 5
5 1 4 6 7 

227 12692260798436920890 1 5
5 1 0 6 7 

484 14147606527444079698 2 5
5 8 2 7 6 
8 5 2 7 6 

173 5809915888551580225 1 5
0 5 2 3 7 

185 10810396362512827635 1 5
5 3 7 0 4 

188 4296084766665496239 4 5
4 5 2 3 7 
4 5 3 2 7 
5 4 3 2 7 
5 4 2 3 7 

233 1296810248868736435 1 5
0 5 3 6 7 

248 3211452996141361856 2 5
4 5 3 6 7 
5 4 3 6 7 

174 13346917055206335068 1 5
1 5 3 2 7 

186 4729197768228215044 2 5
5 3 7 1 4 
5 1 4 3 7 

171 12362531950101059924 1 5
5 3 7 1 0 

234 13688018836496900398 1 5
1 5 3 6 7 

341 9966726664873000712 2 5
2 6 0 4 8 
2 6 0 8 4 

333 15475584317368460614 1 5
0 8 3 2 6 

345 15523720459788955179 2 5
3 6 0 4 8 
3 6 0 8 4 

285 18442555142279999811 4 5
2 3 0 4 8 
2 3 0 8 4 
3 2 0 4 8 
3 2 0 8 4 

357 14535116875966803873 1 5
5 2 6 0 8 

301 12750328326781744816 1 5
5 3 2 8 0 

376 9560606714678679938 1 5
5 3 6 8 4 

361 10821656077135673688 1 5
5 3 6 8 0 

453 12062909479044095800 2 5
0 8 2 7 6 
0 8 2 6 7 

405 9966726664873000712 2 5
2 7 0 4 8 
2 7 0 8 4 

465 3506329680996628203 4 5
6 7 0 4 8 
6 7 0 8 4 
7 6 0 4 8 
7 6 0 8 4 

397 16142530219014964561 2 5
0 8 3 2 7 
0 8 2 3 7 

409 9966726664873000712 2 5
3 7 0 4 8 
3 7 0 8 4 

457 17504174278765884595 1 5
0 8 3 6 7 

472 17443941716167504307 2 5
4 8 3 6 7 
8 4 3 6 7 

421 11392111926959866189 1 5
5 2 7 0 8 

433 7264708044412551053 2 5
5 7 0 8 4 
7 5 0 8 4 

481 17853336949803734615 1 5
5 0 8 7 6 

496 15397974748116556752 4 5
5 4 8 7 6 
5 6 7 8 4 
5 7 6 4 8 
5 8 4 6 7 

