bhabha2pb[-1,1,0,0,0,0,0,0,0]*(-3*a1)
bhabha2pb[0,1,0,0,-1,0,0,0,0]*(6*a1)
bhabha2pb[0,1,0,0,0,0,0,0,0]*(-3*a1*eta-21*a1)
bhabha2pb[0,0,0,0,0,0,0,0,0]*(3*a7+3*a4-3*a1-3*a3)
bhabha2pb[0,0,0,0,-1,0,0,0,1]*(-3*a8)
bhabha2pb[0,0,0,1,0,0,0,-1,0]*(6*a3)
bhabha2pb[0,0,-1,1,0,0,0,0,0]*(-3*a3)
bhabha2pb[0,0,0,1,0,0,0,0,0]*(-21*a3)
bhabha2pb[0,0,0,0,0,0,0,0,1]*(6*a8*eta-3*a8)
bhabha2pb[0,0,0,0,0,0,1,-1,0]*(-3*a6)
bhabha2pb[0,0,0,0,0,0,1,0,0]*(-3*a6)
bhabha2pb[-1,0,0,0,0,0,0,0,1]*(6*a8)
bhabha2pb[-1,0,0,0,1,0,0,0,0]*(-5*a4)
bhabha2pb[0,0,0,-1,0,0,1,0,0]*(-3*a6)
bhabha2pb[0,0,0,0,1,0,0,0,0]*(-5*a4*eta)
bhabha2pb[0,-1,0,0,1,0,0,0,0]*(2*a4)
bhabha2pb[0,0,-1,0,0,0,1,0,0]*(6*a6)
bhabha2pb[0,0,-1,0,0,0,0,1,0]*(-5*a7)
bhabha2pb[0,-1,0,0,0,0,0,0,1]*(-3*a8)
bhabha2pb[0,0,0,-1,0,0,0,1,0]*(2*a7)

bhabha2pb[-1,1,0,0,0,0,0,0,0]*(6*a1)
bhabha2pb[0,1,0,0,-1,0,0,0,0]*(-3*a1)
bhabha2pb[0,1,0,0,0,0,0,0,0]*(6*a1*eta+12*a1)
bhabha2pb[0,0,0,0,0,0,0,0,1]*(5*a8*eta+10*a8)
bhabha2pb[0,1,0,0,0,0,0,0,-1]*(-3*a1)
bhabha2pb[0,0,0,0,-1,0,0,0,1]*(-2*a8)
bhabha2pb[0,0,-1,1,0,0,0,0,0]*(6*a3)
bhabha2pb[0,0,0,1,0,0,0,-1,0]*(-3*a3)
bhabha2pb[0,0,0,1,0,0,0,0,0]*(12*a3)
bhabha2pb[0,0,0,0,0,0,1,-1,0]*(-2*a6)
bhabha2pb[0,0,0,1,0,0,-1,0,0]*(-3*a3)
bhabha2pb[0,0,-1,0,0,0,1,0,0]*(5*a6)
bhabha2pb[-1,0,0,0,1,0,0,0,0]*(-5*a4)
bhabha2pb[0,0,0,0,0,0,0,0,0]*(3*a7+3*a4-3*a8-3*a6)
bhabha2pb[0,0,0,0,1,0,0,0,0]*(-5*a4*eta-10*a4)
bhabha2pb[0,0,0,0,0,0,1,0,0]*(10*a6)
bhabha2pb[0,0,0,0,1,0,0,0,-1]*(2*a4)
bhabha2pb[-1,0,0,0,0,0,0,0,1]*(5*a8)
bhabha2pb[0,0,-1,0,0,0,0,1,0]*(-5*a7)
bhabha2pb[0,0,0,0,0,0,0,1,0]*(-10*a7)
bhabha2pb[0,0,0,0,0,0,-1,1,0]*(2*a7)

bhabha2pb[0,0,0,0,0,0,0,0,0]*(-3*a7-3*a4-3*a1+6*a8+6*a6-3*a3)
bhabha2pb[0,1,0,0,-1,0,0,0,0]*(3*a1)
bhabha2pb[0,1,0,0,0,0,0,0,0]*(3*a1*eta-9*a1)
bhabha2pb[-1,1,0,0,0,0,0,0,0]*(3*a1)
bhabha2pb[0,1,0,0,0,0,0,0,-1]*(-3*a1)
bhabha2pb[0,0,0,0,0,0,1,0,0]*(-22*a6)
bhabha2pb[0,0,0,0,0,0,0,0,1]*(-6*a8*eta-22*a8)
bhabha2pb[0,0,0,1,0,0,0,-1,0]*(3*a3)
bhabha2pb[0,0,0,1,0,0,0,0,0]*(-9*a3)
bhabha2pb[0,0,-1,1,0,0,0,0,0]*(3*a3)
bhabha2pb[0,0,0,1,0,0,-1,0,0]*(-3*a3)
bhabha2pb[0,-1,0,0,0,0,0,0,1]*(-2*a8)
bhabha2pb[0,-1,0,0,1,0,0,0,0]*(3*a4)
bhabha2pb[-1,0,0,0,0,0,0,0,1]*(-6*a8)
bhabha2pb[-1,0,0,0,1,0,0,0,0]*(5*a4)
bhabha2pb[0,0,0,0,1,0,0,0,-1]*(-5*a4)
bhabha2pb[0,0,0,0,1,0,0,0,0]*(5*a4*eta+25*a4)
bhabha2pb[0,0,0,-1,0,0,0,1,0]*(3*a7)
bhabha2pb[0,0,0,-1,0,0,1,0,0]*(-2*a6)
bhabha2pb[0,0,-1,0,0,0,0,1,0]*(5*a7)
bhabha2pb[0,0,0,0,0,0,-1,1,0]*(-5*a7)
bhabha2pb[0,0,0,0,0,0,0,1,0]*(25*a7)
bhabha2pb[0,0,0,0,-1,0,0,0,1]*(2*a8)
bhabha2pb[0,0,-1,0,0,0,1,0,0]*(-6*a6)
bhabha2pb[0,0,0,0,0,0,1,-1,0]*(2*a6)

