488 10873586256782590264 2 5
3 7 5 8 6 
3 8 6 7 5 

481 1966936068444712853 2 5
6 8 0 7 5 
8 6 0 7 5 

482 324459266806303766 2 5
5 7 1 6 8 
7 5 1 6 8 

496 15159478830403372626 4 5
5 7 4 8 6 
5 7 8 4 6 
7 5 4 8 6 
7 5 8 4 6 

472 4323769937847979480 2 5
3 7 8 4 6 
7 3 8 4 6 

465 717918627004925149 2 5
0 7 4 8 6 
0 7 8 4 6 

451 4197454582831916736 1 5
0 7 1 6 8 

453 15769941149083411622 2 5
6 8 0 7 2 
8 6 0 7 2 

454 8850520360857520085 2 5
2 7 1 6 8 
7 2 1 6 8 

425 9499464979021871388 2 5
3 8 7 0 5 
8 3 7 0 5 

426 6855624116802503919 1 5
3 1 8 7 5 

440 12945076698413370687 1 5
3 8 4 7 5 

433 13093068634215411450 2 5
4 8 0 7 5 
8 4 0 7 5 

434 7845252661427977046 2 5
5 7 1 4 8 
7 5 1 4 8 

422 7198735148424648000 2 5
1 8 7 2 5 
1 8 2 7 5 

397 17551011680747440664 2 5
3 8 7 0 2 
8 3 7 0 2 

398 10711925097737042252 1 5
3 1 8 7 2 

403 16869386206511544860 1 5
0 7 1 4 8 

405 6155493239849653580 2 5
4 8 0 7 2 
8 4 0 7 2 

406 4622508568593048949 2 5
2 7 1 4 8 
7 2 1 4 8 

361 164021224155525220 1 5
3 0 5 8 6 

376 15328798490196585461 4 5
3 5 4 8 6 
3 5 8 4 6 
5 3 4 8 6 
5 3 8 4 6 

355 8795322288561696908 1 5
0 5 1 6 8 

369 14149507031408887176 2 5
0 5 4 8 6 
0 5 8 4 6 

357 5297082376406739064 2 5
6 8 0 5 2 
8 6 0 5 2 

358 324459266806303766 2 5
2 5 1 6 8 
5 2 1 6 8 

331 11231457891443017321 1 5
0 3 1 8 6 

345 1433936454601522317 1 5
0 3 8 6 4 

327 14758362567858577603 1 5
0 2 1 6 8 

341 17914784526740548298 2 5
0 2 4 8 6 
0 2 8 4 6 

339 7915617409168793168 1 5
0 1 4 6 8 

301 4633009052359290486 2 5
3 8 0 5 2 
8 3 0 5 2 

302 3139387622986693569 1 5
3 1 8 2 5 

307 6677560704055839611 1 5
0 5 1 4 8 

309 13996817707633451352 2 5
4 8 0 5 2 
8 4 0 5 2 

310 7845252661427977046 2 5
2 5 1 4 8 
5 2 1 4 8 

283 7593851534420646569 1 5
0 3 1 8 4 

279 18034619113762535739 1 5
0 2 1 4 8 

233 2284672541792203300 2 5
3 6 0 7 5 
6 3 0 7 5 

236 15328798490196585461 4 5
3 6 2 7 5 
3 6 7 2 5 
6 3 2 7 5 
6 3 7 2 5 

248 1765132965142321645 2 5
3 4 6 7 5 
3 7 5 4 6 

234 14270556445176610709 1 5
3 1 6 5 7 

484 15159478830403372626 4 5
6 8 2 7 5 
6 8 7 2 5 
8 6 7 2 5 
8 6 2 7 5 

227 14458912973235290352 1 5
1 6 0 7 5 

242 10388030633625538715 2 5
5 7 1 4 6 
7 5 1 4 6 

241 1966936068444712853 2 5
4 6 0 7 5 
6 4 0 7 5 

244 15159478830403372626 4 5
4 6 2 7 5 
4 6 7 2 5 
6 4 2 7 5 
6 4 7 2 5 

230 17274848527672860022 2 5
1 6 2 7 5 
1 6 7 2 5 

460 12945076698413370687 1 5
3 7 2 8 6 

203 17351831395811049771 1 5
3 1 6 0 7 

217 1538009547448741157 1 5
3 0 7 6 4 

205 13720138737823821145 2 5
3 6 0 7 2 
6 3 0 7 2 

218 10430273983900308607 2 5
3 7 1 4 6 
7 3 1 4 6 

206 9009127556261700401 1 5
3 1 6 2 7 

220 12945076698413370687 1 5
3 2 7 4 6 

468 143871076794329895 4 5
2 7 4 8 6 
2 7 8 4 6 
7 2 4 8 6 
7 2 8 4 6 

211 11459870004229816492 1 5
0 7 1 4 6 

213 15769941149083411622 2 5
4 6 0 7 2 
6 4 0 7 2 

214 3772855870296834902 2 5
2 7 1 4 6 
7 2 1 4 6 

185 6847131521352665365 2 5
3 4 0 7 5 
4 3 0 7 5 

428 4323769937847979480 2 5
3 8 7 2 5 
8 3 7 2 5 

171 14886554077734950390 1 5
1 3 0 7 5 

186 12571297144265543135 1 5
3 1 4 5 7 

188 4323769937847979480 2 5
3 4 2 7 5 
4 3 2 7 5 

174 8454230288327463145 1 5
1 3 2 5 7 

436 143871076794329895 4 5
4 8 7 2 5 
4 8 2 7 5 
8 4 7 2 5 
8 4 2 7 5 

179 2924801579297571146 1 5
1 4 0 7 5 

182 757016727125658107 2 5
1 4 2 7 5 
1 4 7 2 5 

412 2116756502251157976 4 5
3 2 7 8 4 
3 4 8 7 2 
3 7 2 4 8 
3 8 4 2 7 

155 17162856503216286336 1 5
3 1 4 0 7 

157 12637452765712054676 2 5
3 4 2 0 7 
4 3 2 0 7 

143 11607896304295935464 1 5
1 3 0 7 2 

158 4596102902320277502 1 5
3 1 4 2 7 

364 1765132965142321645 2 5
3 2 5 8 6 
3 8 6 2 5 

107 12502651944104285652 1 5
3 1 6 0 5 

121 5486733152934144821 1 5
3 0 5 6 4 

109 13355424629873831273 2 5
3 6 0 5 2 
6 3 0 5 2 

122 17705432793602287550 2 5
3 5 1 4 6 
5 3 1 4 6 

110 13872373366392859995 1 5
3 1 6 2 5 

124 10873586256782590264 2 5
3 2 5 4 6 
3 4 6 2 5 

372 15159478830403372626 4 5
2 5 4 8 6 
2 5 8 4 6 
5 2 4 8 6 
5 2 8 4 6 

115 10084219316985751500 1 5
0 5 1 4 6 

118 10388030633625538715 2 5
2 5 1 4 6 
5 2 1 4 6 

117 5297082376406739064 2 5
4 6 0 5 2 
6 4 0 5 2 

79 604026077217685106 1 5
3 1 6 0 2 

93 8556146869568815272 1 5
3 2 0 4 6 

348 4323769937847979480 2 5
2 3 4 8 6 
3 2 4 8 6 

91 7081103408900029515 1 5
0 3 1 6 4 

94 10346867235838053602 2 5
2 3 1 4 6 
3 2 1 4 6 

106 16162989447097894948 2 4
3 5 1 6 
5 3 1 6 

103 3914612249011190577 1 5
1 6 0 5 2 

360 179286298576043391 2 4
3 5 8 6 
5 3 8 6 

120 179286298576043391 2 4
3 5 4 6 
5 3 4 6 

108 179286298576043391 2 4
3 6 2 5 
6 3 2 5 

226 6206462416675298678 2 4
1 6 5 7 
1 6 7 5 

353 3715214240188607529 2 4
0 5 6 8 
0 5 8 6 

480 11459320056471732761 8 4
5 7 6 8 
5 7 8 6 
6 8 7 5 
6 8 5 7 
7 5 6 8 
7 5 8 6 
8 6 7 5 
8 6 5 7 

334 5094039145317176947 2 5
2 3 1 6 8 
3 2 1 6 8 

77 9031121306779552242 2 4
3 6 0 2 
6 3 0 2 

204 3364750820705448782 4 4
3 6 2 7 
3 6 7 2 
6 3 2 7 
6 3 7 2 

92 1324427476534020738 2 4
2 3 4 6 
3 2 4 6 

83 6632686302570178951 1 4
0 1 4 6 

337 12508751933759166525 2 4
0 4 8 6 
0 8 4 6 

71 7731610146859469308 1 4
1 6 0 2 

198 10667362792025660262 2 4
1 6 2 7 
1 6 7 2 

325 16533404595066825932 2 4
0 2 6 8 
0 2 8 6 

102 6206462416675298678 2 4
1 6 5 2 
1 6 2 5 

99 6706203886912533713 1 4
1 6 0 5 

356 11459320056471732761 8 4
2 5 6 8 
2 5 8 6 
5 2 6 8 
5 2 8 6 
6 8 2 5 
6 8 5 2 
8 6 5 2 
8 6 2 5 

170 10732681782495955028 1 4
1 3 5 7 

297 1370193150917062723 2 4
3 8 0 5 
8 3 0 5 

167 5722062637139453179 1 5
1 0 7 5 2 

424 1324427476534020738 2 4
3 8 7 5 
8 3 7 5 

116 11459320056471732761 8 4
2 5 4 6 
2 5 6 4 
4 6 5 2 
4 6 2 5 
5 2 4 6 
5 2 6 4 
6 4 5 2 
6 4 2 5 

314 4705014155367496481 2 5
3 5 1 4 8 
5 3 1 4 8 

57 11146376519599056786 2 4
3 4 0 5 
4 3 0 5 

184 10601132076907988804 2 4
3 4 7 5 
4 3 7 5 

58 852638576401355306 2 4
3 5 1 4 
5 3 1 4 

362 12205076738934707162 2 5
3 5 1 6 8 
5 3 1 6 8 

105 3656144019833576472 2 4
3 6 0 5 
6 3 0 5 

232 179286298576043391 2 4
3 6 7 5 
6 3 7 5 

46 7044477751449671096 1 4
1 3 2 5 

43 3313428981143540563 1 4
1 3 0 5 

300 10601132076907988804 2 4
3 8 2 5 
8 3 2 5 

178 7014131733599754745 2 4
1 4 5 7 
1 4 7 5 

305 8259441618718552615 2 4
0 5 4 8 
0 5 8 4 

432 7556829846088060811 4 4
4 8 7 5 
4 8 5 7 
8 4 7 5 
8 4 5 7 

166 2506011958774662217 2 4
1 2 7 5 
1 7 2 5 

113 3715214240188607529 2 4
0 5 4 6 
0 5 6 4 

240 11459320056471732761 8 4
4 6 5 7 
4 6 7 5 
5 7 6 4 
5 7 4 6 
6 4 5 7 
6 4 7 5 
7 5 6 4 
7 5 4 6 

54 7014131733599754745 2 4
1 4 2 5 
1 4 5 2 

51 10124851539751783330 1 4
1 4 0 5 

308 7556829846088060811 4 4
4 8 5 2 
4 8 2 5 
8 4 5 2 
8 4 2 5 

154 3758550860374928371 2 4
3 7 1 4 
7 3 1 4 

281 14072870418012242636 1 4
0 3 8 4 

151 8196428548758386183 1 5
1 4 0 7 2 

408 1677071180347565230 2 4
3 7 8 4 
7 3 8 4 

89 1186140127831697922 1 4
0 3 6 4 

216 10601132076907988804 2 4
3 7 4 6 
7 3 4 6 

30 9515771854054113449 2 4
2 3 1 4 
3 2 1 4 

27 2107395846396351984 1 4
0 3 1 4 

284 1677071180347565230 2 4
2 3 4 8 
3 2 4 8 

15 17667432349576702386 1 4
1 3 0 2 

142 18125736765879375276 1 4
1 3 2 7 

269 7603382096221878079 2 4
3 8 0 2 
8 3 0 2 

313 7171050684957348504 1 5
3 0 5 8 4 

56 6906529405458791006 6 3
3 4 5 
3 5 4 
4 3 5 
4 5 3 
5 4 3 
5 3 4 

35 10824648496175126828 1 3
1 0 5 

419 2179657226783543188 1 5
1 8 0 7 5 

162 7698985776645440831 2 3
1 5 7 
1 7 5 

60 1324427476534020738 2 4
3 4 2 5 
4 3 2 5 

39 13357245663101702937 1 4
1 0 5 2 

296 6906529405458791006 6 3
3 5 8 
3 8 5 
5 3 8 
5 8 3 
8 5 3 
8 3 5 

299 14732663400200862083 1 5
3 1 8 0 5 

42 3854895435528399829 2 3
1 3 5 
1 5 3 

395 3388737576013925735 1 5
3 1 8 7 0 

138 10706753935364593016 2 3
1 3 7 
1 7 3 

265 11007396347674524615 2 3
0 3 8 
0 8 3 

67 4369490383445338265 1 3
0 1 6 

321 16066363148482742795 2 3
0 6 8 
0 8 6 

285 12122363541185204999 1 5
3 2 0 4 8 

28 2728381371886174304 6 3
2 3 4 
2 4 3 
3 2 4 
3 4 2 
4 3 2 
4 2 3 

25 8601944490373965179 2 3
0 3 4 
0 4 3 

409 18105342199104078630 1 5
3 7 0 8 4 

152 754205998099296360 6 3
3 4 7 
3 7 4 
4 3 7 
4 7 3 
7 4 3 
7 3 4 

78 242440319660852541 2 4
2 3 1 6 
3 2 1 6 

19 7703474770747799351 1 3
0 1 4 

273 15075452131784449724 2 3
0 4 8 
0 8 4 

7 13848700440936545170 1 3
1 0 2 

391 11039907742220814711 1 5
1 8 0 7 2 

134 12585292063867719537 2 3
1 2 7 
1 7 2 

150 3982813991072387447 2 4
1 4 2 7 
1 4 7 2 

23 17328504403499794297 1 4
1 4 0 2 

277 500395640035807574 2 4
0 2 4 8 
0 2 8 4 

11 10072401957793145572 1 3
1 0 3 

268 754205998099296360 6 3
2 3 8 
2 8 3 
3 2 8 
3 8 2 
8 3 2 
8 2 3 

271 12910799027760757861 1 5
3 1 8 0 2 

14 12769602731266802952 2 3
1 2 3 
1 3 2 

81 16066363148482742795 2 3
0 4 6 
0 6 4 

3 17935342459963897086 1 2
1 0 

392 2728381371886174304 6 3
3 7 8 
3 8 7 
7 3 8 
7 8 3 
8 7 3 
8 3 7 

135 7533090880572842569 1 4
1 0 7 2 

333 7933036678327365315 1 5
3 0 2 8 6 

76 6906529405458791006 6 3
2 3 6 
2 6 3 
3 2 6 
3 6 2 
6 3 2 
6 2 3 

332 10601132076907988804 2 4
2 3 8 6 
3 2 8 6 

75 8791567584604327138 1 4
0 3 1 6 

202 10596920958349277763 2 4
3 7 1 6 
7 3 1 6 

329 18027967778531616632 1 4
0 3 8 6 

199 597548465300955629 1 5
1 6 0 7 2 

456 1324427476534020738 2 4
3 7 8 6 
7 3 8 6 

73 342545169465579837 2 3
0 3 6 
0 6 3 

457 862732508862735574 1 5
3 7 0 8 6 

200 6906529405458791006 6 3
3 6 7 
3 7 6 
6 3 7 
6 7 3 
7 6 3 
7 3 6 

131 15557169975322158000 1 3
1 0 7 

295 16684473562376556330 1 5
1 8 0 5 2 

38 7698985776645440831 2 3
1 2 5 
1 5 2 

259 17533981407011413632 1 3
0 1 8 

286 2931493229845075762 2 5
2 3 1 4 8 
3 2 1 4 8 

29 18041200491207493591 2 4
3 4 2 0 
4 3 2 0 

156 1677071180347565230 2 4
3 4 2 7 
4 3 2 7 

85 16533404595066825932 2 4
0 2 4 6 
0 2 6 4 

212 7556829846088060811 4 4
2 7 6 4 
2 7 4 6 
7 2 6 4 
7 2 4 6 

404 13150025586414177241 8 4
2 7 4 8 
2 7 8 4 
4 8 7 2 
4 8 2 7 
7 2 4 8 
7 2 8 4 
8 4 7 2 
8 4 2 7 

147 3050048041558942566 1 4
1 4 0 7 

401 4120992122716621271 2 4
0 7 4 8 
0 7 8 4 

396 1677071180347565230 2 4
3 8 7 2 
8 3 7 2 

139 18325536531925263579 1 4
1 3 0 7 

393 15029833311468163683 2 4
3 8 7 0 
8 3 7 0 

410 18064990090265222733 2 5
3 7 1 8 4 
7 3 1 8 4 

153 6783919389627047262 2 4
3 4 0 7 
4 3 0 7 

163 4978549641544920875 1 4
1 0 7 5 

452 7556829846088060811 4 4
2 7 6 8 
2 7 8 6 
7 2 6 8 
7 2 8 6 

195 17861370219846672228 1 4
1 6 0 7 

449 11937551223481836186 2 4
0 7 6 8 
0 7 8 6 

209 11937551223481836186 2 4
0 7 6 4 
0 7 4 6 

458 2321507838863568102 2 5
3 7 1 8 6 
7 3 1 8 6 

201 17298544857311634184 2 4
3 6 0 7 
6 3 0 7 

263 7521903088142947439 1 4
1 8 0 2 

390 7150496180077738619 2 4
1 8 7 2 
1 8 2 7 

275 8500616377008772498 1 4
0 1 4 8 

270 5017445520378449331 2 4
2 3 1 8 
3 2 1 8 

267 12953217349862537059 1 4
0 3 1 8 

394 15804328657059468321 2 4
3 7 1 8 
7 3 1 8 

294 15896268698264125057 2 4
1 8 5 2 
1 8 2 5 

291 14269728876437909896 1 4
1 8 0 5 

418 15896268698264125057 2 4
1 8 7 5 
1 8 5 7 

298 11699471195932271526 2 4
3 5 1 8 
5 3 1 8 

323 12486815018263356399 1 4
0 1 6 8 

387 17864926088985212196 1 4
1 8 0 7 

312 3364750820705448782 4 4
3 5 4 8 
3 5 8 4 
5 3 4 8 
5 3 8 4 

55 2057190171540589044 1 5
1 4 0 5 2 

31 3452559633240938480 1 5
3 1 4 2 0 

62 2045390665250012994 1 5
3 1 4 2 5 

61 14284499421395833082 2 5
3 4 2 0 5 
4 3 2 0 5 

47 9332505078636061162 1 5
1 3 0 5 2 

316 12945076698413370687 1 5
3 4 8 2 5 

59 5738824556875904489 1 5
3 1 4 0 5 

87 6244838689242479869 1 5
0 2 1 4 6 

