bhabha2npb[1,0,-1,0,0,0,0,0,0]*(-16*a0)
bhabha2npb[1,0,0,0,0,-1,0,0,0]*(8*a0)
bhabha2npb[1,0,0,0,0,0,0,0,0]*(8*eta*a0-40*a0)
bhabha2npb[0,0,0,0,0,0,0,0,0]*(8*a1-8*a8-8*a2+8*a0)
bhabha2npb[0,0,0,0,0,0,0,1,0]*(13*a7-3*a7*eta)
bhabha2npb[0,0,0,0,0,-1,0,1,0]*(-5*a7)
bhabha2npb[0,1,0,0,0,0,-1,0,0]*(8*a1)
bhabha2npb[0,1,0,0,0,0,0,0,-1]*(-16*a1)
bhabha2npb[0,1,0,0,0,0,0,0,0]*(-40*a1)
bhabha2npb[0,0,0,0,1,0,0,0,-1]*(8*a4)
bhabha2npb[-1,0,0,0,0,0,0,1,0]*(-3*a7)
bhabha2npb[0,0,-1,0,0,0,0,1,0]*(8*a7)
bhabha2npb[0,-1,0,0,1,0,0,0,0]*(-3*a4)
bhabha2npb[0,0,1,0,0,-1,0,0,0]*(6*a2)
bhabha2npb[0,0,1,0,0,0,0,0,0]*(-6*a2+2*a2*eta)
bhabha2npb[-1,0,1,0,0,0,0,0,0]*(2*a2)
bhabha2npb[0,0,0,0,1,0,0,0,0]*(13*a4)
bhabha2npb[0,0,0,0,1,0,-1,0,0]*(-5*a4)
bhabha2npb[0,0,0,0,0,0,-1,0,1]*(6*a8)
bhabha2npb[0,-1,0,0,0,0,0,0,1]*(2*a8)
bhabha2npb[0,0,0,0,0,0,0,0,1]*(-6*a8)

bhabha2npb[1,0,-1,0,0,0,0,0,0]*(8*a0)
bhabha2npb[1,0,0,0,0,-1,0,0,0]*(-16*a0)
bhabha2npb[1,0,0,0,0,0,0,0,0]*(-16*a0)
bhabha2npb[0,0,0,0,0,0,0,0,0]*(-3*a7-3*a4+3*a8+3*a2)
bhabha2npb[1,0,0,0,0,0,0,-1,0]*(8*a0)
bhabha2npb[0,0,0,0,0,-1,0,1,0]*(5*a7)
bhabha2npb[0,1,0,0,0,0,-1,0,0]*(-16*a1)
bhabha2npb[0,1,0,0,0,0,0,0,-1]*(8*a1)
bhabha2npb[0,1,0,0,0,0,0,0,0]*(-16*a1)
bhabha2npb[0,1,0,0,-1,0,0,0,0]*(8*a1)
bhabha2npb[0,0,0,0,1,0,0,0,-1]*(-2*a4)
bhabha2npb[0,0,0,0,1,0,0,0,0]*(5*a4)
bhabha2npb[0,0,0,0,1,0,-1,0,0]*(5*a4)
bhabha2npb[0,0,1,0,0,-1,0,0,0]*(-5*a2)
bhabha2npb[0,0,1,0,0,0,0,0,0]*(-5*a2)
bhabha2npb[0,0,-1,0,0,0,0,1,0]*(-2*a7)
bhabha2npb[0,0,1,0,0,0,0,-1,0]*(2*a2)
bhabha2npb[0,0,0,0,0,0,0,1,0]*(5*a7)
bhabha2npb[0,0,0,0,0,0,-1,0,1]*(-5*a8)
bhabha2npb[0,0,0,0,0,0,0,0,1]*(-5*a8)
bhabha2npb[0,0,0,0,-1,0,0,0,1]*(2*a8)

bhabha2npb[0,0,0,0,0,0,0,0,0]*(-5*a7-5*a4+8*a1-3*a8-3*a2+8*a0)
bhabha2npb[1,0,-1,0,0,0,0,0,0]*(-8*a0)
bhabha2npb[1,0,0,0,0,0,0,0,0]*(8*eta*a0-56*a0)
bhabha2npb[1,0,0,0,0,-1,0,0,0]*(-8*a0)
bhabha2npb[1,0,0,0,0,0,0,-1,0]*(8*a0)
bhabha2npb[0,0,0,0,1,0,0,0,0]*(17*a4)
bhabha2npb[0,0,0,0,0,0,0,1,0]*(17*a7-2*a7*eta)
bhabha2npb[0,1,0,0,0,0,0,0,-1]*(-8*a1)
bhabha2npb[0,1,0,0,0,0,0,0,0]*(-56*a1)
bhabha2npb[0,1,0,0,-1,0,0,0,0]*(8*a1)
bhabha2npb[0,1,0,0,0,0,-1,0,0]*(-8*a1)
bhabha2npb[-1,0,0,0,0,0,0,1,0]*(-2*a7)
bhabha2npb[-1,0,1,0,0,0,0,0,0]*(3*a2)
bhabha2npb[0,0,0,0,0,-1,0,1,0]*(5*a7)
bhabha2npb[0,0,1,0,0,0,0,0,0]*(-24*a2+3*a2*eta)
bhabha2npb[0,0,1,0,0,-1,0,0,0]*(-6*a2)
bhabha2npb[0,0,1,0,0,0,0,-1,0]*(6*a2)
bhabha2npb[0,-1,0,0,1,0,0,0,0]*(-2*a4)
bhabha2npb[0,-1,0,0,0,0,0,0,1]*(3*a8)
bhabha2npb[0,0,0,0,1,0,0,0,-1]*(2*a4)
bhabha2npb[0,0,0,0,-1,0,0,0,1]*(6*a8)
bhabha2npb[0,0,0,0,0,0,-1,0,1]*(-6*a8)
bhabha2npb[0,0,0,0,0,0,0,0,1]*(-24*a8)
bhabha2npb[0,0,-1,0,0,0,0,1,0]*(2*a7)
bhabha2npb[0,0,0,0,1,0,-1,0,0]*(5*a4)

