482 314722180793053390 1 5
1 5 7 6 8 

488 14883997739404081677 1 5
3 5 7 6 8 

458 15254384205920608062 2 5
1 3 7 6 8 
3 1 7 6 8 

484 11395329227121908898 1 5
2 5 7 6 8 

496 9336301702580166293 2 5
4 5 7 6 8 
5 4 7 6 8 

354 698476773254776664 2 4
1 5 6 8 
1 5 8 6 

330 8410839881995336691 2 4
1 3 6 8 
3 1 6 8 

73 7698985776645440831 2 3
3 0 6 
3 6 0 

326 279101176869165818 1 4
1 2 8 6 

69 6956005086744757518 2 3
2 0 6 
2 6 0 

338 7524780861938553064 1 4
1 4 8 6 

298 17103047498694331377 1 4
1 8 3 5 

294 15501751686168484652 1 4
1 8 2 5 

306 16759578986255104721 1 4
1 8 4 5 

291 16759578986255104721 1 4
1 5 0 8 

270 18069750879704032040 1 4
1 8 3 2 

267 10697282481186602161 2 4
1 3 8 0 
3 1 8 0 

10 17087753756477223945 2 2
1 3 
3 1 

278 14529240865859447260 1 4
1 8 4 2 

282 11009543509808397771 1 4
1 8 3 4 

263 11467918695072051026 1 4
1 2 8 0 

6 7701711680606269274 1 2
1 2 

275 16759578986255104721 1 4
1 4 8 0 

360 10667362792025660262 2 4
3 5 6 8 
3 5 8 6 

103 17363831376907431554 1 5
1 5 2 0 6 

106 6805326844967613029 1 4
1 6 3 5 

356 16091646957771735035 2 4
2 5 6 8 
2 5 8 6 

99 16759578986255104721 1 4
1 5 0 6 

102 13135322155018021916 1 4
1 6 2 5 

368 7556829846088060811 4 4
6 8 4 5 
6 8 5 4 
8 6 5 4 
8 6 4 5 

114 10719626107048014941 1 4
1 6 4 5 

232 64154117987750346 2 4
3 5 6 7 
3 5 7 6 

105 6206462416675298678 2 4
3 5 0 6 
3 5 6 0 

362 13596675112872235957 1 5
1 3 5 6 8 

226 14469657124809349322 2 4
1 5 6 7 
1 5 7 6 

329 2506011958774662217 2 4
3 6 8 0 
3 8 6 0 

202 5078608711686083380 4 4
1 3 6 7 
1 3 7 6 
3 1 6 7 
3 1 7 6 

75 16472800172034163515 2 4
1 3 6 0 
3 1 6 0 

332 16427395602842835018 2 4
3 2 6 8 
3 2 8 6 

240 3092465935444304488 4 4
6 7 4 5 
6 7 5 4 
7 6 5 4 
7 6 4 5 

113 11459320056471732761 8 4
0 6 5 4 
0 6 4 5 
4 5 0 6 
4 5 6 0 
5 4 0 6 
5 4 6 0 
6 0 5 4 
6 0 4 5 

370 14063139754193087066 1 5
1 8 6 4 5 

228 7734422567404793889 2 4
6 7 2 5 
7 6 2 5 

101 477465762877195516 2 4
2 5 0 6 
2 5 6 0 

358 4188270664858053333 1 5
1 2 5 8 6 

78 13710916020804706746 1 4
1 6 3 2 

269 6123008757214900236 2 4
3 2 0 8 
3 2 8 0 

142 1563558674482678500 1 4
1 7 3 2 

15 16277593485896418668 1 4
1 0 3 2 

82 12129649998618649867 2 3
1 4 6 
1 6 4 

339 3913004152223566037 1 5
1 4 8 6 0 

277 8983805789997333222 2 4
2 4 0 8 
2 4 8 0 

150 473561160787992964 1 4
1 7 2 4 

23 17602231620975524774 1 4
1 0 2 4 

131 7698985776645440831 2 3
1 0 7 
1 7 0 

388 4614461191588569013 2 3
2 7 8 
2 8 7 

200 3870621583062396010 2 3
3 6 7 
3 7 6 

457 17760995621604911877 1 5
3 7 6 8 0 

141 6123008757214900236 2 4
3 2 0 7 
3 2 7 0 

398 10369164882771225316 1 5
1 3 2 7 8 

14 11596868163828400568 1 3
1 3 2 

271 12608762963284452452 1 5
1 3 2 8 0 

146 9951756003203208658 2 3
1 4 7 
1 7 4 

403 8295913054049985516 1 5
1 4 8 7 0 

19 10706753935364593016 2 3
1 0 4 
1 4 0 

137 7698985776645440831 2 3
3 0 7 
3 7 0 

394 2406527012680097749 2 4
1 3 7 8 
3 1 7 8 

323 2506011958774662217 2 4
1 6 8 0 
1 8 6 0 

196 12669035342001585945 2 3
2 6 7 
2 7 6 

453 2925492955139016009 1 5
2 7 6 8 0 

149 8983805789997333222 2 4
2 4 0 7 
2 4 7 0 

406 1421005880188154750 1 5
1 4 2 8 7 

22 7673457753209340599 1 3
1 2 4 

279 4234868860431349212 1 5
1 4 2 8 0 

133 6956005086744757518 2 3
2 0 7 
2 7 0 

390 16659845545638689232 1 4
1 2 8 7 

162 10706753935364593016 2 3
1 5 7 
1 7 5 

419 6641950137564085828 2 5
1 5 0 7 8 
1 5 0 8 7 

35 12254329342543767602 2 3
1 0 5 
1 5 0 

177 11459320056471732761 8 4
0 7 5 4 
0 7 4 5 
4 5 0 7 
4 5 7 0 
5 4 0 7 
5 4 7 0 
7 0 5 4 
7 0 4 5 

434 728052241228970148 1 5
1 8 7 4 5 

50 7698985776645440831 2 3
1 4 5 
1 5 4 

307 3342918231512061301 4 5
1 0 8 4 5 
1 4 5 0 8 
1 5 4 8 0 
1 8 0 5 4 

153 7014131733599754745 2 4
3 4 0 7 
3 4 7 0 

410 4346550243713764354 1 5
1 3 4 8 7 

26 1100806113672523033 1 3
1 3 4 

283 13459332017285594198 1 5
1 3 4 8 0 

389 4318264888781456106 2 4
2 7 8 0 
2 8 7 0 

135 10781268405985828091 1 4
1 2 0 7 

392 17258787824257198352 2 3
3 7 8 
3 8 7 

262 13401577296348396171 1 3
1 2 8 

212 2258727821507674166 2 4
6 7 2 4 
7 6 2 4 

85 8983805789997333222 2 4
2 4 0 6 
2 4 6 0 

342 9216536226576254447 1 5
1 4 2 8 6 

194 3870621583062396010 2 3
1 6 7 
1 7 6 

451 17760995621604911877 1 5
1 7 6 8 0 

67 7698985776645440831 2 3
1 0 6 
1 6 0 

324 8253869027633492243 2 3
2 6 8 
2 8 6 

165 477465762877195516 2 4
2 5 0 7 
2 5 7 0 

422 2964910130322533560 1 5
1 2 5 8 7 

38 9403820433353637508 1 3
1 2 5 

295 6999247100893595892 1 5
1 5 2 0 8 

147 9074099179021290713 1 4
1 4 7 0 

404 18332642080638677915 2 4
2 4 7 8 
2 4 8 7 

274 12254329342543767602 2 3
1 4 8 
1 8 4 

169 6206462416675298678 2 4
3 5 0 7 
3 5 7 0 

426 17451581927278427064 1 5
1 3 5 7 8 

42 18318763533345863842 1 3
1 3 5 

299 13539123916696183363 1 5
1 3 5 0 8 

98 10706753935364593016 2 3
1 5 6 
1 6 5 

355 16992298366713299074 2 5
1 5 0 6 8 
1 5 0 8 6 

293 477465762877195516 2 4
2 5 0 8 
2 5 8 0 

166 7197050171383557500 1 4
1 7 2 5 

39 6754661727199021252 1 4
1 0 5 2 

11 16574095905003600574 2 3
1 3 0 
3 1 0 

138 17662388742419376403 2 3
1 3 7 
3 1 7 

395 10569450830428692319 2 5
1 3 7 8 0 
3 1 7 8 0 

265 7698985776645440831 2 3
3 0 8 
3 8 0 

197 7973666104195928257 2 4
2 6 7 0 
2 7 6 0 

454 6282242819315518473 1 5
1 2 6 7 8 

70 11914870414872014810 1 3
1 2 6 

327 9929428635202829597 1 5
1 2 8 0 6 

163 16759578986255104721 1 4
1 5 0 7 

420 8755068800752667910 2 4
2 5 7 8 
2 5 8 7 

290 10706753935364593016 2 3
1 5 8 
1 8 5 

54 9868587969491600094 1 4
1 2 4 5 

139 16472800172034163515 2 4
1 3 7 0 
3 1 7 0 

396 16142455473395078313 2 4
3 2 7 8 
3 2 8 7 

266 10391787902979575712 2 3
1 3 8 
3 1 8 

30 27549724462209505 1 4
1 3 2 4 

216 15175919273973401860 2 4
3 4 6 7 
3 4 7 6 

89 7014131733599754745 2 4
3 4 0 6 
3 4 6 0 

346 9844543085792699956 1 5
1 3 4 8 6 

195 12586463095304085354 2 4
1 6 7 0 
1 7 6 0 

452 6413758187211579870 1 4
2 7 6 8 

322 12585292063867719537 2 3
1 6 8 
1 8 6 

281 7014131733599754745 2 4
3 4 0 8 
3 4 8 0 

154 6660210577474354258 1 4
1 7 3 4 

27 5036159874697649378 1 4
1 0 3 4 

340 12155877707805771723 2 4
2 4 6 8 
2 4 8 6 

83 10719626107048014941 1 4
1 4 6 0 

86 9412416574684161613 1 4
1 6 2 4 

201 12586463095304085354 2 4
3 6 7 0 
3 7 6 0 

74 17662388742419376403 2 3
1 3 6 
3 1 6 

331 18388705056619334459 2 5
1 3 6 8 0 
3 1 6 8 0 

328 12585292063867719537 2 3
3 6 8 
3 8 6 

71 1219373844285790648 1 4
1 2 0 6 

259 7698985776645440831 2 3
1 0 8 
1 8 0 

386 17258787824257198352 2 3
1 7 8 
1 8 7 

134 12164640584284283763 1 3
1 2 7 

391 11904173878869203875 1 5
1 2 8 0 7 

7 6111927977799421225 1 3
1 2 0 

261 6956005086744757518 2 3
2 0 8 
2 8 0 

305 11459320056471732761 8 4
0 8 5 4 
0 8 4 5 
4 5 0 8 
4 5 8 0 
5 4 0 8 
5 4 8 0 
8 0 5 4 
8 0 4 5 

178 9074099179021290713 1 4
1 7 4 5 

51 16759578986255104721 1 4
1 0 5 4 

297 6206462416675298678 2 4
3 5 0 8 
3 5 8 0 

170 6805326844967613029 1 4
1 7 3 5 

43 4165790533383973922 1 4
1 0 3 5 

58 8778297980605328996 1 4
1 3 4 5 

46 17764309192819513055 1 4
1 3 2 5 

210 14398197362158434576 1 4
1 4 7 6 

204 5940131631778857979 2 4
3 2 6 7 
3 2 7 6 

77 6123008757214900236 2 4
3 2 0 6 
3 2 6 0 

334 1351584909962485546 1 5
1 3 2 6 8 

325 10261256854836052434 2 4
2 6 8 0 
2 8 6 0 

198 1670585004610483203 1 4
1 2 6 7 

344 3982813991072387447 2 4
3 4 6 8 
3 4 8 6 

87 5754369391489716236 1 5
1 2 4 0 6 

90 13907451098203263116 1 4
1 6 3 4 

408 2045910373128645647 2 4
3 4 7 8 
3 4 8 7 

151 18273729883262564231 1 5
1 2 4 0 7 

393 993176294303415770 2 4
3 7 8 0 
3 8 7 0 

402 13572405524771744665 1 4
1 4 8 7 

387 993176294303415770 2 4
1 7 8 0 
1 8 7 0 

432 9889576315341648160 4 4
7 8 4 5 
7 8 5 4 
8 7 5 4 
8 7 4 5 

424 4044394870767716701 2 4
3 5 7 8 
3 5 8 7 

167 15927716098524181755 1 5
1 5 2 0 7 

418 14412209275766129787 2 4
1 5 7 8 
1 5 8 7 

456 15236505058129304159 1 4
3 7 6 8 

199 1758121803366261652 1 5
1 2 6 7 0 

450 15236505058129304159 1 4
1 7 6 8 

59 12151143527605453567 1 5
1 0 3 5 4 

55 10690597631353196191 1 5
1 0 5 2 4 

31 2003819864950219039 1 5
1 0 3 2 4 

47 9193624420118341116 1 5
1 0 3 5 2 

62 3057492094569087785 1 5
1 3 2 4 5 

91 15995648837253322068 1 5
1 3 4 6 0 

348 5140425531955766445 2 5
6 8 3 2 4 
8 6 3 2 4 

93 3760911907358835462 2 5
0 6 3 2 4 
6 0 3 2 4 

79 13831418057423243521 1 5
1 3 2 6 0 

94 7890460330199249844 1 5
1 6 3 2 4 

117 11902437597786214276 2 5
0 6 2 4 5 
6 0 2 4 5 

109 11181778685764194534 2 5
0 6 3 2 5 
6 0 3 2 5 

121 10388030633625538715 2 5
0 6 3 4 5 
6 0 3 4 5 

115 9915058933664882642 2 5
1 0 6 5 4 
1 5 4 0 6 

372 6387535706951271575 2 5
6 8 2 4 5 
8 6 2 4 5 

118 14475651510327452396 1 5
1 6 2 4 5 

122 1891389797022186768 1 5
1 6 3 4 5 

107 8814557327592531078 1 5
1 3 5 0 6 

364 12601836225456310942 2 5
6 8 3 2 5 
8 6 3 2 5 

110 9771778078399697356 1 5
1 6 3 2 5 

157 3760911907358835462 2 5
0 7 3 2 4 
7 0 3 2 4 

155 15565011356007573143 1 5
1 3 4 7 0 

412 9152835008148188131 2 5
7 8 3 2 4 
8 7 3 2 4 

143 17315626194764970308 1 5
1 3 2 7 0 

158 13366341086730401508 1 5
1 7 3 2 4 

181 11902437597786214276 2 5
0 7 2 4 5 
7 0 2 4 5 

185 10388030633625538715 2 5
0 7 3 4 5 
7 0 3 4 5 

173 11181778685764194534 2 5
0 7 3 2 5 
7 0 3 2 5 

179 1591041853553215488 2 5
1 0 7 5 4 
1 5 4 0 7 

436 2002524139929768148 2 5
7 8 2 4 5 
8 7 2 4 5 

182 1045611440527461453 1 5
1 7 2 4 5 

186 14611086332189333878 1 5
1 7 3 4 5 

171 8814557327592531078 1 5
1 3 5 0 7 

428 15352100476797988000 2 5
7 8 3 2 5 
8 7 3 2 5 

174 7578488578462667174 1 5
1 7 3 2 5 

213 7279392498246683145 2 5
2 4 6 7 0 
2 4 7 6 0 

217 1856374817055370380 2 5
3 4 6 7 0 
3 4 7 6 0 

205 10867594560574769283 2 5
3 2 6 7 0 
3 2 7 6 0 

220 2262866133918170134 2 5
6 7 3 2 4 
7 6 3 2 4 

211 2675129202913573369 1 5
1 4 7 6 0 

468 2162670037847798108 1 5
2 4 7 6 8 

214 7421351311422665328 1 5
1 6 7 2 4 

218 9022050173232112407 1 5
1 3 4 7 6 

206 1067472829864116017 1 5
1 3 2 6 7 

241 6892554146738669433 4 5
4 5 6 7 0 
4 5 7 6 0 
5 4 6 7 0 
5 4 7 6 0 

229 14931988016936024917 2 5
2 5 6 7 0 
2 5 7 6 0 

203 11207449915974968302 4 5
1 3 6 7 0 
1 3 7 6 0 
3 1 6 7 0 
3 1 7 6 0 

460 9257702714152564681 1 5
3 2 7 6 8 

244 18203140721698287429 2 5
6 7 2 4 5 
7 6 2 4 5 

233 2605485522086852770 2 5
3 5 6 7 0 
3 5 7 6 0 

248 9978106879672068885 2 5
6 7 3 4 5 
7 6 3 4 5 

227 4588243315529980216 2 5
1 5 0 6 7 
1 5 0 7 6 

236 10612995119090850346 2 5
6 7 3 2 5 
7 6 3 2 5 

242 14267474439716680903 1 5
1 7 6 4 5 

230 16579194972166456922 1 5
1 6 7 2 5 

234 3516957044646094722 2 5
1 3 5 6 7 
1 3 5 7 6 

285 3760911907358835462 2 5
0 8 3 2 4 
8 0 3 2 4 

286 8863937428250262562 1 5
1 8 3 4 2 

309 11902437597786214276 2 5
0 8 2 4 5 
8 0 2 4 5 

313 10388030633625538715 2 5
0 8 3 4 5 
8 0 3 4 5 

301 11181778685764194534 2 5
0 8 3 2 5 
8 0 3 2 5 

310 109778398077692923 1 5
1 8 4 2 5 

314 16526879278513368803 1 5
1 8 3 4 5 

302 7944991447417998632 1 5
1 8 3 2 5 

341 6603155306205595525 2 5
2 4 6 8 0 
2 4 8 6 0 

345 757016727125658107 2 5
3 4 6 8 0 
3 4 8 6 0 

333 5445151007109862957 2 5
3 2 6 8 0 
3 2 8 6 0 

369 15159478830403372626 4 5
4 5 6 8 0 
4 5 8 6 0 
5 4 6 8 0 
5 4 8 6 0 

357 11434470631152972994 2 5
2 5 6 8 0 
2 5 8 6 0 

361 17274848527672860022 2 5
3 5 6 8 0 
3 5 8 6 0 

376 3772855870296834902 2 5
6 8 3 4 5 
8 6 3 4 5 

405 15707033333068743693 2 5
2 4 7 8 0 
2 4 8 7 0 

409 17241346800833252017 2 5
3 4 7 8 0 
3 4 8 7 0 

397 16152678264372580816 2 5
3 2 7 8 0 
3 2 8 7 0 

421 4576561163726181646 2 5
2 5 7 8 0 
2 5 8 7 0 

433 3584731225284578173 4 5
4 5 7 8 0 
4 5 8 7 0 
5 4 7 8 0 
5 4 8 7 0 

425 521366855921968771 2 5
3 5 7 8 0 
3 5 8 7 0 

440 6871427570525424833 2 5
7 8 3 4 5 
8 7 3 4 5 

472 8937382082799514266 1 5
3 4 7 6 8 

466 3563861762695325245 1 5
1 4 8 7 6 

