mercedes[0,1,0,0,0,1,2,1,0,0,0,0] # 226
mercedes[0,1,0,0,0,1,3,1,0,0,0,0] # 226
mercedes[1,1,1,0,0,1,0,1,0,0,0,0] # 167
mercedes[1,1,1,0,0,1,0,2,0,0,0,0] # 167
mercedes[1,0,1,0,1,0,2,1,0,0,0,0] # 213
mercedes[1,0,1,0,1,0,1,2,0,0,0,0] # 213
mercedes[1,0,1,0,1,0,3,1,0,0,0,0] # 213
mercedes[1,1,0,0,1,0,2,1,0,0,0,0] # 211
mercedes[1,2,0,0,1,0,1,1,0,0,0,0] # 211
mercedes[1,1,0,0,1,0,3,1,0,0,0,0] # 211
mercedes[1,0,1,0,0,1,2,1,0,0,0,0] # 229
mercedes[1,0,2,0,0,1,1,1,0,0,0,0] # 229
mercedes[1,1,0,0,0,1,1,1,0,0,0,0] # 227
mercedes[1,1,1,0,1,0,1,1,0,0,0,0] # 215
mercedes[1,1,0,1,0,1,2,1,0,0,0,0] # 235
mercedes[1,1,0,1,0,1,1,2,0,0,0,0] # 235
mercedes[1,2,0,1,0,1,1,1,0,0,0,0] # 235
mercedes[1,1,0,1,1,0,1,0,2,0,0,0] # 347
mercedes[1,1,0,1,1,0,1,0,3,0,0,0] # 347
mercedes[1,0,1,0,1,0,1,1,2,0,0,0] # 469
mercedes[1,1,1,0,1,1,1,1,0,0,0,0] # 247
mercedes[1,1,1,1,1,1,1,1,2,0,0,0] # 511
mercedes[1,0,1,0,0,1,0,1,0,0,0,0] # 165
mercedes[1,0,1,0,0,1,0,2,0,0,0,0] # 165
mercedes[1,0,0,0,1,0,1,1,0,0,0,0] # 209
mercedes[1,0,1,0,0,0,0,1,2,0,0,0] # 389
mercedes[2,0,1,0,0,0,0,1,1,0,0,0] # 389
mercedes[1,0,1,0,0,0,0,1,3,0,0,0] # 389
mercedes[2,0,1,0,0,0,0,1,2,0,0,0] # 389
mercedes[2,0,1,0,1,0,1,1,0,0,0,0] # 213
mercedes[1,0,2,0,1,0,1,1,0,0,0,0] # 213
mercedes[2,1,0,0,1,0,1,1,0,0,0,0] # 211
mercedes[1,0,1,0,0,1,1,2,0,0,0,0] # 229
mercedes[1,1,0,0,0,1,2,1,0,0,0,0] # 227
mercedes[1,2,0,0,0,1,1,1,0,0,0,0] # 227
mercedes[1,0,1,0,1,0,0,1,2,0,0,0] # 405
mercedes[1,1,1,0,0,0,0,1,1,0,0,0] # 391
mercedes[0,1,1,0,0,1,0,1,2,0,0,0] # 422
mercedes[0,1,1,0,0,2,0,1,1,0,0,0] # 422
mercedes[0,1,0,1,0,1,0,1,2,0,0,0] # 426
mercedes[0,1,0,1,0,1,0,1,3,0,0,0] # 426
mercedes[1,0,1,0,1,0,1,0,2,0,0,0] # 341
mercedes[1,0,1,0,1,0,1,0,3,0,0,0] # 341
mercedes[1,0,1,0,1,0,2,0,2,0,0,0] # 341
mercedes[1,0,0,1,1,0,1,0,1,0,0,0] # 345
mercedes[1,0,1,0,0,1,1,0,1,0,0,0] # 357
mercedes[1,0,1,0,0,1,2,0,1,0,0,0] # 357
mercedes[2,0,1,0,0,1,1,0,1,0,0,0] # 357
mercedes[1,0,1,0,1,1,2,1,0,0,0,0] # 245
mercedes[1,1,0,0,1,1,1,1,0,0,0,0] # 243
mercedes[1,1,0,2,0,1,1,1,0,0,0,0] # 235
mercedes[2,1,0,1,0,1,1,1,0,0,0,0] # 235
mercedes[1,1,1,0,1,0,0,1,2,0,0,0] # 407
mercedes[1,1,1,0,1,0,0,2,1,0,0,0] # 407
mercedes[1,2,1,0,1,0,0,1,1,0,0,0] # 407
mercedes[2,1,1,0,1,0,0,1,1,0,0,0] # 407
mercedes[1,1,1,0,0,1,0,1,1,0,0,0] # 423
mercedes[1,1,1,0,0,1,0,1,2,0,0,0] # 423
mercedes[1,1,0,1,0,1,0,1,1,0,0,0] # 427
mercedes[1,1,0,1,0,1,0,1,2,0,0,0] # 427
mercedes[1,1,0,1,0,1,0,2,1,0,0,0] # 427
mercedes[1,1,0,1,0,2,0,1,1,0,0,0] # 427
mercedes[1,2,0,1,0,1,0,1,1,0,0,0] # 427
mercedes[1,1,0,1,0,1,1,0,1,0,0,0] # 363
mercedes[1,1,0,1,0,1,2,0,1,0,0,0] # 363
mercedes[1,0,1,0,1,0,2,1,1,0,0,0] # 469
mercedes[0,1,0,1,0,1,1,1,2,0,0,0] # 490
mercedes[1,1,1,0,1,1,0,1,1,0,0,0] # 439
mercedes[1,1,1,1,0,1,0,1,1,0,0,0] # 431
mercedes[1,1,1,1,0,1,0,1,2,0,0,0] # 431
mercedes[1,1,1,1,0,1,0,2,1,0,0,0] # 431
mercedes[1,0,1,1,1,1,1,0,1,0,0,0] # 381
mercedes[1,1,0,1,1,1,1,0,1,0,0,0] # 379
mercedes[1,0,1,0,1,1,1,1,1,0,0,0] # 501
mercedes[1,1,0,1,0,1,1,1,1,0,0,0] # 491
mercedes[1,1,0,1,0,1,1,1,2,0,0,0] # 491
mercedes[1,1,1,1,1,1,1,2,1,0,0,0] # 511
