464 78324714845983665 2 4
4 8 7 6 
8 4 7 6 

456 12284499012358340592 2 4
3 8 6 7 
8 3 6 7 

450 5212208834225348329 2 4
1 8 7 6 
1 8 6 7 

432 1677071180347565230 2 4
4 8 7 5 
8 4 7 5 

424 2834274728191520143 2 4
3 8 5 7 
8 3 5 7 

418 7150496180077738619 2 4
1 8 7 5 
1 8 5 7 

408 1324427476534020738 2 4
7 8 4 3 
8 7 4 3 

402 15804328657059468321 2 4
4 7 1 8 
7 4 1 8 

401 1324427476534020738 2 4
4 8 7 0 
8 4 7 0 

389 9150883777465990184 1 4
2 8 0 7 

394 7280204158998552156 2 4
3 7 1 8 
7 3 1 8 

393 12190912153274299044 2 4
3 8 0 7 
8 3 0 7 

387 15896268698264125057 2 4
1 8 7 0 
1 8 0 7 

360 10973053315592579656 2 4
3 8 6 5 
8 3 6 5 

368 2974813683649203891 2 4
4 8 6 5 
8 4 6 5 

340 15170876135005131906 2 4
6 8 4 2 
8 6 4 2 

83 16759578986255104721 1 4
1 4 0 6 

210 14469657124809349322 2 4
1 4 6 7 
1 4 7 6 

337 14772881018774504782 2 4
4 8 6 0 
8 4 6 0 

77 8478423646957245101 2 4
2 3 0 6 
2 3 6 0 

204 16969327966406711448 2 4
6 7 2 3 
7 6 2 3 

198 4215400902453945233 1 4
1 2 6 7 

325 1758688156259070496 1 4
2 8 0 6 

57 11459320056471732761 8 4
0 5 4 3 
0 5 3 4 
3 4 0 5 
3 4 5 0 
4 3 0 5 
4 3 5 0 
5 0 4 3 
5 0 3 4 

184 7556829846088060811 4 4
5 7 3 4 
5 7 4 3 
7 5 4 3 
7 5 3 4 

54 12613366421895332439 1 4
1 5 2 4 

53 480041334771163491 2 4
2 4 0 5 
2 4 5 0 

180 18016995833771312655 2 4
2 4 5 7 
2 4 7 5 

58 10719626107048014941 1 4
1 5 3 4 

312 9814777025806158908 2 4
5 8 3 4 
8 5 3 4 

308 9902673677116458130 2 4
5 8 2 4 
8 5 2 4 

51 16759578986255104721 1 4
1 4 0 5 

178 698476773254776664 2 4
1 4 5 7 
1 4 7 5 

305 10601132076907988804 2 4
4 8 5 0 
8 4 5 0 

45 8478423646957245101 2 4
2 3 0 5 
2 3 5 0 

172 4869610948523782254 2 4
2 3 5 7 
2 3 7 5 

170 7524780861938553064 1 4
1 3 7 5 

297 4446902436670469379 2 4
3 8 5 0 
8 3 5 0 

30 17683014003491922410 1 4
1 2 4 3 

27 16759578986255104721 1 4
1 0 4 3 

154 16759578986255104721 1 4
1 7 3 4 

281 12190912153274299044 2 4
0 8 3 4 
8 0 3 4 

261 8601944490373965179 2 3
2 0 8 
2 8 0 

7 11566663644840537971 1 3
1 2 0 

134 2128385217327897559 1 3
1 2 7 

71 17461809617190963105 1 4
1 2 6 0 

328 10119835076175303803 6 3
3 6 8 
3 8 6 
6 3 8 
6 8 3 
8 6 3 
8 3 6 

74 2194224039831407595 2 3
1 3 6 
1 6 3 

304 754205998099296360 6 3
4 5 8 
4 8 5 
5 4 8 
5 8 4 
8 5 4 
8 4 5 

50 10706753935364593016 2 3
1 4 5 
1 5 4 

42 12129649998618649867 2 3
1 3 5 
1 5 3 

38 16404625146833327908 1 3
1 2 5 

165 12508751933759166525 2 4
2 5 7 0 
2 7 5 0 

70 16404625146833327908 1 3
1 2 6 

197 7008027742164690622 2 4
2 6 7 0 
2 7 6 0 

265 12260785478939447192 6 3
0 3 8 
0 8 3 
3 0 8 
3 8 0 
8 3 0 
8 0 3 

138 12254329342543767602 2 3
1 3 7 
1 7 3 

11 10706753935364593016 2 3
1 0 3 
1 3 0 

324 4818357682193977826 2 3
2 6 8 
2 8 6 

67 7698985776645440831 2 3
1 0 6 
1 6 0 

194 3870621583062396010 2 3
1 6 7 
1 7 6 

336 13119232308241019096 6 3
4 6 8 
4 8 6 
6 4 8 
6 8 4 
8 6 4 
8 4 6 

82 10706753935364593016 2 3
1 4 6 
1 6 4 

100 3643514845908225147 2 3
2 5 6 
2 6 5 

354 10083773938285380914 2 4
1 8 6 5 
1 8 5 6 

292 3267337049776067846 2 3
2 5 8 
2 8 5 

35 7698985776645440831 2 3
1 0 5 
1 5 0 

162 12585292063867719537 2 3
1 5 7 
1 7 5 

390 1477210637167508502 1 4
2 7 1 8 

133 16066363148482742795 2 3
2 0 7 
2 7 0 

22 12616857154238079465 1 3
1 2 4 

149 480041334771163491 2 4
2 4 0 7 
2 4 7 0 

14 9649538081701102843 1 3
1 2 3 

141 8478423646957245101 2 4
2 3 0 7 
2 3 7 0 

273 6906529405458791006 6 3
0 4 8 
0 8 4 
4 0 8 
4 8 0 
8 4 0 
8 0 4 

19 12254329342543767602 2 3
1 0 4 
1 4 0 

400 2728381371886174304 6 3
4 7 8 
4 8 7 
7 4 8 
7 8 4 
8 7 4 
8 4 7 

146 10706753935364593016 2 3
1 4 7 
1 7 4 

164 15075452131784449724 2 3
2 5 7 
2 7 5 

291 15896268698264125057 2 4
1 8 5 0 
1 8 0 5 

196 12012569446045017360 2 3
2 6 7 
2 7 6 

323 15896268698264125057 2 4
1 8 6 0 
1 8 0 6 

296 4383011346216368874 6 3
3 5 8 
3 8 5 
5 3 8 
5 8 3 
8 5 3 
8 3 5 

39 17461809617190963105 1 4
1 2 5 0 

166 3574517374705738979 1 4
1 2 5 7 

293 14974462071512964320 1 4
2 8 5 0 

98 17258787824257198352 2 3
1 5 6 
1 6 5 

78 7149992092300112121 1 4
1 6 3 2 

46 12162321216389764628 1 4
1 5 2 3 

43 10719626107048014941 1 4
1 3 5 0 

300 154216335366126066 2 4
5 8 2 3 
8 5 2 3 

23 496084443593432098 1 4
1 0 4 2 

150 6080251305329876481 1 4
1 7 2 4 

277 14880774725206026955 2 4
0 8 2 4 
8 0 2 4 

388 2636182065829349180 2 3
2 7 8 
2 8 7 

131 7698985776645440831 2 3
1 0 7 
1 7 0 

15 13611812030071012494 1 4
1 0 2 3 

142 12882024912466838058 1 4
1 7 3 2 

269 2456825029884573686 2 4
0 8 2 3 
8 0 2 3 

26 7698985776645440831 2 3
1 3 4 
1 4 3 

153 11459320056471732761 8 4
0 7 4 3 
0 7 3 4 
3 4 0 7 
3 4 7 0 
4 3 0 7 
4 3 7 0 
7 0 4 3 
7 0 3 4 

262 17533981407011413632 1 3
2 1 8 

392 6906529405458791006 6 3
3 7 8 
3 8 7 
7 3 8 
7 8 3 
8 7 3 
8 3 7 

135 1298277043207073671 1 4
1 2 0 7 

332 4064932271710857761 2 4
6 8 3 2 
8 6 3 2 

75 11494663566962136321 1 4
1 3 6 0 

202 4081560800156872932 1 4
1 3 7 6 

329 5661950775678327259 2 4
3 8 6 0 
8 3 6 0 

90 11494663566962136321 1 4
1 6 3 4 

344 3253483473723675467 2 4
6 8 4 3 
8 6 4 3 

85 480041334771163491 2 4
2 4 0 6 
2 4 6 0 

212 704797316116812862 2 4
6 7 2 4 
7 6 2 4 

86 12613366421895332439 1 4
1 6 2 4 

89 11459320056471732761 8 4
0 6 4 3 
0 6 3 4 
3 4 0 6 
3 4 6 0 
4 3 0 6 
4 3 6 0 
6 0 4 3 
6 0 3 4 

216 3092465935444304488 4 4
6 7 3 4 
6 7 4 3 
7 6 4 3 
7 6 3 4 

106 6894937126532847700 1 4
1 3 6 5 

356 12320613446172561009 1 4
2 8 5 6 

99 993176294303415770 2 4
1 5 6 0 
1 6 5 0 

226 15236505058129304159 1 4
1 6 7 5 

101 7048123753670958725 2 4
2 5 6 0 
2 6 5 0 

228 9995474024785812813 1 4
2 6 7 5 

108 16932023017437229978 2 4
2 3 5 6 
2 3 6 5 

102 444171178165011453 2 4
1 2 5 6 
1 2 6 5 

114 14412209275766129787 2 4
1 4 5 6 
1 4 6 5 

120 9889576315341648160 4 4
5 6 3 4 
5 6 4 3 
6 5 4 3 
6 5 3 4 

116 6969546234450307460 2 4
2 4 5 6 
2 4 6 5 

396 1468156528499952402 2 4
7 8 2 3 
8 7 2 3 

139 16759578986255104721 1 4
1 3 7 0 

404 8007222929350610240 2 4
7 8 4 2 
8 7 4 2 

147 16759578986255104721 1 4
1 4 0 7 

420 16160247058951580274 1 4
2 8 5 7 

163 2506011958774662217 2 4
1 5 7 0 
1 7 5 0 

452 18378852807585944662 1 4
2 8 6 7 

195 12586463095304085354 2 4
1 6 7 0 
1 7 6 0 

267 2094911513554197192 2 4
0 3 1 8 
3 0 1 8 

6 17935342459963897086 1 2
1 2 

263 12145269419216383224 1 4
2 0 1 8 

270 13926737043480523018 1 4
1 8 2 3 

282 15896268698264125057 2 4
1 8 4 3 
1 8 3 4 

275 7280204158998552156 2 4
0 4 1 8 
4 0 1 8 

278 7698017585976049320 1 4
1 8 2 4 

298 3478747661551817760 2 4
3 5 1 8 
5 3 1 8 

37 16066363148482742795 2 3
2 0 5 
2 5 0 

294 14115175770096743128 1 4
2 5 1 8 

306 17551861176896189898 2 4
4 5 1 8 
5 4 1 8 

330 11114891034392329100 2 4
3 6 1 8 
6 3 1 8 

69 16066363148482742795 2 3
2 0 6 
2 6 0 

326 11589785585879023292 1 4
2 6 1 8 

338 6534630873780932037 2 4
4 6 1 8 
6 4 1 8 

