bhabha2lp[0,1,-1,0,0,0,0,0,0]*(2*a1)
bhabha2lp[0,1,0,0,-1,0,0,0,0]*(-2*a1)
bhabha2lp[0,1,0,0,0,-1,0,0,0]*(-a1)
bhabha2lp[0,1,0,0,0,0,0,0,-1]*(a1)
bhabha2lp[0,1,0,0,0,0,0,0,0]*(eta*a1+a1)
bhabha2lp[-1,1,0,0,0,0,0,0,0]*(a1)
bhabha2lp[0,0,0,0,0,0,0,1,0]*(9*a7)
bhabha2lp[0,1,0,0,0,0,-1,0,0]*(-a1)
bhabha2lp[0,0,-1,0,0,0,0,1,0]*(9*a7)
bhabha2lp[0,0,0,0,0,-1,0,1,0]*(-6*a7)
bhabha2lp[0,0,-1,0,0,1,0,0,0]*(-7*a5)
bhabha2lp[0,0,0,0,0,0,0,0,0]*(-5*a6-5*a0+5*a8+5*a5)
bhabha2lp[0,0,0,0,0,1,0,0,0]*(-7*a5)
bhabha2lp[0,0,0,0,0,0,-1,1,0]*(-3*a7)
bhabha2lp[0,0,0,0,0,1,-1,0,0]*(2*a5)
bhabha2lp[0,0,0,0,0,0,1,0,0]*(7*a6)
bhabha2lp[0,0,0,0,-1,0,0,0,1]*(-7*a8)
bhabha2lp[0,0,0,0,0,-1,1,0,0]*(-2*a6)
bhabha2lp[0,0,0,0,0,0,0,0,1]*(-5*a8+2*eta*a8)
bhabha2lp[-1,0,0,0,0,0,0,0,1]*(2*a8)
bhabha2lp[0,0,-1,0,0,0,1,0,0]*(7*a6)
bhabha2lp[1,0,0,0,0,0,0,0,0]*(2*a0-5*eta*a0)
bhabha2lp[1,0,0,0,-1,0,0,0,0]*(7*a0)
bhabha2lp[1,0,0,0,0,0,0,0,-1]*(-2*a0)

bhabha2lp[0,0,0,0,0,0,0,1,0]*(5*a7)
bhabha2lp[0,1,0,0,-1,0,0,0,0]*(4*a1)
bhabha2lp[0,1,0,0,0,-1,0,0,0]*(2*a1)
bhabha2lp[0,1,0,0,0,0,0,0,-1]*(-2*a1)
bhabha2lp[0,1,0,0,0,0,0,0,0]*(-2*a1)
bhabha2lp[0,0,0,0,0,0,0,0,0]*(-3*a7-a1+a8+3*a5)
bhabha2lp[0,0,0,0,0,-1,0,1,0]*(-2*a7)
bhabha2lp[0,1,0,-1,0,0,0,0,0]*(-a1)
bhabha2lp[0,0,-1,0,0,0,0,1,0]*(5*a7)
bhabha2lp[0,0,-1,0,0,0,1,0,0]*(11*a6)
bhabha2lp[0,0,0,0,0,0,1,0,0]*(11*a6)
bhabha2lp[0,0,0,0,0,-1,1,0,0]*(-6*a6)
bhabha2lp[0,0,-1,0,0,1,0,0,0]*(-5*a5)
bhabha2lp[0,0,0,0,0,0,1,-1,0]*(-5*a6)
bhabha2lp[0,0,0,0,0,1,0,0,0]*(-5*a5)
bhabha2lp[1,0,0,0,0,0,0,-1,0]*(-5*a0)
bhabha2lp[0,0,0,0,0,1,0,-1,0]*(2*a5)
bhabha2lp[1,0,0,0,0,-1,0,0,0]*(-5*a0)
bhabha2lp[0,0,0,0,-1,0,0,0,1]*(3*a8)
bhabha2lp[1,0,0,0,0,0,0,0,0]*(21*a0)
bhabha2lp[0,0,0,0,0,0,0,0,1]*(-9*a8)
bhabha2lp[0,-1,0,0,0,0,0,0,1]*(-2*a8)
bhabha2lp[0,0,0,-1,0,0,0,0,1]*(-2*a8)
bhabha2lp[1,0,0,0,-1,0,0,0,0]*(-9*a0)
bhabha2lp[0,0,0,0,0,-1,0,0,1]*(2*a8)
bhabha2lp[0,0,0,0,0,0,0,-1,1]*(2*a8)
bhabha2lp[1,0,0,0,0,0,0,0,-1]*(-a0)
bhabha2lp[1,-1,0,0,0,0,0,0,0]*(5*a0)
bhabha2lp[1,0,0,-1,0,0,0,0,0]*(5*a0)

bhabha2lp[-1,1,0,0,0,0,0,0,0]*(-a1)
bhabha2lp[0,1,-1,0,0,0,0,0,0]*(-2*a1)
bhabha2lp[0,1,0,0,-1,0,0,0,0]*(-2*a1)
bhabha2lp[0,1,0,0,0,0,-1,0,0]*(a1)
bhabha2lp[0,1,0,0,0,0,0,0,0]*(-eta*a1+a1)
bhabha2lp[0,0,0,0,0,0,0,0,0]*(-6*a6-6*a0+6*a7+a1+5*a8)
bhabha2lp[0,0,0,0,0,0,0,1,0]*(-4*a7)
bhabha2lp[0,1,0,-1,0,0,0,0,0]*(a1)
bhabha2lp[0,0,0,0,0,0,-1,1,0]*(-2*a7)
bhabha2lp[0,1,0,0,0,-1,0,0,0]*(-a1)
bhabha2lp[0,1,0,0,0,0,0,0,-1]*(a1)
bhabha2lp[0,0,0,0,0,0,1,0,0]*(4*a6)
bhabha2lp[0,0,-1,0,0,1,0,0,0]*(2*a5)
bhabha2lp[0,0,0,0,0,1,-1,0,0]*(3*a5)
bhabha2lp[0,0,0,0,0,1,0,0,0]*(2*a5)
bhabha2lp[0,0,-1,0,0,0,1,0,0]*(4*a6)
bhabha2lp[0,0,0,0,0,1,0,-1,0]*(-5*a5)
bhabha2lp[0,0,-1,0,0,0,0,1,0]*(-4*a7)
bhabha2lp[-1,0,0,0,0,0,0,0,1]*(3*a8)
bhabha2lp[0,0,0,0,-1,0,0,0,1]*(-18*a8)
bhabha2lp[0,0,0,0,0,0,0,0,1]*(15*a8+3*eta*a8)
bhabha2lp[0,-1,0,0,0,0,0,0,1]*(5*a8)
bhabha2lp[0,0,0,-1,0,0,0,0,1]*(5*a8)
bhabha2lp[1,0,0,0,0,0,0,0,-1]*(-2*a0)
bhabha2lp[0,0,0,0,0,-1,0,0,1]*(-5*a8)
bhabha2lp[0,0,0,0,0,0,0,-1,1]*(-5*a8)
bhabha2lp[1,0,0,0,0,0,0,0,0]*(-6*a0-6*eta*a0)
bhabha2lp[1,0,0,0,0,0,0,-1,0]*(2*a0)
bhabha2lp[0,0,0,0,0,0,1,-1,0]*(2*a6)
bhabha2lp[1,0,0,0,-1,0,0,0,0]*(12*a0)
bhabha2lp[1,0,0,0,0,-1,0,0,0]*(2*a0)
bhabha2lp[1,-1,0,0,0,0,0,0,0]*(-2*a0)
bhabha2lp[1,0,0,-1,0,0,0,0,0]*(-2*a0)

