496 1984773669962382838 1 5
8 5 4 7 6 

488 2873049007526375739 1 5
5 3 8 7 6 

482 13294725899103910813 2 5
5 8 7 1 6 
8 5 7 1 6 

484 6727134359175728711 1 5
5 7 6 8 2 

481 6321224807121756455 2 5
5 8 7 0 6 
8 5 7 0 6 

472 14073777230016699622 1 5
4 3 8 6 7 

465 4514793665584756741 2 5
4 8 0 7 6 
8 4 0 7 6 

466 16491202066420236027 2 5
4 8 1 7 6 
8 4 1 7 6 

389 18105657423988265026 2 4
0 7 2 8 
0 7 8 2 

353 17196824616889308990 2 4
5 8 0 6 
8 5 0 6 

337 16012712767881966265 2 4
4 8 0 6 
8 4 0 6 

330 9192055608578120628 2 4
3 8 6 1 
3 8 1 6 

73 2466997049376975834 1 3
3 0 6 

326 4925621882210291778 8 4
1 6 2 8 
1 6 8 2 
2 8 6 1 
2 8 1 6 
6 1 2 8 
6 1 8 2 
8 2 6 1 
8 2 1 6 

325 18105657423988265026 2 4
0 6 2 8 
0 6 8 2 

298 5900096091935255474 2 4
1 5 3 8 
5 1 3 8 

41 10242793351681141469 1 3
3 0 5 

294 2974813683649203891 2 4
1 5 8 2 
5 1 8 2 

37 11756190339471029063 2 3
0 2 5 
0 5 2 

282 1548971808165782250 2 4
1 4 3 8 
4 1 3 8 

25 10242793351681141469 1 3
3 0 4 

278 4203977922869772278 2 4
1 4 8 2 
4 1 8 2 

21 11756190339471029063 2 3
0 2 4 
0 4 2 

149 11377064568178875779 2 4
2 4 7 0 
4 2 7 0 

406 7865171807056526061 1 5
4 7 1 2 8 

139 4272962389172494766 2 4
3 1 7 0 
3 7 1 0 

141 9176405013234567470 1 4
3 2 0 7 

398 6910317377055572156 2 5
1 7 3 8 2 
7 1 3 8 2 

368 15183985570863556182 2 4
6 8 5 4 
8 6 5 4 

114 808532758221848463 4 4
4 5 1 6 
4 5 6 1 
5 4 1 6 
5 4 6 1 

116 10247633285845319962 2 4
2 6 5 4 
6 2 5 4 

120 17961104313060641793 1 4
3 6 4 5 

240 9182445166795294852 4 4
4 5 6 7 
4 5 7 6 
5 4 6 7 
5 4 7 6 

113 6117949560150478429 2 4
4 5 0 6 
5 4 0 6 

370 11420930645251342159 1 5
8 5 4 1 6 

108 10983409412583460812 2 4
5 6 3 2 
6 5 3 2 

356 2974813683649203891 2 4
5 6 2 8 
6 5 2 8 

102 2974813683649203891 2 4
2 5 6 1 
5 2 6 1 

360 6574034930501780477 2 4
5 6 3 8 
6 5 3 8 

103 3198757609281494344 2 5
2 5 6 0 1 
5 2 6 0 1 

106 1825674171887072038 1 4
3 5 6 1 

232 11025324576651510866 1 4
3 5 6 7 

105 4146982472935865740 1 4
3 5 6 0 

362 1917977658441564903 1 5
5 3 8 1 6 

228 17015737541233389546 2 4
2 5 6 7 
5 2 6 7 

101 3742808185201239957 2 4
2 5 6 0 
5 2 6 0 

358 15135127240889174637 4 5
5 2 8 1 6 
5 1 6 2 8 
5 6 1 8 2 
5 8 2 6 1 

216 678490227004518538 1 4
3 4 6 7 

89 6753749297570754838 1 4
3 4 6 0 

346 7158706480461432105 1 5
4 3 8 6 1 

92 2892800141054000397 2 4
4 6 3 2 
6 4 3 2 

344 14498336858762634412 2 4
4 6 3 8 
6 4 3 8 

87 8997312222258328843 2 5
2 4 0 6 1 
4 2 0 6 1 

90 13394131481459924451 1 4
3 4 6 1 

312 16411702467254885203 2 4
4 5 3 8 
5 4 3 8 

55 3422646617003862516 1 5
2 5 4 0 1 

58 12708063674698153779 1 4
3 1 5 4 

46 5526789456813388103 2 4
1 5 3 2 
5 1 3 2 

30 6925972535638963533 2 4
1 4 3 2 
4 1 3 2 

104 2512533711646785065 2 3
3 5 6 
3 6 5 

361 13077891256095686498 1 5
5 3 8 6 0 

172 4415345656511538872 2 4
5 7 3 2 
7 5 3 2 

45 245696579409970107 1 4
0 5 3 2 

302 3310828134456157925 2 5
1 5 3 8 2 
5 1 3 8 2 

88 16258839135554755291 2 3
3 4 6 
3 6 4 

345 5320876819630820792 1 5
4 3 8 6 0 

156 9661320979622238147 2 4
4 7 3 2 
7 4 3 2 

29 245696579409970107 1 4
0 4 3 2 

286 12788290479757703740 2 5
1 4 3 8 2 
4 1 3 8 2 

201 12146204473834554921 2 4
3 0 6 7 
3 0 7 6 

458 278121509420541698 1 5
3 8 1 7 6 

74 17258787824257198352 2 3
3 1 6 
3 6 1 

331 10373458294275366806 2 5
3 8 0 6 1 
3 8 0 1 6 

269 5760823592554469978 1 4
0 3 8 2 

142 5212208834225348329 2 4
3 2 1 7 
3 2 7 1 

15 9176405013234567470 1 4
3 2 0 1 

56 11377997893034778902 2 3
3 4 5 
3 5 4 

313 12357477417676401660 2 5
0 4 5 3 8 
0 5 4 3 8 

138 3870621583062396010 2 3
3 1 7 
3 7 1 

395 2722509225292401222 2 5
3 8 7 1 0 
3 8 1 7 0 

265 7646243782560447834 1 3
0 3 8 

11 2466997049376975834 1 3
3 0 1 

291 3742808185201239957 2 4
5 8 1 0 
8 5 1 0 

164 14860785610888650053 6 3
2 5 7 
2 7 5 
5 2 7 
5 7 2 
7 5 2 
7 2 5 

421 6460767331173235287 1 5
5 7 0 8 2 

400 12260785478939447192 6 3
4 7 8 
4 8 7 
7 4 8 
7 8 4 
8 7 4 
8 4 7 

143 3420121665177780170 2 5
3 2 1 7 0 
3 2 7 1 0 

273 11756190339471029063 2 3
0 4 8 
0 8 4 

112 11283220846380389061 2 3
6 5 4 
6 4 5 

369 3422646617003862516 1 5
8 5 4 0 6 

180 4247939009769351187 2 4
2 7 4 5 
7 2 4 5 

53 494479664425337125 2 4
0 2 4 5 
0 2 5 4 

310 11420930645251342159 1 5
1 5 4 8 2 

152 15538808191813614364 2 3
3 4 7 
3 7 4 

409 12700185865312101028 1 5
4 3 8 7 0 

338 4203977922869772278 2 4
4 8 1 6 
8 4 1 6 

84 1780203312458342186 6 3
2 4 6 
2 6 4 
4 2 6 
4 6 2 
6 4 2 
6 2 4 

341 7030554030828315892 1 5
4 0 6 2 8 

261 11781160662233158669 2 3
0 2 8 
0 8 2 

263 18105657423988265026 2 4
0 1 2 8 
0 1 8 2 

9 6723132714088521414 1 2
3 0 

165 13375975773036719204 2 4
2 5 0 7 
5 2 0 7 

422 13047148655785087850 1 5
5 8 2 7 1 

38 754205998099296360 6 3
1 2 5 
1 5 2 
2 1 5 
2 5 1 
5 2 1 
5 1 2 

295 18336791868049070296 1 5
5 1 0 8 2 

274 1780203312458342186 6 3
1 4 8 
1 8 4 
4 1 8 
4 8 1 
8 4 1 
8 1 4 

200 12585292063867719537 2 3
3 6 7 
3 7 6 

457 16394760730878021384 2 5
3 8 0 7 6 
3 8 0 6 7 

277 3622106531366201270 2 4
0 4 2 8 
0 4 8 2 

150 9227379641990250253 2 4
2 4 7 1 
4 2 7 1 

23 16012712767881966265 2 4
2 4 0 1 
4 2 0 1 

153 4583764113129026595 1 4
3 4 7 0 

410 15082161432783615474 1 5
4 3 8 7 1 

26 10706753935364593016 2 3
3 1 4 
3 4 1 

283 3098647727842943903 1 5
4 3 8 0 1 

212 3570514013793875461 2 4
2 4 7 6 
4 2 7 6 

85 473535798273253345 2 4
2 4 0 6 
4 2 0 6 

342 17903204189338684782 4 5
4 2 8 1 6 
4 1 6 2 8 
4 6 1 8 2 
4 8 2 6 1 

177 6117949560150478429 2 4
4 5 0 7 
5 4 0 7 

434 17808166361350365388 1 5
8 5 4 7 1 

304 11283220846380389061 2 3
8 5 4 
8 4 5 

47 3400654010778339288 1 5
5 3 2 1 0 

50 11283220846380389061 2 3
1 4 5 
1 5 4 

307 2446760231764651590 1 5
8 5 4 1 0 

306 10247633285845319962 2 4
1 8 5 4 
8 1 5 4 

49 3675471570227963215 2 3
0 4 5 
0 5 4 

52 11283220846380389061 2 3
2 4 5 
2 5 4 

309 864748400155925439 4 5
0 4 5 2 8 
0 4 5 8 2 
0 5 4 2 8 
0 5 4 8 2 

137 2466997049376975834 1 3
3 0 7 

394 9995010543248812889 2 4
3 8 7 1 
3 8 1 7 

78 10083773938285380914 2 4
3 2 1 6 
3 2 6 1 

275 473535798273253345 2 4
4 8 0 1 
8 4 0 1 

148 14590248500468714027 6 3
2 4 7 
2 7 4 
4 2 7 
4 7 2 
7 4 2 
7 2 4 

405 8388985484682427752 1 5
4 7 0 2 8 

354 2974813683649203891 2 4
5 8 1 6 
8 5 1 6 

100 13119232308241019096 6 3
2 5 6 
2 6 5 
5 2 6 
5 6 2 
6 5 2 
6 2 5 

357 18336791868049070296 1 5
5 6 0 2 8 

168 10706753935364593016 2 3
3 5 7 
3 7 5 

425 10699379902522540954 1 5
5 3 8 7 0 

267 2996726870866751839 1 4
3 8 0 1 

13 2745805360666212250 1 3
0 3 2 

169 10753444607786775622 1 4
3 5 0 7 

426 17080942832493329636 1 5
5 3 8 7 1 

42 15538808191813614364 2 3
3 1 5 
3 5 1 

299 780632685002282914 1 5
5 3 8 1 0 

176 11283220846380389061 2 3
7 5 4 
7 4 5 

433 9248249341578642836 1 5
8 5 4 7 0 

290 13119232308241019096 6 3
1 5 8 
1 8 5 
5 1 8 
5 8 1 
8 5 1 
8 1 5 

308 808532758221848463 4 4
4 5 2 8 
4 5 8 2 
5 4 2 8 
5 4 8 2 

51 6117949560150478429 2 4
4 5 0 1 
5 4 0 1 

54 15183985570863556182 2 4
1 2 5 4 
2 1 5 4 

352 754205998099296360 6 3
5 6 8 
5 8 6 
6 5 8 
6 8 5 
8 6 5 
8 5 6 

184 12708063674698153779 1 4
3 7 4 5 

57 1281150202656278340 2 4
3 0 4 5 
3 0 5 4 

314 681688593170792498 1 5
1 5 4 3 8 

289 11756190339471029063 2 3
0 5 8 
0 8 5 

416 2728381371886174304 6 3
5 7 8 
5 8 7 
7 5 8 
7 8 5 
8 7 5 
8 5 7 

281 14492609926035588418 1 4
0 4 3 8 

154 4771278937119862935 1 4
3 4 7 1 

27 10753444607786775622 1 4
3 4 0 1 

340 4203977922869772278 2 4
4 6 2 8 
6 4 2 8 

86 4203977922869772278 2 4
2 4 6 1 
4 2 6 1 

297 14492609926035588418 1 4
0 5 3 8 

170 4771278937119862935 1 4
3 5 1 7 

43 4583764113129026595 1 4
3 5 1 0 

293 3622106531366201270 2 4
0 5 2 8 
0 5 8 2 

166 7978115995136584964 2 4
2 5 7 1 
5 2 7 1 

39 17196824616889308990 2 4
2 5 0 1 
5 2 0 1 

305 494479664425337125 2 4
0 8 5 4 
0 8 4 5 

178 11197286858225558775 4 4
4 5 1 7 
4 5 7 1 
5 4 1 7 
5 4 7 1 

329 2996726870866751839 1 4
3 8 0 6 

202 15236505058129304159 1 4
3 1 7 6 

75 13675375899962825655 2 4
3 0 1 6 
3 0 6 1 

60 7869673733365419970 2 4
4 5 3 2 
5 4 3 2 

204 7150496180077738619 2 4
3 2 6 7 
3 2 7 6 

77 9176405013234567470 1 4
3 2 0 6 

334 13360873529103447199 2 5
1 6 3 8 2 
6 1 3 8 2 

390 14163061037027593466 4 4
1 7 2 8 
1 7 8 2 
7 1 2 8 
7 1 8 2 

401 1735704953148921838 2 4
4 8 0 7 
8 4 0 7 

393 2996726870866751839 1 4
3 8 0 7 

404 11104051182257671545 2 4
4 7 2 8 
7 4 2 8 

402 4046967272674566029 2 4
4 8 1 7 
8 4 1 7 

408 9538633584490738721 2 4
4 7 3 8 
7 4 3 8 

151 17531076243801507602 2 5
2 4 7 1 0 
4 2 7 1 0 

417 7443492619301860047 2 4
5 8 7 0 
8 5 7 0 

418 78324714845983665 2 4
5 8 7 1 
8 5 7 1 

420 10220627191361430879 2 4
5 7 8 2 
7 5 8 2 

424 13484597840124523113 2 4
5 7 3 8 
7 5 3 8 

167 16766065973933974577 2 5
2 5 7 1 0 
5 2 7 1 0 

432 7885408825531391087 2 4
7 8 5 4 
8 7 5 4 

456 4716629999818422609 2 4
3 8 7 6 
3 8 6 7 

452 1699057898927065156 4 4
2 8 7 6 
2 8 6 7 
8 2 7 6 
8 2 6 7 

464 15704017212081516077 2 4
4 8 7 6 
8 4 7 6 

480 1677071180347565230 2 4
5 8 7 6 
8 5 7 6 

31 16131915928455439384 1 5
4 3 2 0 1 

59 687001576279742637 1 5
3 5 4 1 0 

316 8482146023503748880 2 5
4 5 3 8 2 
5 4 3 8 2 

62 16994781508329260547 1 5
1 5 4 3 2 

79 4553579079586208699 2 5
3 2 0 1 6 
3 2 0 6 1 

61 18325066132958267648 2 5
0 4 5 3 2 
0 5 4 3 2 

91 10999614149281823331 1 5
3 4 6 0 1 

348 17340257125403886669 2 5
4 6 3 8 2 
6 4 3 8 2 

93 4501266098873824389 1 5
4 3 2 6 0 

94 4236869687947973035 1 5
4 3 2 6 1 

107 14662405250680028630 1 5
3 5 6 1 0 

364 1596564318598031270 2 5
5 6 3 8 2 
6 5 3 8 2 

109 17562482894483442754 1 5
5 3 2 6 0 

110 16793913300139424470 1 5
5 3 2 6 1 

117 2446760231764651590 1 5
2 5 4 6 0 

118 11420930645251342159 1 5
2 5 4 6 1 

121 13464554903443221017 1 5
3 4 5 6 0 

115 18257295520756786716 4 5
4 5 0 1 6 
4 5 0 6 1 
5 4 0 1 6 
5 4 0 6 1 

372 11420930645251342159 1 5
6 5 4 2 8 

124 15955395262216085203 1 5
6 4 5 3 2 

122 10353347691700630250 1 5
3 4 5 6 1 

157 5022671853695042343 1 5
4 3 2 7 0 

155 2068544740264212455 1 5
3 4 7 1 0 

412 15023540865302294772 2 5
4 7 3 8 2 
7 4 3 8 2 

158 18118415435372514499 1 5
4 3 2 7 1 

174 941179711251453116 1 5
5 3 2 1 7 

171 2068544740264212455 1 5
3 5 1 7 0 

428 6369721698578003597 2 5
5 7 3 8 2 
7 5 3 8 2 

173 10459918046150631566 1 5
5 3 2 0 7 

182 3220813728252967273 1 5
2 4 5 7 1 

181 16560102345523930831 1 5
2 4 5 7 0 

185 687001576279742637 1 5
3 4 5 7 0 

179 14284699571657411409 4 5
4 5 1 7 0 
4 5 7 1 0 
5 4 1 7 0 
5 4 7 1 0 

436 226933868202995567 1 5
7 5 4 8 2 

188 1283736911869173601 1 5
7 4 5 3 2 

203 18439500995991190751 1 5
3 1 7 0 6 

460 4546164251402494714 2 5
6 7 3 8 2 
7 6 3 8 2 

186 4007173965859282127 2 5
3 4 5 1 7 
3 5 4 7 1 

205 15793254284651650910 2 5
3 2 0 6 7 
3 2 0 7 6 

206 6089213516061521075 1 5
3 2 1 7 6 

213 4768120484771014753 2 5
2 4 7 0 6 
4 2 7 0 6 

214 8219797171344022969 2 5
2 4 7 1 6 
4 2 7 1 6 

218 11358782398472001639 1 5
3 4 6 7 1 

217 9838236423160708367 1 5
3 4 6 7 0 

220 4335443733390662786 1 5
4 3 2 6 7 

233 5545589229822907963 1 5
3 5 6 0 7 

230 8568392270807121372 2 5
2 5 6 7 1 
5 2 6 7 1 

229 8194942244746690145 2 5
2 5 6 0 7 
5 2 6 0 7 

234 10267415482572662345 1 5
3 5 1 7 6 

236 740183334877632233 1 5
5 3 2 6 7 

242 10003363766066939319 2 5
4 5 1 7 6 
5 4 1 7 6 

244 16990069662827405584 1 5
2 5 4 6 7 

241 1595405159942714149 4 5
4 5 0 6 7 
4 5 0 7 6 
5 4 0 6 7 
5 4 0 7 6 

248 416088677868276999 1 5
3 4 5 6 7 

271 12612066187490022633 1 5
0 1 3 8 2 

279 7030554030828315892 1 5
4 0 1 8 2 

285 9133537856095078645 1 5
0 4 3 8 2 

301 9133537856095078645 1 5
0 5 3 8 2 

333 12612066187490022633 1 5
0 6 3 8 2 

327 17907445634231091965 4 5
2 8 0 6 1 
2 8 0 1 6 
8 2 0 6 1 
8 2 0 1 6 

339 8997312222258328843 2 5
4 8 0 1 6 
8 4 0 1 6 

355 3198757609281494344 2 5
5 8 1 0 6 
8 5 1 0 6 

376 10780442945811047250 1 5
6 4 5 3 8 

397 12612066187490022633 1 5
0 7 3 8 2 

391 13468072662066392847 4 5
2 8 7 1 0 
2 8 1 7 0 
8 2 1 7 0 
8 2 7 1 0 

403 11448430223878889487 2 5
4 8 1 7 0 
8 4 1 7 0 

419 11272129592081370555 2 5
5 8 7 1 0 
8 5 7 1 0 

440 12475493333101872729 1 5
7 5 4 3 8 

454 13317179716339108913 2 5
2 8 1 7 6 
8 2 1 7 6 

453 16338873500853311053 4 5
2 8 0 7 6 
2 8 0 6 7 
8 2 0 7 6 
8 2 0 6 7 

468 15666751723227196906 1 5
4 2 8 7 6 

