bhabha2pb2m[-1,0,0,0,0,0,1,0,0]*(-7*a6)
bhabha2pb2m[0,0,0,0,0,0,0,0,0]*(-5*a2+5*a6-5*a1+5*a8)
bhabha2pb2m[0,0,0,0,0,0,1,0,0]*(-14*a6-7*a6*eta)
bhabha2pb2m[0,0,0,0,0,0,0,1,0]*(18*a7+9*eta*a7)
bhabha2pb2m[0,-1,0,0,0,0,1,0,0]*(2*a6)
bhabha2pb2m[0,0,0,0,0,0,-1,1,0]*(-6*a7)
bhabha2pb2m[-1,0,0,0,0,0,0,0,1]*(7*a8)
bhabha2pb2m[0,0,0,0,-1,0,0,0,1]*(-7/2*a8)
bhabha2pb2m[0,0,0,0,0,-1,0,0,1]*(-7/2*a8)
bhabha2pb2m[0,-1,0,0,0,0,0,1,0]*(-3*a7)
bhabha2pb2m[0,0,0,0,0,0,0,0,1]*(7*eta*a8)
bhabha2pb2m[0,0,0,1,0,0,0,0,0]*(2*a3*eta)
bhabha2pb2m[0,0,-1,0,0,0,0,0,1]*(2*a8)
bhabha2pb2m[0,0,0,1,0,-1,0,0,0]*(-a3)
bhabha2pb2m[0,0,0,1,-1,0,0,0,0]*(-a3)
bhabha2pb2m[0,0,-1,1,0,0,0,0,0]*(-2*a3)
bhabha2pb2m[-1,1,0,0,0,0,0,0,0]*(7*a1)
bhabha2pb2m[0,1,0,0,0,0,-1,0,0]*(-2*a1)
bhabha2pb2m[0,1,0,0,0,0,0,0,0]*(14*a1+7*eta*a1)
bhabha2pb2m[-1,0,0,1,0,0,0,0,0]*(2*a3)
bhabha2pb2m[-1,0,0,0,0,0,0,1,0]*(9*a7)
bhabha2pb2m[0,0,0,1,0,0,0,0,-1]*(4*a3)
bhabha2pb2m[-1,0,1,0,0,0,0,0,0]*(-7*a2)
bhabha2pb2m[0,0,1,0,-1,0,0,0,0]*(7/2*a2)
bhabha2pb2m[0,0,1,0,0,-1,0,0,0]*(7/2*a2)
bhabha2pb2m[0,0,1,0,0,0,0,0,-1]*(-2*a2)
bhabha2pb2m[0,0,1,0,0,0,0,0,0]*(-7*a2*eta)

bhabha2pb2m[-1,0,0,0,0,0,1,0,0]*(2*a6)
bhabha2pb2m[0,-1,0,0,0,0,1,0,0]*(3*a6)
bhabha2pb2m[0,0,0,0,0,0,1,0,0]*(4*a6+2*a6*eta)
bhabha2pb2m[0,0,0,0,0,0,0,1,0]*(-8*a7-4*eta*a7)
bhabha2pb2m[0,0,0,0,0,0,1,-1,0]*(-5*a6)
bhabha2pb2m[0,0,0,0,0,0,0,0,0]*(-4*a2+4*a3+6*a7-6*a1)
bhabha2pb2m[-1,0,0,0,0,0,0,0,1]*(3*a8)
bhabha2pb2m[0,0,-1,0,0,0,0,0,1]*(-2*a8)
bhabha2pb2m[0,0,0,0,-1,0,0,0,1]*(-3/2*a8)
bhabha2pb2m[0,0,0,0,0,-1,0,0,1]*(-3/2*a8)
bhabha2pb2m[0,0,0,0,0,0,0,0,1]*(3*eta*a8+30*a8)
bhabha2pb2m[0,0,-1,1,0,0,0,0,0]*(-8*a3)
bhabha2pb2m[0,0,0,-1,0,0,0,0,1]*(5*a8)
bhabha2pb2m[0,0,0,1,0,0,0,0,0]*(-4*a3*eta+24*a3)
bhabha2pb2m[-1,1,0,0,0,0,0,0,0]*(4*a1)
bhabha2pb2m[-1,0,0,0,0,0,0,1,0]*(-4*a7)
bhabha2pb2m[0,1,0,0,0,0,0,0,0]*(8*a1+4*eta*a1)
bhabha2pb2m[0,0,0,1,-1,0,0,0,0]*(2*a3)
bhabha2pb2m[0,1,0,0,0,0,0,-1,0]*(2*a1)
bhabha2pb2m[0,0,0,1,0,-1,0,0,0]*(2*a3)
bhabha2pb2m[-1,0,1,0,0,0,0,0,0]*(-6*a2)
bhabha2pb2m[0,-1,0,0,0,0,0,1,0]*(-2*a7)
bhabha2pb2m[0,0,1,0,-1,0,0,0,0]*(3*a2)
bhabha2pb2m[0,0,1,0,0,-1,0,0,0]*(3*a2)
bhabha2pb2m[0,0,1,0,0,0,0,0,0]*(-12*a2-6*a2*eta)
bhabha2pb2m[-1,0,0,1,0,0,0,0,0]*(-4*a3)
bhabha2pb2m[0,0,1,-1,0,0,0,0,0]*(-2*a2)

bhabha2pb2m[-1,0,0,0,0,0,1,0,0]*(-5*a6)
bhabha2pb2m[0,0,0,0,0,0,0,0,0]*(-5*a2+3*a6+2*a3-3*a7+3*a8)
bhabha2pb2m[0,0,0,0,0,0,1,0,0]*(-10*a6-5*a6*eta)
bhabha2pb2m[0,0,0,0,0,0,0,1,0]*(10*a7+5*eta*a7)
bhabha2pb2m[0,0,0,0,0,0,1,-1,0]*(2*a6)
bhabha2pb2m[0,0,0,1,0,0,0,0,0]*(-4*a3*eta+12*a3)
bhabha2pb2m[-1,0,0,0,0,0,0,0,1]*(3*a8)
bhabha2pb2m[0,0,0,0,-1,0,0,0,1]*(-3/2*a8)
bhabha2pb2m[0,0,0,0,0,-1,0,0,1]*(-3/2*a8)
bhabha2pb2m[-1,0,0,0,0,0,0,1,0]*(5*a7)
bhabha2pb2m[0,0,0,0,0,0,0,0,1]*(3*eta*a8-12*a8)
bhabha2pb2m[0,0,-1,0,0,0,0,0,1]*(2*a8)
bhabha2pb2m[0,0,0,-1,0,0,0,0,1]*(-2*a8)
bhabha2pb2m[0,0,0,1,-1,0,0,0,0]*(2*a3)
bhabha2pb2m[-1,1,0,0,0,0,0,0,0]*(11*a1)
bhabha2pb2m[0,1,0,0,0,0,-1,0,0]*(-6*a1)
bhabha2pb2m[0,1,0,0,0,0,0,0,0]*(22*a1+11*eta*a1)
bhabha2pb2m[0,0,0,1,0,0,0,0,-1]*(-4*a3)
bhabha2pb2m[0,1,0,0,0,0,0,-1,0]*(-5*a1)
bhabha2pb2m[0,0,0,0,0,0,-1,1,0]*(-2*a7)
bhabha2pb2m[-1,0,1,0,0,0,0,0,0]*(-6*a2)
bhabha2pb2m[0,0,1,0,-1,0,0,0,0]*(3*a2)
bhabha2pb2m[0,0,1,0,0,-1,0,0,0]*(3*a2)
bhabha2pb2m[0,0,1,0,0,0,0,0,-1]*(-6*a2)
bhabha2pb2m[0,0,1,0,0,0,0,0,0]*(30*a2-6*a2*eta)
bhabha2pb2m[0,0,0,1,0,-1,0,0,0]*(2*a3)
bhabha2pb2m[0,0,1,-1,0,0,0,0,0]*(5*a2)
bhabha2pb2m[-1,0,0,1,0,0,0,0,0]*(-4*a3)
bhabha2pb2m[0,0,-1,1,0,0,0,0,0]*(-2*a3)

