506 13587677850908057739 2 7
5 3 6 7 1 8 4 
5 1 8 4 3 6 7 

491 8684192944287580830 1 7
5 1 0 8 3 6 7 

494 17063007195744062777 1 7
5 1 8 3 2 6 7 

431 11372388512888592293 1 7
5 1 0 8 3 2 7 

443 16247745756882950897 1 7
5 3 7 1 0 8 4 

446 6740486663945390805 1 7
5 1 8 4 3 2 7 

505 7001804596612116837 1 7
5 3 6 7 0 8 4 

508 7704634521380605840 1 7
5 8 4 3 2 6 7 

445 12801412922658628646 1 7
5 3 2 7 0 8 4 

493 6084576956051127213 1 7
5 0 8 3 2 6 7 

499 1382349326347276879 1 7
5 6 7 1 0 8 4 

502 11526465560132759033 1 7
5 1 8 4 2 6 7 

487 9659033428574124004 1 7
5 1 0 8 2 6 7 

501 14008590014419669634 2 7
5 2 6 7 0 8 4 
5 2 7 6 0 4 8 

439 10076876140664696040 1 7
5 2 7 1 0 8 4 

475 10768637822289839062 1 7
3 6 7 1 0 8 4 

415 4256528708589118897 2 7
2 3 7 1 0 8 4 
3 2 7 1 0 8 4 

478 17236715913567687077 1 7
1 8 4 3 2 6 7 

477 13003024209265851095 2 7
0 4 8 3 2 6 7 
0 8 4 3 2 6 7 

463 4182909283694338353 1 7
1 0 8 3 2 6 7 

471 10160814004013154577 2 7
2 6 7 1 0 8 4 
2 7 6 1 0 8 4 

379 17957156954608324162 1 7
5 3 6 1 0 8 4 

367 10253707961962620914 1 7
5 1 0 8 3 2 6 

382 12032966031949548178 1 7
5 1 8 4 3 2 6 

319 9079224255968166265 1 7
5 3 2 1 0 8 4 

381 2378073248407806284 1 7
5 3 2 6 0 8 4 

351 17094968028800093380 1 7
3 2 6 1 0 8 4 

375 15153600725797247414 1 7
5 2 6 1 0 8 4 

251 17457801611143754105 1 7
5 1 0 4 3 6 7 

239 13206149966863559388 1 7
5 1 0 3 2 6 7 

191 1793022281746407295 1 7
5 1 0 4 3 2 7 

254 17537558260511167230 1 7
5 1 4 3 2 6 7 

127 10344400214265248641 1 7
5 1 0 4 3 2 6 

247 6241203795294396216 1 7
5 1 0 4 2 6 7 

253 12775869897325976335 1 7
5 0 4 3 2 6 7 

223 4426129557439034842 1 7
1 0 4 3 2 6 7 

490 7846417920070748818 1 6
5 1 8 3 6 7 

442 13307630695096188772 1 6
5 3 7 1 8 4 

427 9488516049863080828 1 6
5 3 7 1 0 8 

430 6204033476750372040 1 6
5 1 8 3 2 7 

489 11496566120310382206 1 6
5 0 8 3 6 7 

504 5036957493177087395 1 6
5 8 4 3 6 7 

492 9865373360172512150 2 6
5 8 3 2 6 7 
8 5 3 2 6 7 

441 9768037705393143009 1 6
5 3 7 0 8 4 

444 16748742091834996558 1 6
5 8 4 3 2 7 

429 4113048599522750922 1 6
5 0 8 3 2 7 

483 17240810310163519494 1 6
5 6 7 1 0 8 

498 5036957493177087395 1 6
5 6 7 1 8 4 

435 16476631531530661380 2 6
5 7 1 0 8 4 
7 5 1 0 8 4 

486 7507653676659468819 1 6
5 1 8 2 6 7 

497 17275486218422728250 2 6
5 6 7 0 8 4 
5 7 6 0 4 8 

423 14293420084999358213 1 6
5 2 7 1 0 8 

438 14636896846249940887 1 6
5 2 7 1 8 4 

500 7657773738533340069 2 6
5 4 8 2 7 6 
5 8 4 2 6 7 

485 17114348318058393120 1 6
5 0 8 2 7 6 

474 9664659580043954769 2 6
1 8 4 3 6 7 
3 6 7 1 8 4 

459 12501382816020038266 1 6
1 0 8 3 6 7 

437 12483164169338541807 1 6
5 2 7 0 8 4 

462 10249849302948238587 1 6
1 8 3 2 6 7 

399 8706831683574523574 2 6
1 0 8 3 2 7 
1 0 8 2 3 7 

411 17187343755203660370 1 6
3 7 1 0 8 4 

414 4057669094100344527 2 6
1 8 4 3 2 7 
1 8 4 2 3 7 

473 15223806473252673083 2 6
3 6 7 0 4 8 
3 6 7 0 8 4 

413 3199813591913069739 4 6
2 3 7 0 4 8 
2 3 7 0 8 4 
3 2 7 0 4 8 
3 2 7 0 8 4 

476 10185279196549763206 2 6
4 8 3 2 6 7 
8 4 3 2 6 7 

461 9966705628573186665 1 6
0 8 3 2 6 7 

467 9657660020170706356 2 6
6 7 1 0 8 4 
7 6 1 0 8 4 

470 7902747442731901701 2 6
1 8 4 2 7 6 
1 8 4 2 6 7 

455 13396268570965597538 2 6
1 0 8 2 7 6 
1 0 8 2 6 7 

407 17187343755203660370 1 6
2 7 1 0 8 4 

469 4975083271131823067 4 6
2 6 7 0 4 8 
2 6 7 0 8 4 
2 7 6 0 4 8 
2 7 6 0 8 4 

363 13907115942235529322 1 6
5 3 6 1 0 8 

378 7846417920070748818 1 6
5 3 6 1 8 4 

366 3436178335994725577 1 6
5 1 8 3 2 6 

318 10186857911867815704 1 6
5 3 2 1 8 4 

303 2398879310574591841 1 6
5 3 2 1 0 8 

315 18306605066951097159 1 6
3 5 1 0 8 4 

377 3624189020130645065 1 6
5 3 6 0 8 4 

380 567214048219306670 1 6
5 8 4 3 2 6 

365 14837264632462104649 1 6
5 0 8 3 2 6 

317 3304694594980425239 1 6
5 3 2 0 8 4 

371 3064234327880149434 2 6
5 6 1 0 8 4 
6 5 1 0 8 4 

359 14058768548035063983 1 6
5 2 6 1 0 8 

374 8778295559902059706 1 6
5 2 6 1 8 4 

373 12483164169338541807 1 6
5 2 6 0 4 8 

311 5866024162697288779 1 6
2 5 1 0 8 4 

287 11145390192767221805 2 6
2 3 1 0 8 4 
3 2 1 0 8 4 

347 13167978291742253981 1 6
3 6 1 0 8 4 

350 5813078525945078869 1 6
1 8 4 3 2 6 

335 16411558847986471629 1 6
1 0 8 3 2 6 

349 15091007139666577421 2 6
3 2 6 0 4 8 
3 2 6 0 8 4 

235 8528725965216570851 1 6
5 1 0 3 6 7 

343 17187343755203660370 1 6
2 6 1 0 8 4 

250 13307630695096188772 1 6
5 1 4 3 6 7 

238 15285267915804312144 1 6
1 5 3 2 6 7 

175 8208707697352525391 1 6
5 1 0 3 2 7 

187 12700615084639288410 1 6
5 3 7 1 0 4 

190 26026068357367584 1 6
5 1 4 3 2 7 

249 7588824703510365625 1 6
5 0 4 3 6 7 

252 7442529623664987550 2 6
4 5 3 2 6 7 
5 4 3 2 6 7 

237 13882400260280685350 1 6
0 5 3 2 6 7 

189 6460249576653753500 1 6
5 0 4 3 2 7 

243 1621106470625974356 1 6
5 6 7 1 0 4 

246 3976784036083460179 1 6
5 1 4 2 6 7 

231 16810334470972655621 1 6
5 1 0 2 6 7 

183 4320105743414304814 1 6
5 2 7 1 0 4 

245 17114348318058393120 1 6
5 0 4 2 6 7 

219 17610460353473115298 1 6
1 0 4 3 6 7 

159 562929111745432585 2 6
1 0 4 3 2 7 
1 0 4 2 3 7 

207 12540119292388424574 1 6
1 0 3 2 6 7 

222 17830056156839413195 1 6
1 4 3 2 6 7 

221 9966705628573186665 1 6
0 4 3 2 6 7 

215 8782795154304863429 2 6
1 0 4 2 6 7 
1 0 4 2 7 6 

123 17494015756718164356 1 6
5 3 6 1 0 4 

111 6322386372459317877 1 6
5 1 0 3 2 6 

126 12721890887679383556 1 6
5 1 4 3 2 6 

63 9374835744966345800 1 6
5 3 2 1 0 4 

125 4229672152960274235 1 6
5 0 4 3 2 6 

95 7284931154096077851 1 6
1 0 4 3 2 6 

119 13848986670187601450 1 6
5 2 6 1 0 4 

426 8588430803318870469 1 5
5 1 8 3 7 

425 3073530520045921573 1 5
5 3 7 0 8 

488 15516703111208343944 2 5
5 8 3 6 7 
8 5 3 6 7 

428 5319931340154814029 2 5
5 8 3 2 7 
8 5 3 2 7 

440 9612578381137890767 1 5
5 3 7 8 4 

354 10955052312094187409 2 4
5 6 1 8 
6 5 1 8 

97 3684224192080029757 2 3
0 5 6 
0 6 5 

294 5036159874697649378 1 4
2 5 1 8 

37 8120387365409270255 1 3
2 0 5 

330 12030119370035199782 2 4
1 8 3 6 
3 6 1 8 

73 13504819416290637912 1 3
0 3 6 

270 3117539274478306512 2 4
1 8 3 2 
1 8 2 3 

13 11625371352324431398 2 3
0 2 3 
0 3 2 

282 8389516611493844045 1 4
3 1 8 4 

25 17250501025191192120 1 3
3 0 4 

278 8389516611493844045 1 4
2 1 8 4 

21 17250501025191192120 1 3
2 0 4 

326 1361567497545663179 1 4
1 8 2 6 

69 6298889260055877585 1 3
0 2 6 

163 6827318719108812975 2 4
5 7 1 0 
7 5 1 0 

420 2094911513554197192 2 4
5 8 2 7 
8 5 2 7 

178 6925972535638963533 2 4
5 7 1 4 
7 5 1 4 

177 11892767638535426201 2 4
5 7 0 4 
7 5 0 4 

434 2370878691122667212 2 5
5 7 1 8 4 
7 5 1 8 4 

210 7150496180077738619 2 4
1 4 6 7 
1 4 7 6 

195 227753909914827273 2 4
1 0 6 7 
1 0 7 6 

209 6305501177838887852 2 4
0 4 6 7 
0 4 7 6 

466 4622508568593048949 2 5
6 7 1 8 4 
7 6 1 8 4 

360 10955052312094187409 2 4
5 8 3 6 
8 5 3 6 

103 4476381444728481329 1 5
5 1 0 2 6 

106 11042797408386191705 1 4
1 5 3 6 

297 5196072021062182796 1 4
3 5 0 8 

170 12159194040976764615 1 4
1 5 3 7 

43 16170220906515708091 1 4
3 5 1 0 

300 9258636742296635226 2 4
5 8 3 2 
8 5 3 2 

312 18125736765879375276 1 4
3 5 8 4 

55 12102490377548354522 1 5
2 5 1 0 4 

58 12159194040976764615 1 4
3 5 1 4 

46 10235435253070270992 1 4
1 5 3 2 

120 8185086226658989788 2 4
4 5 3 6 
5 4 3 6 

105 12040458653921594130 1 4
0 5 3 6 

362 6277357237078501203 2 5
5 3 6 1 8 
5 1 8 3 6 

184 6925972535638963533 2 4
4 5 3 7 
5 4 3 7 

57 10645060107188842492 1 4
3 5 0 4 

314 5384603957822953242 1 5
3 5 1 8 4 

60 342674997343172527 4 4
4 5 2 3 
4 5 3 2 
5 4 3 2 
5 4 2 3 

368 15704017212081516077 2 4
5 6 4 8 
6 5 4 8 

114 4270695351041866627 2 4
5 6 1 4 
6 5 1 4 

45 13544547223650425374 1 4
0 5 3 2 

302 12559201673788849515 1 5
5 1 8 3 2 

353 11892767638535426201 2 4
5 6 0 8 
6 5 0 8 

226 18125736765879375276 1 4
1 5 6 7 

99 14699510610811450849 2 4
5 6 1 0 
6 5 1 0 

356 6925972535638963533 2 4
5 8 2 6 
8 5 2 6 

293 3308555120644013935 1 4
2 5 0 8 

166 12844178937462204567 1 4
1 5 2 7 

39 8314073924795978504 1 4
2 5 1 0 

296 12769602731266802952 2 3
3 5 8 
3 8 5 

102 6570806256634135414 1 4
1 5 2 6 

240 15704017212081516077 2 4
4 5 6 7 
5 4 6 7 

113 1017995054320984049 2 4
5 6 0 4 
6 5 0 4 

370 15516703111208343944 2 5
5 6 1 8 4 
6 5 1 8 4 

194 12585292063867719537 2 3
1 6 7 
1 7 6 

451 9949176012075180794 2 5
6 7 1 0 8 
7 6 1 0 8 

193 3584596353957403666 2 3
0 6 7 
0 7 6 

450 3982813991072387447 2 4
1 8 7 6 
1 8 6 7 

329 13182905938391989522 1 4
3 6 0 8 

202 8389516611493844045 1 4
1 3 6 7 

75 17554248449585120550 1 4
1 0 3 6 

201 2783412844913159034 1 4
0 3 6 7 

458 12586974753393532778 1 5
1 8 3 6 7 

74 1100806113672523033 1 3
1 3 6 

331 5719176296596694665 1 5
3 6 1 0 8 

269 11641095410211178450 2 4
2 3 0 8 
3 2 0 8 

142 11990823882079085441 2 4
1 2 3 7 
1 3 2 7 

15 7131716641075491582 2 4
1 0 2 3 
1 0 3 2 

56 10706753935364593016 2 3
3 4 5 
3 5 4 

313 15546785625841981073 1 5
3 5 0 8 4 

52 10706753935364593016 2 3
2 4 5 
2 5 4 

309 11700969563805506170 2 5
2 5 0 4 8 
2 5 0 8 4 

389 3779725885503056035 1 4
2 7 0 8 

135 4059955786470530201 1 4
1 0 2 7 

262 1100806113672523033 1 3
2 1 8 

5 3085733323793310697 1 2
2 0 

85 3779725885503056035 1 4
2 6 0 4 

342 16476275988343549283 1 5
2 6 1 8 4 

133 6298889260055877585 1 3
0 2 7 

390 1361567497545663179 1 4
1 8 2 7 

6 17087753756477223945 2 2
1 2 
2 1 

263 11853486265749249919 1 4
2 1 0 8 

41 6495855282945793467 1 3
3 0 5 

298 11042797408386191705 1 4
3 5 1 8 

197 15935674639946094002 2 4
0 2 6 7 
0 2 7 6 

454 2297159645589997922 2 5
1 8 2 7 6 
1 8 2 6 7 

70 11149028268085365730 1 3
1 2 6 

327 4482040220423146004 1 5
2 6 1 0 8 

165 6014641326585863198 1 4
0 5 2 7 

422 15292580994181557328 1 5
5 1 8 2 7 

292 10706753935364593016 2 3
2 5 8 
2 8 5 

38 16574095905003600574 2 3
1 2 5 
2 1 5 

295 2380733814563316253 1 5
2 5 1 0 8 

9 3085733323793310697 1 2
3 0 

266 1100806113672523033 1 3
3 1 8 

225 4634709047748281356 2 4
0 5 6 7 
0 5 7 6 

482 65620483041778020 1 5
5 1 8 6 7 

98 12769602731266802952 2 3
1 5 6 
1 6 5 

355 13400198360063410034 2 5
5 6 1 0 8 
6 5 1 0 8 

141 6515553380747664993 2 4
0 2 3 7 
0 3 2 7 

398 4529249393062366034 2 5
1 8 3 2 7 
1 8 2 3 7 

14 260049142612031377 2 3
1 2 3 
1 3 2 

271 14517268974931830949 2 5
2 3 1 0 8 
3 2 1 0 8 

112 12260785478939447192 6 3
4 5 6 
4 6 5 
5 4 6 
5 6 4 
6 5 4 
6 4 5 

369 15180610883791284075 2 5
5 6 0 4 8 
6 5 0 4 8 

180 6925972535638963533 2 4
4 5 2 7 
5 4 2 7 

53 3308555120644013935 1 4
2 5 0 4 

310 10080545440292170948 1 5
2 5 1 8 4 

134 11149028268085365730 1 3
1 2 7 

391 4482040220423146004 1 5
2 7 1 0 8 

7 13914074621237375057 1 3
2 1 0 

261 17250501025191192120 1 3
2 0 8 

101 6014641326585863198 1 4
0 5 2 6 

358 16116319608974762448 1 5
5 1 8 2 6 

267 11853486265749249919 1 4
3 1 0 8 

10 17087753756477223945 2 2
1 3 
3 1 

137 6298889260055877585 1 3
0 3 7 

394 1361567497545663179 1 4
1 8 3 7 

78 4482402122045907183 1 4
1 3 2 6 

161 3684224192080029757 2 3
0 5 7 
0 7 5 

418 8185086226658989788 2 4
5 7 1 8 
7 5 1 8 

153 3779725885503056035 1 4
3 7 0 4 

410 16476275988343549283 1 5
3 7 1 8 4 

26 11149028268085365730 1 3
3 1 4 

283 6512831979936567646 1 5
3 1 0 8 4 

280 12585292063867719537 2 3
3 4 8 
3 8 4 

23 1277910811888892566 1 4
2 1 0 4 

149 3779725885503056035 1 4
2 7 0 4 

406 16476275988343549283 1 5
2 7 1 8 4 

22 11149028268085365730 1 3
2 1 4 

279 6512831979936567646 1 5
2 1 0 8 4 

276 12585292063867719537 2 3
2 4 8 
2 8 4 

11 13914074621237375057 1 3
3 1 0 

138 11149028268085365730 1 3
1 3 7 

395 4482040220423146004 1 5
3 7 1 0 8 

265 17250501025191192120 1 3
3 0 8 

29 11641095410211178450 2 4
2 3 0 4 
3 2 0 4 

286 14757008162573915736 2 5
2 3 1 8 4 
3 2 1 8 4 

139 4059955786470530201 1 4
1 0 3 7 

89 13182905938391989522 1 4
3 6 0 4 

346 12586974753393532778 1 5
3 6 1 8 4 

284 2619098640235373304 4 4
2 3 4 8 
2 3 8 4 
3 2 4 8 
3 2 8 4 

27 1277910811888892566 1 4
3 1 0 4 

30 11962963340393468856 2 4
1 4 3 2 
1 4 2 3 

169 14346522584861473761 1 4
0 5 3 7 

42 3519693191574693728 2 3
1 3 5 
3 1 5 

299 13341012911869423992 1 5
3 5 1 0 8 

162 10706753935364593016 2 3
1 5 7 
1 7 5 

419 4583000415535639418 2 5
5 7 1 0 8 
7 5 1 0 8 

416 12260785478939447192 6 3
5 7 8 
5 8 7 
7 5 8 
7 8 5 
8 7 5 
8 5 7 

277 9948786386143750181 2 4
2 0 4 8 
2 0 8 4 

150 15406660600063173003 2 4
1 4 2 7 
2 7 1 4 

325 3779725885503056035 1 4
2 6 0 8 

198 15669754230730330559 2 4
1 2 6 7 
1 2 7 6 

71 4059955786470530201 1 4
1 0 2 6 

340 7150496180077738619 2 4
2 6 4 8 
2 6 8 4 

86 15406660600063173003 2 4
1 4 2 6 
2 6 1 4 

281 9948786386143750181 2 4
3 0 4 8 
3 0 8 4 

154 15406660600063173003 2 4
1 4 3 7 
3 7 1 4 

77 10895196339556939838 1 4
0 3 2 6 

334 18370894349058557510 1 5
1 8 3 2 6 

344 3982813991072387447 2 4
3 6 4 8 
3 6 8 4 

87 16273923072580728609 1 5
2 6 1 0 4 

90 1361567497545663179 1 4
3 6 1 4 

116 2094911513554197192 2 4
4 5 2 6 
5 4 2 6 

308 698476773254776664 2 4
2 5 4 8 
2 5 8 4 

54 12844178937462204567 1 4
2 5 1 4 

449 6305501177838887852 2 4
0 8 7 6 
0 8 6 7 

404 7150496180077738619 2 4
2 7 4 8 
2 7 8 4 

393 3779725885503056035 1 4
3 7 0 8 

408 7150496180077738619 2 4
3 7 4 8 
3 7 8 4 

151 16273923072580728609 1 5
2 7 1 0 4 

464 13150025586414177241 8 4
4 8 7 6 
4 8 6 7 
6 7 4 8 
6 7 8 4 
7 6 4 8 
7 6 8 4 
8 4 7 6 
8 4 6 7 

432 15704017212081516077 2 4
5 7 8 4 
7 5 8 4 

480 15704017212081516077 2 4
5 8 7 6 
8 5 7 6 

417 1017995054320984049 2 4
5 7 0 8 
7 5 0 8 

424 4270695351041866627 2 4
5 8 3 7 
8 5 3 7 

167 14125047828457787512 1 5
5 1 0 2 7 

93 14791189649058304885 1 5
0 4 3 2 6 

79 17574885933220982718 1 5
1 0 3 2 6 

31 6447477707308542241 2 5
2 3 1 0 4 
3 2 1 0 4 

91 16297571255360996590 1 5
3 6 1 0 4 

348 10750593861048357360 2 5
4 8 3 2 6 
8 4 3 2 6 

94 7006514734424415631 1 5
1 4 3 2 6 

117 9855864855782269754 1 5
5 2 6 0 4 

118 14277005545317289870 1 5
5 1 4 2 6 

61 5116513724975858058 1 5
5 3 2 0 4 

115 2857156666573530516 2 5
5 6 1 0 4 
6 5 1 0 4 

372 3212215444823187638 1 5
5 2 6 4 8 

109 17985567795792543442 1 5
0 5 3 2 6 

121 2561333782643758035 1 5
5 3 6 0 4 

124 16484057573553907763 2 5
4 5 3 2 6 
5 4 3 2 6 

62 9807472672633525333 1 5
5 1 4 3 2 

47 14872468866342749143 1 5
5 1 0 3 2 

59 7658216016994466507 1 5
3 5 1 0 4 

316 5989657621515135584 1 5
5 3 2 8 4 

122 8588430803318870469 1 5
5 3 6 1 4 

107 14020789106556283540 1 5
5 1 0 3 6 

364 17478225362029854468 2 5
5 8 3 2 6 
8 5 3 2 6 

110 3720172794317954857 1 5
1 5 3 2 6 

213 14800241150187529919 2 5
0 4 2 6 7 
0 4 2 7 6 

214 1170858302316114891 2 5
1 4 2 6 7 
1 4 2 7 6 

199 14079857670654362758 2 5
1 0 2 6 7 
1 0 2 7 6 

211 10839353395748738450 2 5
6 7 1 0 4 
7 6 1 0 4 

468 5985004378282824371 4 5
4 8 2 7 6 
4 8 2 6 7 
8 4 2 7 6 
8 4 2 6 7 

205 3353781236043165822 1 5
0 3 2 6 7 

157 9945539467467711656 2 5
0 4 3 2 7 
0 4 2 3 7 

217 18169069867505524750 1 5
0 4 3 6 7 

206 10588727508656393821 1 5
1 3 2 6 7 

155 16273923072580728609 1 5
3 7 1 0 4 

412 319330563881633936 4 5
4 8 2 3 7 
4 8 3 2 7 
8 4 3 2 7 
8 4 2 3 7 

143 8043563905931974617 2 5
1 0 2 3 7 
1 0 3 2 7 

158 4829484002395752990 2 5
1 4 3 2 7 
1 4 2 3 7 

218 16476275988343549283 1 5
1 4 3 6 7 

203 11848527817632781709 1 5
1 0 3 6 7 

181 5604590756551874431 1 5
5 2 7 0 4 

244 14147606527444079698 2 5
4 5 2 6 7 
5 4 2 6 7 

241 6848011229001765584 1 5
5 0 4 6 7 

229 17239695949305052174 2 5
0 5 2 6 7 
0 5 2 7 6 

182 15994641441959324547 2 5
5 2 7 1 4 
5 1 4 2 7 

230 15166400095534292492 1 5
1 5 2 6 7 

179 12896577040038183386 2 5
5 7 1 0 4 
7 5 1 0 4 

436 3212215444823187638 1 5
5 2 7 8 4 

227 2291568146787490173 1 5
5 1 0 6 7 

484 14147606527444079698 2 5
5 8 2 7 6 
8 5 2 7 6 

242 9612578381137890767 1 5
5 1 4 6 7 

173 2979197577465839397 1 5
0 5 3 2 7 

185 4798990487641734298 1 5
5 3 7 0 4 

188 3212194877433147348 4 5
4 5 2 3 7 
4 5 3 2 7 
5 4 3 2 7 
5 4 2 3 7 

233 15689956165752255431 1 5
0 5 3 6 7 

174 16257974118987338973 1 5
1 5 3 2 7 

186 4729197768228215044 2 5
5 3 7 1 4 
5 1 4 3 7 

248 2370878691122667212 2 5
4 5 3 6 7 
5 4 3 6 7 

171 1116385605604977004 1 5
5 1 0 3 7 

234 5384603957822953242 1 5
1 5 3 6 7 

341 11227027734489427862 2 5
2 6 0 4 8 
2 6 0 8 4 

333 14791189649058304885 1 5
0 8 3 2 6 

345 2994986921747628240 2 5
3 6 0 4 8 
3 6 0 8 4 

285 4929365834399563899 4 5
2 3 0 4 8 
2 3 0 8 4 
3 2 0 4 8 
3 2 0 8 4 

357 5604590756551874431 1 5
5 2 6 0 8 

301 14297955652397619238 1 5
5 3 2 0 8 

376 65620483041778020 1 5
5 3 6 8 4 

361 12482408681508965555 1 5
5 3 6 0 8 

405 11227027734489427862 2 5
2 7 0 4 8 
2 7 0 8 4 

453 14800241150187529919 2 5
0 8 2 7 6 
0 8 2 6 7 

465 3690224526988697710 4 5
6 7 0 4 8 
6 7 0 8 4 
7 6 0 4 8 
7 6 0 8 4 

397 9945539467467711656 2 5
0 8 3 2 7 
0 8 2 3 7 

409 11227027734489427862 2 5
3 7 0 4 8 
3 7 0 8 4 

457 18169069867505524750 1 5
0 8 3 6 7 

472 4622508568593048949 2 5
4 8 3 6 7 
8 4 3 6 7 

421 9855864855782269754 1 5
5 2 7 0 8 

433 15180610883791284075 2 5
5 7 0 8 4 
7 5 0 8 4 

481 6848011229001765584 1 5
5 0 8 7 6 

496 15397974748116556752 4 5
5 4 8 7 6 
5 6 7 8 4 
5 7 6 4 8 
5 8 4 6 7 

