508 6169030244321386729 1 7
6 2 7 8 4 3 5 

501 12901105351123858448 1 7
6 2 8 7 4 5 0 

502 13966915194719856979 1 7
4 5 6 2 1 8 7 

477 4322948341764865560 1 7
6 2 7 8 4 3 0 

471 17259362774239711173 1 7
4 0 6 2 1 8 7 

478 16999228376639212400 1 7
6 2 4 3 1 7 8 

493 10979052520197449326 1 7
6 2 7 8 3 0 5 

494 168144153683718839 1 7
6 2 3 5 1 7 8 

487 4647737858992235317 1 7
6 2 0 5 1 8 7 

505 12065005240489153106 1 7
6 8 7 4 5 0 3 

463 15365405448745019844 1 7
6 2 3 0 1 7 8 

506 13275691128780042669 1 7
6 1 8 7 4 3 5 

499 2842300799321003230 1 7
6 4 5 0 1 8 7 

475 3437857524599729309 1 7
6 1 8 7 4 3 0 

491 10108384848991152519 1 7
6 1 8 7 3 0 5 

439 10969201722251401686 1 7
2 4 5 0 1 8 7 

445 12904052238030631258 1 7
2 7 8 4 3 5 0 

446 17453480374948824819 1 7
2 4 3 5 1 7 8 

443 14593797569118352140 2 7
1 7 8 4 5 0 3 
1 8 7 4 5 0 3 

431 13300027889760120202 1 7
2 1 7 8 3 0 5 

415 666338329181905006 1 7
2 4 3 0 1 7 8 

381 17947305871035759997 1 7
8 6 2 4 3 5 0 

382 8586322724063167517 1 7
1 8 6 2 4 3 5 

375 13672059418708839044 1 7
1 8 6 2 4 5 0 

351 13032583807281450055 1 7
1 8 6 2 4 3 0 

367 14666888204722988322 1 7
6 2 1 8 3 0 5 

379 888150636056888675 1 7
6 1 8 4 3 5 0 

319 13577144415086277135 1 7
2 1 8 4 3 5 0 

253 6367539000183648845 1 7
7 6 2 4 3 5 0 

254 8475834449684323516 1 7
1 7 6 2 4 3 5 

247 4254082252579963902 1 7
1 7 6 2 4 5 0 

223 11007558294253122260 1 7
1 7 6 2 4 3 0 

239 15865146544975612239 1 7
6 2 1 7 3 0 5 

191 8024519250559906087 1 7
2 1 7 4 3 5 0 

251 13236246788772888184 1 7
6 1 7 4 3 5 0 

127 6329086211441274729 1 7
1 6 2 4 3 5 0 

500 7117387715741032091 1 6
4 5 6 2 8 7 

469 18279015430219326547 1 6
4 0 6 2 8 7 

470 16564490057278918431 1 6
4 6 2 1 8 7 

476 1586673011737689491 1 6
4 3 6 2 7 8 

485 13356182206556774997 1 6
6 2 8 7 0 5 

492 17568422040645976469 1 6
6 2 3 5 7 8 

461 2646974606688313951 1 6
6 2 3 0 7 8 

486 7783266722567115731 1 6
5 6 2 1 8 7 

462 16621856762405378009 1 6
3 6 2 1 7 8 

455 13216585448121555354 1 6
0 6 2 1 8 7 

504 14850776001528867516 1 6
6 8 7 4 5 3 

497 15997211427704944452 1 6
6 8 7 4 5 0 

498 9955232907162459163 1 6
6 4 5 1 8 7 

473 3205808590818795968 1 6
6 8 7 4 0 3 

489 6052185769735750257 1 6
6 8 7 0 5 3 

467 6959042193627963190 1 6
6 4 0 1 8 7 

474 757279159992032125 1 6
6 4 3 1 7 8 

483 15658035237255283734 1 6
6 0 5 1 8 7 

490 6730231401386561430 1 6
6 3 5 1 8 7 

459 18020728447221186320 1 6
6 3 0 1 8 7 

444 3009113627428979969 1 6
2 7 8 4 3 5 

437 18264745096395803704 1 6
2 8 7 4 5 0 

413 12288818422876892796 1 6
2 7 8 4 3 0 

438 9576912663196894743 1 6
2 4 5 1 8 7 

414 11741238373491813995 1 6
2 4 3 1 7 8 

407 11719580418732663971 1 6
2 4 0 1 8 7 

429 13912049030775346569 1 6
2 7 8 3 0 5 

430 261449154145464945 1 6
2 3 5 1 7 8 

441 12290407349349688455 2 6
7 8 4 5 0 3 
8 7 4 5 0 3 

423 7279908480280597371 1 6
2 0 5 1 8 7 

399 5136076412998553827 1 6
2 3 0 1 7 8 

427 15614331404394469317 4 6
1 7 8 0 5 3 
1 7 8 0 3 5 
1 8 7 0 3 5 
1 8 7 0 5 3 

435 16992272650893110371 2 6
4 5 0 1 7 8 
4 5 0 1 8 7 

442 6547618250762470962 2 6
4 5 3 1 7 8 
4 5 3 1 8 7 

411 4683142771817004472 2 6
4 0 3 1 7 8 
4 0 3 1 8 7 

373 10684769603133712113 1 6
8 6 2 4 5 0 

380 3440108556460963379 1 6
8 6 2 4 3 5 

374 10612910424393781293 1 6
4 5 1 8 6 2 

343 17443973099715072164 1 6
4 0 1 8 6 2 

349 250208375753867398 1 6
8 6 2 4 3 0 

350 17102440515992030913 1 6
1 8 6 2 4 3 

335 10894982659603711012 1 6
6 2 1 8 3 0 

359 3921685182937127489 1 6
6 2 1 8 0 5 

365 964309520819837237 1 6
8 6 2 3 0 5 

366 16658160934895634641 1 6
6 2 1 8 3 5 

377 5615600643685848711 1 6
6 8 4 5 0 3 

371 4363394451550903956 1 6
6 1 8 4 5 0 

378 8661999880865077650 1 6
6 1 8 4 3 5 

347 11225611550723124346 1 6
6 1 8 4 3 0 

363 17338954926229363876 1 6
6 1 8 3 0 5 

317 5362531867993670226 2 6
2 8 4 3 5 0 
8 2 4 3 5 0 

311 12530868621383225437 1 6
2 1 8 4 5 0 

318 2644384938822383246 1 6
2 1 8 4 3 5 

287 11138986552244798499 1 6
2 1 8 4 3 0 

303 7016612745150810949 1 6
2 1 8 3 0 5 

245 15931720858720414048 1 6
7 6 2 4 5 0 

252 9662492814659783924 1 6
7 6 2 4 3 5 

315 14722798872278449159 1 6
1 8 4 5 0 3 

246 5429160212199481136 1 6
4 5 1 7 6 2 

215 12051601077197331134 1 6
1 7 4 0 6 2 

221 12543169435850314320 1 6
7 6 2 4 3 0 

222 7457956587215073104 1 6
1 7 6 2 4 3 

237 4163520845645163610 1 6
7 6 2 3 0 5 

207 15513232901232087806 1 6
6 2 1 7 3 0 

238 7082877381760568019 1 6
6 2 1 7 3 5 

231 15691564042089927531 1 6
6 2 1 7 0 5 

249 9389614131463320287 1 6
6 7 4 5 0 3 

243 6567017070739306965 1 6
6 1 7 4 5 0 

250 307087747125192903 1 6
6 1 7 4 3 5 

219 14774186064719280124 1 6
6 1 7 4 3 0 

235 16253759143384595882 1 6
6 1 7 3 0 5 

189 5895796428731819744 2 6
2 7 4 3 5 0 
7 2 4 3 5 0 

159 18123296644876238589 1 6
2 1 7 4 3 0 

190 4242751464547066114 1 6
2 1 7 4 3 5 

183 15812848345629852134 1 6
2 1 7 4 5 0 

175 8074219997985781346 1 6
2 1 7 3 0 5 

126 8961301798301184237 1 6
1 6 2 4 3 5 

187 14722798872278449159 1 6
1 7 4 5 0 3 

125 14722798872278449159 1 6
6 2 4 5 0 3 

119 13105939537933787877 1 6
1 6 2 4 5 0 

123 13932124088971648638 2 6
1 6 4 3 5 0 
6 1 4 3 5 0 

95 8074718855537440185 1 6
1 6 2 4 3 0 

111 6161923294671791790 1 6
1 6 2 3 0 5 

63 17208513082211688264 1 6
1 2 4 5 0 3 

468 15300973533936809658 1 5
4 6 2 8 7 

484 15352309284369776978 1 5
5 6 2 8 7 

460 1975459807820398959 1 5
3 6 2 7 8 

453 10002545942142261723 1 5
0 6 2 8 7 

496 16075256442787652421 1 5
6 4 5 8 7 

454 16426964197223592242 2 5
6 2 1 7 8 
6 2 1 8 7 

465 1404260823767454865 1 5
6 4 0 8 7 

472 13405435639448530145 1 5
6 4 3 7 8 

466 14719261466401227778 2 5
4 6 1 7 8 
6 4 1 7 8 

488 4457430926303357010 1 5
6 8 7 5 3 

481 13358116410814513423 1 5
6 8 7 0 5 

457 18058647402497785021 1 5
6 8 7 0 3 

482 12892149604202838474 1 5
6 5 1 8 7 

451 8109905028520321542 1 5
6 0 1 8 7 

458 14633245977241427459 2 5
6 3 1 7 8 
6 3 1 8 7 

436 14589509179443636012 1 5
2 4 5 8 7 

405 7800678471229636113 1 5
2 4 0 8 7 

412 3717315450133265383 1 5
2 4 3 7 8 

406 7224765894004783788 1 5
4 2 1 8 7 

421 3278889359787059633 1 5
2 8 7 0 5 

428 9439660851264801632 1 5
2 3 5 7 8 

422 17788255648278127647 2 5
2 5 1 8 7 
5 2 1 8 7 

397 11245390910819910258 1 5
2 3 0 7 8 

398 5490961048047990379 2 5
2 3 1 7 8 
3 2 1 7 8 

391 678912877278842129 2 5
0 2 1 7 8 
0 2 1 8 7 

433 5242592568390654833 2 5
7 8 4 5 0 
8 7 4 5 0 

440 12544053453783659143 2 5
7 8 4 5 3 
8 7 4 5 3 

409 11629192788876988821 2 5
7 8 4 0 3 
8 7 4 0 3 

434 11933761408839824396 2 5
4 5 1 7 8 
4 5 1 8 7 

278 14315483891285730756 1 4
4 2 1 8 

270 6534630873780932037 2 4
2 3 1 8 
3 2 1 8 

294 4415345656511538872 2 4
2 5 1 8 
5 2 1 8 

263 5785711715439450766 1 4
0 2 1 8 

282 15406660600063173003 2 4
1 8 4 3 
4 3 1 8 

306 13796289709583244209 1 4
4 5 1 8 

298 7150496180077738619 2 4
1 8 5 3 
1 8 3 5 

180 13312223719028599295 2 4
2 7 4 5 
7 2 4 5 

156 15804328657059468321 2 4
2 7 4 3 
7 2 4 3 

172 1677071180347565230 2 4
2 7 3 5 
7 2 3 5 

135 5785711715439450766 1 4
0 2 1 7 

139 1666437849499697734 1 4
1 7 0 3 

396 78324714845983665 2 4
2 3 7 8 
3 2 7 8 

163 1666437849499697734 1 4
1 7 0 5 

420 7978115995136584964 2 4
2 5 8 7 
5 2 8 7 

86 2995300807293622581 2 4
1 4 6 2 
4 1 6 2 

116 13796289709583244209 1 4
4 5 6 2 

92 15406660600063173003 2 4
4 3 6 2 
6 2 4 3 

212 12844178937462204567 1 4
4 7 6 2 

85 12296713371021017618 1 4
6 2 4 0 

342 16097797554892847855 1 5
4 1 8 6 2 

108 7150496180077738619 2 4
6 2 5 3 
6 2 3 5 

228 3907734590851251535 2 4
5 7 6 2 
7 5 6 2 

101 1666437849499697734 1 4
6 2 0 5 

358 8555572462555614721 1 5
5 6 2 1 8 

102 15024369831046084700 1 4
1 5 6 2 

198 15406660600063173003 2 4
1 7 6 2 
6 2 1 7 

71 17135172989186960291 1 4
1 0 6 2 

328 10706753935364593016 2 3
6 3 8 
6 8 3 

204 15804328657059468321 2 4
3 7 6 2 
7 3 6 2 

77 1666437849499697734 1 4
6 2 0 3 

334 4986282704383461797 2 5
3 1 8 6 2 
3 6 2 1 8 

78 12159194040976764615 1 4
1 3 6 2 

210 17033440425027155532 2 4
4 6 1 7 
6 4 1 7 

83 9266936525759386899 2 4
1 6 4 0 
6 1 4 0 

340 13374085144094286841 1 4
4 8 6 2 

114 6777173445913401214 2 4
1 6 4 5 
6 1 4 5 

120 529838076471764616 1 4
6 4 5 3 

240 5705165468213556174 1 4
6 7 4 5 

113 1875988289031855973 1 4
6 4 5 0 

370 1154068898222048589 1 5
6 4 5 1 8 

90 3350840979172127825 2 4
1 6 4 3 
6 1 4 3 

216 12844178937462204567 1 4
6 7 4 3 

89 2295485296142731962 1 4
6 4 0 3 

346 11145829841084933874 1 5
6 1 8 4 3 

202 12159194040976764615 1 4
6 3 1 7 

75 792961607937098490 2 4
1 6 3 0 
6 1 3 0 

332 6534630873780932037 2 4
3 8 6 2 
8 3 6 2 

106 2094639431981163268 2 4
1 6 3 5 
6 1 3 5 

226 1470142328109767921 1 4
6 5 1 7 

99 13039228634344344570 2 4
1 6 0 5 
6 1 0 5 

356 3656293589500805796 2 4
5 8 6 2 
8 5 6 2 

232 3594530558944545459 1 4
6 7 5 3 

105 10600252980852207555 2 4
6 0 5 3 
6 0 3 5 

362 13431632794186593077 1 5
6 1 8 3 5 

54 8397334625162587836 1 4
1 2 4 5 

150 15368499501652111834 1 4
4 2 1 7 

23 11002258198883165807 1 4
1 2 4 0 

30 15368499501652111834 1 4
1 2 4 3 

300 17015737541233389546 2 4
2 8 3 5 
8 2 3 5 

43 10600252980852207555 2 4
1 0 3 5 
1 0 5 3 

46 698476773254776664 2 4
1 2 3 5 
1 2 5 3 

259 12118398178183663465 1 3
0 1 8 

197 15521823665152721162 1 4
0 7 6 2 

70 11149028268085365730 1 3
1 6 2 

327 1115177989606860331 1 5
0 6 2 1 8 

11 2150741435829383373 1 3
1 0 3 

268 13119232308241019096 6 3
2 3 8 
2 8 3 
3 2 8 
3 8 2 
8 3 2 
8 2 3 

112 6486448604913209494 1 3
6 4 5 

369 14267527514415889791 1 5
6 8 4 5 0 

267 1666437849499697734 1 4
1 8 0 3 

140 2728381371886174304 6 3
2 3 7 
2 7 3 
3 2 7 
3 7 2 
7 3 2 
7 2 3 

88 11149028268085365730 1 3
6 4 3 

345 9943431689769332169 1 5
6 8 4 0 3 

104 12585292063867719537 2 3
6 5 3 
6 3 5 

361 11339198151893986846 1 5
6 8 0 5 3 

147 12296713371021017618 1 4
1 7 4 0 

404 11647855889567165862 1 4
4 2 8 7 

274 11149028268085365730 1 3
4 1 8 

133 1511571436509274567 2 3
0 2 7 
0 7 2 

269 9164555186100450858 2 4
2 8 3 0 
8 2 3 0 

142 15804328657059468321 2 4
2 3 1 7 
3 2 1 7 

15 1545492995713361057 1 4
1 2 0 3 

200 10706753935364593016 2 3
6 3 7 
6 7 3 

73 2150741435829383373 1 3
6 0 3 

330 12159194040976764615 1 4
6 3 1 8 

3 6749820438703356068 1 2
1 0 

42 12585292063867719537 2 3
1 3 5 
1 5 3 

299 1395085817405049010 2 5
1 8 0 5 3 
1 8 0 3 5 

18 17087753756477223945 2 2
1 4 
4 1 

275 12296713371021017618 1 4
1 8 4 0 

80 17087753756477223945 2 2
4 6 
6 4 

337 18164799683127060445 1 4
6 8 4 0 

84 11149028268085365730 1 3
4 6 2 

341 1539524353844671345 1 5
8 4 0 6 2 

7 13672026976537316312 1 3
1 0 2 

261 1511571436509274567 2 3
0 2 8 
0 8 2 

26 11149028268085365730 1 3
1 4 3 

283 27770994327333137 1 5
1 8 4 0 3 

69 12118398178183663465 1 3
0 6 2 

326 15406660600063173003 2 4
1 8 6 2 
6 2 1 8 

293 17141885570686120049 2 4
2 8 0 5 
8 2 0 5 

166 17551861176896189898 2 4
2 5 1 7 
5 2 1 7 

39 1545492995713361057 1 4
1 2 0 5 

50 6486448604913209494 1 3
1 4 5 

307 5703564076294737944 1 5
1 8 4 5 0 

35 2150741435829383373 1 3
1 0 5 

292 14860785610888650053 6 3
2 5 8 
2 8 5 
5 2 8 
5 8 2 
8 5 2 
8 2 5 

65 6749820438703356068 1 2
6 0 

322 11149028268085365730 1 3
6 1 8 

148 10706753935364593016 2 3
4 2 7 
4 7 2 

67 10475209075078228181 2 3
1 6 0 
6 1 0 

321 1671195185940751452 1 3
6 0 8 

448 3870621583062396010 2 3
6 7 8 
6 8 7 

194 11149028268085365730 1 3
6 1 7 

291 1666437849499697734 1 4
1 8 0 5 

164 754205998099296360 6 3
2 5 7 
2 7 5 
5 2 7 
5 7 2 
7 5 2 
7 2 5 

19 3651023257298756108 1 3
1 4 0 

276 2512533711646785065 2 3
4 2 8 
4 8 2 

146 11149028268085365730 1 3
4 1 7 

403 17791385651582430305 2 5
4 0 1 7 8 
4 0 1 8 7 

400 3870621583062396010 2 3
4 7 8 
4 8 7 

143 11925834216321498243 1 5
2 1 7 3 0 

66 17087753756477223945 2 2
1 6 
6 1 

323 9885886733313414519 1 4
6 0 1 8 

193 10270084798959340628 1 3
6 0 7 

450 5215022540671273095 2 4
6 1 7 8 
6 1 8 7 

97 2150741435829383373 1 3
6 0 5 

354 2602917121141140096 1 4
6 5 1 8 

224 14718008852537657457 2 3
6 5 7 
6 7 5 

81 3651023257298756108 1 3
6 4 0 

338 9192673037414984222 2 4
4 6 1 8 
6 4 1 8 

208 16574095905003600574 2 3
4 6 7 
6 4 7 

131 12118398178183663465 1 3
0 1 7 

385 460800947400302427 2 3
0 7 8 
0 8 7 

141 3404538831293044976 2 4
2 7 3 0 
7 2 3 0 

14 10706753935364593016 2 3
1 2 3 
1 3 2 

271 8524286777276204240 1 5
2 1 8 3 0 

149 12620250775467785787 2 4
2 7 4 0 
7 2 4 0 

22 2361156492905547982 2 3
1 4 2 
4 1 2 

279 6885814325171178461 1 5
2 4 0 1 8 

195 10071340484035964229 1 4
6 0 1 7 

452 5212208834225348329 2 4
6 2 7 8 
6 2 8 7 

154 15406660600063173003 2 4
1 7 4 3 
4 3 1 7 

27 2295485296142731962 1 4
1 4 0 3 

284 10983409412583460812 2 4
2 8 4 3 
8 2 4 3 

165 16747473210904696846 2 4
2 7 0 5 
7 2 0 5 

38 10706753935364593016 2 3
1 2 5 
1 5 2 

295 8023672349959086381 1 5
2 1 8 0 5 

201 12881946911499687952 1 4
6 7 0 3 

74 3519693191574693728 2 3
1 6 3 
6 1 3 

331 8155299203634639384 1 5
6 1 8 3 0 

225 14245937963373259252 1 4
6 7 0 5 

98 1330854201845664887 2 3
1 6 5 
6 1 5 

355 14868923703496127986 1 5
6 1 8 0 5 

352 12769602731266802952 2 3
6 5 8 
6 8 5 

209 14155210264675352183 1 4
6 7 4 0 

82 10464402029777390164 6 3
1 4 6 
1 6 4 
4 1 6 
4 6 1 
6 4 1 
6 1 4 

339 2402231570424799723 1 5
6 1 8 4 0 

336 5707635945091764290 2 3
4 6 8 
6 4 8 

79 4179389453731995625 1 5
1 6 2 3 0 

170 7150496180077738619 2 4
1 7 5 3 
1 7 3 5 

58 529838076471764616 1 4
1 4 5 3 

178 13796289709583244209 1 4
4 5 1 7 

51 1875988289031855973 1 4
1 4 5 0 

308 1158192353704790834 2 4
2 8 4 5 
8 2 4 5 

277 5229035336160563483 2 4
2 8 4 0 
8 2 4 0 

329 10048286495558705197 1 4
6 8 0 3 

360 18125736765879375276 1 4
6 8 5 3 

103 220865376750036138 1 5
1 6 2 0 5 

353 16071262017205379753 1 4
6 8 0 5 

344 12147302030440244333 1 4
6 8 4 3 

87 10055739916894500656 1 5
1 4 0 6 2 

368 17723397868700175270 1 4
6 8 4 5 

325 4464620677193271996 1 4
0 8 6 2 

387 5154304583964144038 2 4
0 1 7 8 
0 1 8 7 

393 4330235324716363482 2 4
7 8 0 3 
8 7 0 3 

424 12792859129086584636 4 4
7 8 3 5 
7 8 5 3 
8 7 5 3 
8 7 3 5 

167 18391477680308716570 1 5
2 1 7 0 5 

402 5215022540671273095 2 4
4 1 7 8 
4 1 8 7 

417 4330235324716363482 2 4
7 8 0 5 
8 7 0 5 

408 5212208834225348329 2 4
4 3 7 8 
4 3 8 7 

151 13775375510504468558 1 5
2 1 7 4 0 

432 8226989252743794708 2 4
4 5 7 8 
4 5 8 7 

401 5797352948732526824 2 4
4 0 7 8 
4 0 8 7 

389 14137384084851175577 2 4
0 2 7 8 
0 2 8 7 

449 13414070224465697082 1 4
6 0 8 7 

456 14469657124809349322 2 4
6 3 7 8 
6 3 8 7 

199 10609408672746393527 1 5
0 6 2 1 7 

480 14306477252083823039 1 4
6 5 8 7 

464 16406621722779782888 2 4
4 6 7 8 
6 4 7 8 

59 17693592925461233102 1 5
1 4 5 0 3 

316 81046485281406982 2 5
2 8 4 3 5 
8 2 4 3 5 

47 14173070418741630691 2 5
1 2 0 3 5 
1 2 0 5 3 

31 1170245664252537767 1 5
1 2 4 0 3 

55 986510523493918134 1 5
1 2 4 5 0 

62 8232652801974800287 1 5
1 2 4 5 3 

107 6531709623783066625 2 5
1 6 3 0 5 
6 1 3 0 5 

364 2569383802085552287 1 5
8 6 2 3 5 

122 16885588460681108952 2 5
1 6 4 3 5 
6 1 4 3 5 

121 17693592925461233102 1 5
6 4 5 0 3 

91 11234597176272507988 2 5
1 6 4 3 0 
6 1 4 3 0 

348 4242848893836926669 1 5
8 4 3 6 2 

115 13559573890680393582 2 5
1 6 4 5 0 
6 1 4 5 0 

372 7526322144178721593 1 5
8 4 5 6 2 

110 7187718677437403762 1 5
1 6 2 3 5 

109 1395085817405049010 2 5
6 2 0 5 3 
6 2 0 3 5 

94 8274216949199480764 1 5
1 6 2 4 3 

93 27770994327333137 1 5
6 2 4 0 3 

118 17665058310503640421 1 5
1 4 5 6 2 

124 6610907291125018627 1 5
6 2 4 5 3 

117 5703564076294737944 1 5
6 2 4 5 0 

171 1395085817405049010 2 5
1 7 0 5 3 
1 7 0 3 5 

186 6610907291125018627 1 5
1 7 4 5 3 

179 5703564076294737944 1 5
1 7 4 5 0 

155 27770994327333137 1 5
1 7 4 0 3 

174 379923436499829735 1 5
2 1 7 3 5 

173 202164546014951095 2 5
2 7 3 0 5 
7 2 3 0 5 

157 16533786267600328685 2 5
2 7 4 3 0 
7 2 4 3 0 

158 6946320677797669053 2 5
2 1 7 4 3 
2 4 3 1 7 

182 9948523620521210810 1 5
2 4 5 1 7 

188 17583430961032749130 2 5
2 7 4 3 5 
7 2 4 3 5 

181 15844832318260519770 2 5
2 7 4 5 0 
7 2 4 5 0 

203 9473656837808621599 1 5
6 1 7 3 0 

234 4575739162538219488 1 5
6 1 7 3 5 

233 11713236186533802091 1 5
6 7 0 5 3 

227 4657262304987780067 1 5
6 1 7 0 5 

211 17365328785436175962 1 5
6 1 7 4 0 

218 10151104133732085890 1 5
6 1 7 4 3 

217 3215333277239024170 1 5
6 7 4 0 3 

242 18252339766879522175 1 5
6 4 5 1 7 

248 16889098967572189299 1 5
6 7 4 5 3 

241 17833955970284866470 1 5
6 7 4 5 0 

205 489822579494902524 1 5
7 6 2 3 0 

206 7312885696668073972 2 5
3 1 7 6 2 
3 6 2 1 7 

230 17924674652927904615 1 5
5 6 2 1 7 

229 5000474503688007131 1 5
7 6 2 0 5 

236 3502193146163856052 1 5
7 6 2 3 5 

213 16489777395842598955 1 5
7 6 2 4 0 

214 3583861990886220277 1 5
4 1 7 6 2 

244 585101559960790580 1 5
7 4 5 6 2 

220 2156186079903720028 2 5
7 4 3 6 2 
7 6 2 4 3 

314 6610907291125018627 1 5
1 8 4 5 3 

302 17907995096785573956 1 5
2 1 8 3 5 

301 3432924962093456341 2 5
2 8 3 0 5 
8 2 3 0 5 

286 13554595154202197499 1 5
2 4 3 1 8 

310 10600371796453973232 1 5
2 4 5 1 8 

285 2561888734602669370 2 5
2 8 4 3 0 
8 2 4 3 0 

309 8567958630208485199 2 5
2 8 4 5 0 
8 2 4 5 0 

376 428222013536612906 1 5
6 8 4 5 3 

333 387270925465581669 1 5
8 6 2 3 0 

357 456545500190661993 1 5
8 6 2 0 5 

395 857718429284003830 2 5
0 3 1 7 8 
0 3 1 8 7 

419 857718429284003830 2 5
0 5 1 7 8 
0 5 1 8 7 

426 4748031130015348873 4 5
3 5 1 7 8 
3 5 1 8 7 
5 3 1 7 8 
5 3 1 8 7 

410 16426964197223592242 2 5
4 3 1 7 8 
4 3 1 8 7 

425 1715469498919816033 4 5
7 8 0 5 3 
7 8 0 3 5 
8 7 0 3 5 
8 7 0 5 3 

