bhabha2pb[0,0,0,0,0,0,0,0,0]*(-2*a6-a3-a0-a7-a4+d)
bhabha2pb[1,0,0,0,0,0,-1,0,0]*(-a0)
bhabha2pb[1,0,0,0,0,0,0,0,0]*(-4*a0)
bhabha2pb[0,0,0,0,0,0,0,1,0]*(a7)
bhabha2pb[0,0,0,1,0,0,-1,0,0]*(-a3)
bhabha2pb[0,0,0,1,0,0,0,0,0]*(a3)
bhabha2pb[0,-1,0,0,1,0,0,0,0]*(a4)
bhabha2pb[0,0,0,0,0,0,-1,1,0]*(-a7)
bhabha2pb[0,0,0,0,1,0,-1,0,0]*(-a4)
bhabha2pb[0,0,0,0,1,0,0,0,0]*(eta*a4+a4)

bhabha2pb[0,0,0,0,0,0,0,0,0]*(-a4+d-2*a1-a8-a5-a2)
bhabha2pb[0,1,0,0,0,0,0,0,0]*(-2*eta*a1-2*a1)
bhabha2pb[0,-1,1,0,0,0,0,0,0]*(-a2)
bhabha2pb[0,0,0,0,0,0,0,0,1]*(-eta*a8)
bhabha2pb[0,0,1,0,0,0,0,0,0]*(-eta*a2-5*a2)
bhabha2pb[0,-1,0,0,1,0,0,0,0]*(-a4)
bhabha2pb[0,-1,0,0,0,0,0,0,1]*(-a8)
bhabha2pb[0,0,0,0,1,0,-1,0,0]*(a4)
bhabha2pb[0,0,0,0,1,0,0,0,0]*(-eta*a4-a4)
bhabha2pb[0,-1,0,0,0,1,0,0,0]*(-a5)
bhabha2pb[0,0,0,0,0,1,0,0,0]*(-eta*a5)

bhabha2pb[0,0,0,0,0,0,0,0,0]*(a3-a0)
bhabha2pb[1,0,0,-1,0,0,0,0,0]*(a0)
bhabha2pb[1,0,0,0,0,0,0,0,0]*(-2*a0)
bhabha2pb[-1,0,0,1,0,0,0,0,0]*(-a3)
bhabha2pb[0,0,0,0,0,0,0,1,0]*(-11*a7)
bhabha2pb[-1,0,0,0,1,0,0,0,0]*(-a4)
bhabha2pb[0,0,-1,0,1,0,0,0,0]*(a4)
bhabha2pb[0,0,0,-1,1,0,0,0,0]*(a4)
bhabha2pb[0,0,0,0,1,0,0,0,-1]*(-a4)
bhabha2pb[-1,0,0,0,0,0,1,0,0]*(-a6)
bhabha2pb[0,0,0,-1,0,0,1,0,0]*(a6)
bhabha2pb[0,0,0,0,0,0,1,0,0]*(-5*a6)
bhabha2pb[-1,0,0,0,0,0,0,1,0]*(-a7)
bhabha2pb[0,0,0,-1,0,0,0,1,0]*(a7)

bhabha2pb[0,1,-1,0,0,0,0,0,0]*(-a1)
bhabha2pb[0,1,0,0,0,0,0,0,-1]*(a1)
bhabha2pb[0,1,0,0,0,0,0,0,0]*(-5*a1)
bhabha2pb[0,0,0,0,0,0,0,0,0]*(a8-a2)
bhabha2pb[0,0,1,0,0,0,0,0,-1]*(a2)
bhabha2pb[0,0,1,0,0,0,0,0,0]*(-2*a2)
bhabha2pb[-1,0,0,0,1,0,0,0,0]*(a4)
bhabha2pb[0,0,-1,0,1,0,0,0,0]*(-a4)
bhabha2pb[0,0,0,-1,1,0,0,0,0]*(-a4)
bhabha2pb[0,0,0,0,1,0,0,0,-1]*(a4)
bhabha2pb[0,0,-1,0,0,1,0,0,0]*(-a5)
bhabha2pb[0,0,0,0,0,1,0,0,-1]*(a5)
bhabha2pb[0,0,0,0,0,1,0,0,0]*(-11*a5)
bhabha2pb[0,0,-1,0,0,0,0,0,1]*(-a8)

bhabha2pb[1,0,0,-1,0,0,0,0,0]*(-a0)
bhabha2pb[1,0,0,0,0,0,-1,0,0]*(a0)
bhabha2pb[1,0,0,0,0,0,0,0,0]*(4*a0)
bhabha2pb[0,0,0,0,0,0,0,0,0]*(a6-a3)
bhabha2pb[0,0,0,1,0,0,-1,0,0]*(a3)
bhabha2pb[0,0,0,1,0,0,0,0,0]*(-a3)
bhabha2pb[0,-1,0,0,1,0,0,0,0]*(-a4)
bhabha2pb[0,0,0,-1,1,0,0,0,0]*(-a4)
bhabha2pb[0,0,0,0,1,0,-1,0,0]*(a4)
bhabha2pb[0,0,0,0,1,0,0,0,-1]*(a4)
bhabha2pb[0,0,0,0,1,0,0,0,0]*(-eta*a4-a4)
bhabha2pb[0,0,0,-1,0,0,1,0,0]*(-a6)
bhabha2pb[0,0,0,0,0,0,0,1,0]*(4*a7)
bhabha2pb[0,0,0,0,0,0,1,0,0]*(a6)
bhabha2pb[0,0,0,-1,0,0,0,1,0]*(-a7)
bhabha2pb[0,0,0,0,0,0,-1,1,0]*(a7)

bhabha2pb[0,0,0,0,0,0,0,0,0]*(a1-a8)
bhabha2pb[0,1,0,0,0,0,0,0,-1]*(-a1)
bhabha2pb[0,1,0,0,0,0,0,0,0]*(eta*a1+2*a1)
bhabha2pb[0,-1,1,0,0,0,0,0,0]*(a2)
bhabha2pb[0,0,1,0,0,0,0,0,-1]*(-a2)
bhabha2pb[0,0,1,0,0,0,0,0,0]*(eta*a2+5*a2)
bhabha2pb[0,-1,0,0,1,0,0,0,0]*(a4)
bhabha2pb[0,0,0,-1,1,0,0,0,0]*(a4)
bhabha2pb[0,0,0,0,1,0,-1,0,0]*(-a4)
bhabha2pb[0,0,0,0,1,0,0,0,-1]*(-a4)
bhabha2pb[0,0,0,0,1,0,0,0,0]*(eta*a4+a4)
bhabha2pb[0,-1,0,0,0,1,0,0,0]*(a5)
bhabha2pb[0,0,0,0,0,1,0,0,-1]*(-a5)
bhabha2pb[0,0,0,0,0,1,0,0,0]*(5*a5+eta*a5)
bhabha2pb[0,-1,0,0,0,0,0,0,1]*(a8)
bhabha2pb[0,0,0,0,0,0,0,0,1]*(eta*a8)

bhabha2pb[1,0,0,0,0,0,-1,0,0]*(a0)
bhabha2pb[1,0,0,0,0,0,0,-1,0]*(-a0)
bhabha2pb[1,0,0,0,0,0,0,0,0]*(-2*a0)
bhabha2pb[0,0,0,1,0,0,-1,0,0]*(a3)
bhabha2pb[0,0,0,1,0,0,0,-1,0]*(-a3)
bhabha2pb[0,0,0,1,0,0,0,0,0]*(4*a3)
bhabha2pb[0,-1,0,0,1,0,0,0,0]*(-a4)
bhabha2pb[0,0,0,0,1,-1,0,0,0]*(a4)
bhabha2pb[0,0,0,0,1,0,-1,0,0]*(a4)
bhabha2pb[0,0,0,0,1,0,0,-1,0]*(-a4)
bhabha2pb[0,0,0,0,1,0,0,0,0]*(-eta*a4-a4)
bhabha2pb[0,0,0,0,0,0,0,0,0]*(a6-a7)
bhabha2pb[0,0,0,0,0,0,1,-1,0]*(-a6)
bhabha2pb[0,0,0,0,0,0,1,0,0]*(a6)
bhabha2pb[0,0,0,0,0,0,-1,1,0]*(a7)
bhabha2pb[0,0,0,0,0,0,0,1,0]*(-a7)

bhabha2pb[0,0,0,0,0,0,0,0,0]*(a1-a5)
bhabha2pb[0,1,0,0,0,-1,0,0,0]*(-a1)
bhabha2pb[0,1,0,0,0,0,0,0,0]*(eta*a1+2*a1)
bhabha2pb[0,-1,1,0,0,0,0,0,0]*(a2)
bhabha2pb[0,0,1,0,0,-1,0,0,0]*(-a2)
bhabha2pb[0,0,1,0,0,0,0,0,0]*(eta*a2-a2)
bhabha2pb[0,-1,0,0,1,0,0,0,0]*(a4)
bhabha2pb[0,0,0,0,1,-1,0,0,0]*(-a4)
bhabha2pb[0,0,0,0,1,0,-1,0,0]*(-a4)
bhabha2pb[0,0,0,0,1,0,0,-1,0]*(a4)
bhabha2pb[0,0,0,0,1,0,0,0,0]*(eta*a4+a4)
bhabha2pb[0,-1,0,0,0,1,0,0,0]*(a5)
bhabha2pb[0,0,0,0,0,0,0,0,1]*(5*a8+eta*a8)
bhabha2pb[0,0,0,0,0,1,0,0,0]*(eta*a5)
bhabha2pb[0,-1,0,0,0,0,0,0,1]*(a8)
bhabha2pb[0,0,0,0,0,-1,0,0,1]*(-a8)

bhabha2pb[0,0,0,0,0,0,0,0,0]*(a4-a1)
bhabha2pb[0,1,0,0,-1,0,0,0,0]*(a1)
bhabha2pb[0,1,0,0,0,0,-1,0,0]*(-a1)
bhabha2pb[0,1,0,0,0,0,0,0,0]*(-eta*a1-a1)
bhabha2pb[-1,0,1,0,0,0,0,0,0]*(-a2)
bhabha2pb[0,-1,1,0,0,0,0,0,0]*(-a2)
bhabha2pb[0,0,1,0,-1,0,0,0,0]*(a2)
bhabha2pb[0,0,1,0,0,0,0,0,0]*(-eta*a2-5*a2)
bhabha2pb[0,-1,0,0,1,0,0,0,0]*(-a4)
bhabha2pb[0,0,0,0,0,0,0,0,1]*(-eta*a8)
bhabha2pb[0,0,0,0,1,0,-1,0,0]*(a4)
bhabha2pb[0,0,0,0,1,0,0,0,0]*(-eta*a4-a4)
bhabha2pb[0,-1,0,0,0,1,0,0,0]*(-a5)
bhabha2pb[0,0,0,0,-1,1,0,0,0]*(a5)
bhabha2pb[0,0,0,0,0,1,0,-1,0]*(-a5)
bhabha2pb[0,0,0,0,0,1,0,0,0]*(-eta*a5)
bhabha2pb[0,-1,0,0,0,0,0,0,1]*(-a8)
bhabha2pb[0,0,0,-1,0,0,0,0,1]*(-a8)
bhabha2pb[0,0,0,0,-1,0,0,0,1]*(a8)

bhabha2pb[1,0,-1,0,0,0,0,0,0]*(-a0)
bhabha2pb[1,0,0,0,-1,0,0,0,0]*(a0)
bhabha2pb[1,0,0,0,0,0,-1,0,0]*(-a0)
bhabha2pb[1,0,0,0,0,0,0,0,0]*(-4*a0)
bhabha2pb[0,0,0,1,-1,0,0,0,0]*(a3)
bhabha2pb[0,0,0,1,0,0,-1,0,0]*(-a3)
bhabha2pb[0,0,0,1,0,0,0,0,-1]*(-a3)
bhabha2pb[0,0,0,1,0,0,0,0,0]*(a3)
bhabha2pb[0,-1,0,0,1,0,0,0,0]*(a4)
bhabha2pb[0,0,0,0,0,0,0,0,0]*(-a6+a4)
bhabha2pb[0,0,0,0,1,0,-1,0,0]*(-a4)
bhabha2pb[0,0,0,0,1,0,0,0,0]*(eta*a4+a4)
bhabha2pb[0,-1,0,0,0,0,1,0,0]*(-a6)
bhabha2pb[0,0,0,0,-1,0,1,0,0]*(a6)
bhabha2pb[0,0,0,0,0,0,0,1,0]*(a7)
bhabha2pb[0,0,0,0,0,0,1,0,0]*(-a6-a6*eta)
bhabha2pb[0,0,0,0,-1,0,0,1,0]*(a7)
bhabha2pb[0,0,0,0,0,-1,0,1,0]*(-a7)
bhabha2pb[0,0,0,0,0,0,-1,1,0]*(-a7)

