464 10220627191361430879 2 4
4 8 7 6 
8 4 7 6 

456 14328181293109209425 2 4
3 8 6 7 
8 3 6 7 

450 10083773938285380914 2 4
1 8 7 6 
1 8 6 7 

432 1677071180347565230 2 4
4 8 7 5 
8 4 7 5 

424 2834274728191520143 2 4
3 8 5 7 
8 3 5 7 

418 7150496180077738619 2 4
1 8 7 5 
1 8 5 7 

408 1324427476534020738 2 4
7 8 4 3 
8 7 4 3 

402 15804328657059468321 2 4
4 7 1 8 
7 4 1 8 

401 1324427476534020738 2 4
4 8 7 0 
8 4 7 0 

389 5016506510118623072 1 4
2 8 7 0 

394 7280204158998552156 2 4
3 7 1 8 
7 3 1 8 

393 12190912153274299044 2 4
3 8 0 7 
8 3 0 7 

387 15896268698264125057 2 4
1 8 7 0 
1 8 0 7 

368 7978115995136584964 2 4
4 8 6 5 
8 4 6 5 

360 1565269416706941484 2 4
3 8 6 5 
8 3 6 5 

340 3805130584539846122 2 4
6 8 2 4 
8 6 2 4 

83 16759578986255104721 1 4
1 4 0 6 

210 14412209275766129787 2 4
1 4 6 7 
1 4 7 6 

337 16795696787755097424 2 4
4 8 6 0 
8 4 6 0 

77 5652743757154986394 2 4
2 3 0 6 
2 3 6 0 

204 9148324566245364505 2 4
2 3 6 7 
2 3 7 6 

198 1723403238249553665 1 4
1 2 7 6 

325 14895754513157996583 1 4
2 8 0 6 

57 11459320056471732761 8 4
0 5 4 3 
0 5 3 4 
3 4 0 5 
3 4 5 0 
4 3 0 5 
4 3 5 0 
5 0 4 3 
5 0 3 4 

184 7556829846088060811 4 4
5 7 3 4 
5 7 4 3 
7 5 4 3 
7 5 3 4 

54 16768455110108610199 1 4
1 5 2 4 

53 538148221360111179 2 4
2 4 0 5 
2 4 5 0 

180 13218093798832817714 2 4
2 4 5 7 
2 4 7 5 

58 10719626107048014941 1 4
1 5 3 4 

312 9814777025806158908 2 4
5 8 3 4 
8 5 3 4 

308 17376174621631074233 2 4
5 8 2 4 
8 5 2 4 

51 16759578986255104721 1 4
1 4 0 5 

178 698476773254776664 2 4
1 4 5 7 
1 4 7 5 

305 10601132076907988804 2 4
4 8 5 0 
8 4 5 0 

45 5652743757154986394 2 4
2 3 0 5 
2 3 5 0 

172 721363636204786597 2 4
2 3 5 7 
2 3 7 5 

170 7524780861938553064 1 4
1 3 7 5 

297 4446902436670469379 2 4
3 8 5 0 
8 3 5 0 

30 4088248844377782098 1 4
1 2 3 4 

27 16759578986255104721 1 4
1 0 4 3 

154 16759578986255104721 1 4
1 7 3 4 

281 12190912153274299044 2 4
0 8 3 4 
8 0 3 4 

261 7079035452611023820 2 3
2 0 8 
2 8 0 

7 2446769751716966773 1 3
1 2 0 

134 5082047771224474978 1 3
1 2 7 

71 11049750746152875706 1 4
1 2 0 6 

328 6685545127694246695 6 3
3 6 8 
3 8 6 
6 3 8 
6 8 3 
8 6 3 
8 3 6 

74 9951756003203208658 2 3
1 3 6 
1 6 3 

304 754205998099296360 6 3
4 5 8 
4 8 5 
5 4 8 
5 8 4 
8 5 4 
8 4 5 

50 10706753935364593016 2 3
1 4 5 
1 5 4 

38 7376325736343524804 1 3
1 2 5 

165 4423814767766154257 2 4
2 5 7 0 
2 7 5 0 

42 12129649998618649867 2 3
1 3 5 
1 5 3 

70 7376325736343524804 1 3
1 2 6 

197 14838374887901921718 2 4
2 6 7 0 
2 7 6 0 

265 12260785478939447192 6 3
0 3 8 
0 8 3 
3 0 8 
3 8 0 
8 3 0 
8 0 3 

138 12254329342543767602 2 3
1 3 7 
1 7 3 

11 10706753935364593016 2 3
1 0 3 
1 3 0 

324 17308706493561181969 2 3
2 6 8 
2 8 6 

67 7698985776645440831 2 3
1 0 6 
1 6 0 

194 17258787824257198352 2 3
1 6 7 
1 7 6 

336 14860785610888650053 6 3
4 6 8 
4 8 6 
6 4 8 
6 8 4 
8 6 4 
8 4 6 

82 10706753935364593016 2 3
1 4 6 
1 6 4 

100 1138615150468756731 2 3
2 5 6 
2 6 5 

354 5212208834225348329 2 4
1 8 6 5 
1 8 5 6 

292 2050384807609013440 2 3
2 5 8 
2 8 5 

35 7698985776645440831 2 3
1 0 5 
1 5 0 

162 12585292063867719537 2 3
1 5 7 
1 7 5 

390 5448192518700021678 1 4
2 7 1 8 

133 13169041084928452734 2 3
2 0 7 
2 7 0 

22 34567198311333547 1 3
1 2 4 

149 538148221360111179 2 4
2 4 0 7 
2 4 7 0 

273 6906529405458791006 6 3
0 4 8 
0 8 4 
4 0 8 
4 8 0 
8 4 0 
8 0 4 

19 12254329342543767602 2 3
1 0 4 
1 4 0 

400 2728381371886174304 6 3
4 7 8 
4 8 7 
7 4 8 
7 8 4 
8 7 4 
8 4 7 

146 10706753935364593016 2 3
1 4 7 
1 7 4 

164 10683451536256038907 2 3
2 5 7 
2 7 5 

291 15896268698264125057 2 4
1 8 5 0 
1 8 0 5 

196 10997618988909527942 2 3
2 6 7 
2 7 6 

323 15896268698264125057 2 4
1 8 6 0 
1 8 0 6 

296 4383011346216368874 6 3
3 5 8 
3 8 5 
5 3 8 
5 8 3 
8 5 3 
8 3 5 

39 11049750746152875706 1 4
1 2 0 5 

166 3915815523620298190 1 4
1 2 7 5 

293 2875865628397869333 1 4
2 8 0 5 

98 3870621583062396010 2 3
1 5 6 
1 6 5 

14 15856105661815150882 1 3
1 2 3 

141 5652743757154986394 2 4
2 3 0 7 
2 3 7 0 

78 9864101977708963931 1 4
1 6 2 3 

46 4247386714435039317 1 4
1 5 2 3 

43 10719626107048014941 1 4
1 3 5 0 

300 12216278132886192537 2 4
5 8 2 3 
8 5 2 3 

23 10115151269629933401 1 4
1 0 4 2 

150 6773607298540130723 1 4
1 7 2 4 

277 8606922768904931923 2 4
0 8 2 4 
8 0 2 4 

388 2097843547902054634 2 3
2 7 8 
2 8 7 

131 7698985776645440831 2 3
1 0 7 
1 7 0 

26 7698985776645440831 2 3
1 3 4 
1 4 3 

153 11459320056471732761 8 4
0 7 4 3 
0 7 3 4 
3 4 0 7 
3 4 7 0 
4 3 0 7 
4 3 7 0 
7 0 4 3 
7 0 3 4 

262 8088271910182889539 1 3
2 1 8 

392 6906529405458791006 6 3
3 7 8 
3 8 7 
7 3 8 
7 8 3 
8 7 3 
8 3 7 

135 12168147926743329380 1 4
1 2 7 0 

15 12140947849512718532 1 4
1 0 2 3 

142 4757070428140014417 1 4
1 7 3 2 

269 16892891543685540662 2 4
0 8 2 3 
8 0 2 3 

332 2260815597828500644 2 4
6 8 2 3 
8 6 2 3 

75 9074099179021290713 1 4
1 3 6 0 

202 13572405524771744665 1 4
1 3 7 6 

329 3901329116633072165 2 4
3 8 6 0 
8 3 6 0 

90 9074099179021290713 1 4
1 6 3 4 

344 12509085929055514178 2 4
6 8 3 4 
8 6 3 4 

85 538148221360111179 2 4
2 4 0 6 
2 4 6 0 

212 5908627406792554259 2 4
2 4 6 7 
2 4 7 6 

86 16768455110108610199 1 4
1 6 2 4 

89 11459320056471732761 8 4
0 6 4 3 
0 6 3 4 
3 4 0 6 
3 4 6 0 
4 3 0 6 
4 3 6 0 
6 0 4 3 
6 0 3 4 

216 9889576315341648160 4 4
6 7 3 4 
6 7 4 3 
7 6 4 3 
7 6 3 4 

106 14398197362158434576 1 4
1 3 6 5 

356 4889729285844001773 1 4
2 8 6 5 

99 12586463095304085354 2 4
1 5 6 0 
1 6 5 0 

226 15236505058129304159 1 4
1 6 5 7 

101 2720963807996256556 2 4
2 5 6 0 
2 6 5 0 

228 4913759542966281814 1 4
2 6 5 7 

102 16802666947620302955 2 4
1 2 5 6 
1 2 6 5 

114 14469657124809349322 2 4
1 4 5 6 
1 4 6 5 

108 9060002604305920166 2 4
5 6 2 3 
6 5 2 3 

120 3092465935444304488 4 4
5 6 3 4 
5 6 4 3 
6 5 4 3 
6 5 3 4 

396 1277798465882004713 2 4
7 8 2 3 
8 7 2 3 

139 16759578986255104721 1 4
1 3 7 0 

116 16827316513946793959 2 4
5 6 2 4 
6 5 2 4 

404 11665309573043334544 2 4
7 8 4 2 
8 7 4 2 

147 16759578986255104721 1 4
1 4 0 7 

420 4637628182855378278 1 4
2 8 7 5 

163 2506011958774662217 2 4
1 5 7 0 
1 7 5 0 

452 17217852831418565769 1 4
2 8 7 6 

195 993176294303415770 2 4
1 6 7 0 
1 7 6 0 

267 2094911513554197192 2 4
0 3 1 8 
3 0 1 8 

270 8484860582163856143 1 4
1 8 2 3 

6 12893131977844289213 1 2
1 2 

263 11245768051194812997 1 4
2 0 1 8 

282 15896268698264125057 2 4
1 8 4 3 
1 8 3 4 

275 7280204158998552156 2 4
0 4 1 8 
4 0 1 8 

278 12670692617521850006 1 4
1 8 2 4 

298 3478747661551817760 2 4
3 5 1 8 
5 3 1 8 

37 13169041084928452734 2 3
2 0 5 
2 5 0 

294 7012590068470323928 1 4
2 5 1 8 

306 17551861176896189898 2 4
4 5 1 8 
5 4 1 8 

330 4716873402830925691 2 4
3 6 1 8 
6 3 1 8 

69 13169041084928452734 2 3
2 0 6 
2 6 0 

326 5754215135139879038 1 4
2 6 1 8 

338 4415345656511538872 2 4
4 6 1 8 
6 4 1 8 

