464 78324714845983665 2 4
4 8 7 6 
8 4 7 6 

456 12284499012358340592 2 4
3 8 6 7 
8 3 6 7 

432 1677071180347565230 2 4
4 8 7 5 
8 4 7 5 

450 5212208834225348329 2 4
1 8 7 6 
1 8 6 7 

424 2834274728191520143 2 4
3 8 5 7 
8 3 5 7 

418 7150496180077738619 2 4
1 8 7 5 
1 8 5 7 

408 1324427476534020738 2 4
7 8 4 3 
8 7 4 3 

402 15804328657059468321 2 4
4 7 1 8 
7 4 1 8 

401 1324427476534020738 2 4
4 8 7 0 
8 4 7 0 

394 7280204158998552156 2 4
3 7 1 8 
7 3 1 8 

389 7882641776152345267 1 4
2 8 0 7 

393 12190912153274299044 2 4
3 8 0 7 
8 3 0 7 

387 15896268698264125057 2 4
1 8 7 0 
1 8 0 7 

360 10973053315592579656 2 4
3 8 6 5 
8 3 6 5 

368 2974813683649203891 2 4
4 8 6 5 
8 4 6 5 

340 7421011024609833041 2 4
6 8 4 2 
8 6 4 2 

83 16759578986255104721 1 4
1 4 0 6 

210 14469657124809349322 2 4
1 4 6 7 
1 4 7 6 

337 14772881018774504782 2 4
4 8 6 0 
8 4 6 0 

198 7454658092380111287 1 4
1 2 6 7 

325 6730372216723839078 1 4
2 8 0 6 

77 3362868561759045800 2 4
2 3 0 6 
2 3 6 0 

204 1938834321505587715 2 4
6 7 2 3 
7 6 2 3 

54 5465365031782557148 1 4
1 5 2 4 

57 11459320056471732761 8 4
0 5 4 3 
0 5 3 4 
3 4 0 5 
3 4 5 0 
4 3 0 5 
4 3 5 0 
5 0 4 3 
5 0 3 4 

184 7556829846088060811 4 4
5 7 3 4 
5 7 4 3 
7 5 4 3 
7 5 3 4 

53 17731738293429582051 2 4
2 4 0 5 
2 4 5 0 

180 2358159267823301674 2 4
2 4 5 7 
2 4 7 5 

58 10719626107048014941 1 4
1 5 3 4 

312 9814777025806158908 2 4
5 8 3 4 
8 5 3 4 

308 14349189778288434316 2 4
5 8 2 4 
8 5 2 4 

51 16759578986255104721 1 4
1 4 0 5 

178 698476773254776664 2 4
1 4 5 7 
1 4 7 5 

305 10601132076907988804 2 4
4 8 5 0 
8 4 5 0 

45 3362868561759045800 2 4
2 3 0 5 
2 3 5 0 

172 16392529982263550619 2 4
2 3 5 7 
2 3 7 5 

170 7524780861938553064 1 4
1 3 7 5 

297 4446902436670469379 2 4
3 8 5 0 
8 3 5 0 

30 12215618381554643788 1 4
1 2 4 3 

27 16759578986255104721 1 4
1 0 4 3 

154 16759578986255104721 1 4
1 7 3 4 

281 12190912153274299044 2 4
0 8 3 4 
8 0 3 4 

7 1762681363669438979 1 3
1 2 0 

134 13955505473125292335 1 3
1 2 7 

261 14065530319751171320 2 3
2 0 8 
2 8 0 

71 12828472839676708695 1 4
1 2 6 0 

328 10119835076175303803 6 3
3 6 8 
3 8 6 
6 3 8 
6 8 3 
8 6 3 
8 3 6 

74 2194224039831407595 2 3
1 3 6 
1 6 3 

304 754205998099296360 6 3
4 5 8 
4 8 5 
5 4 8 
5 8 4 
8 5 4 
8 4 5 

50 10706753935364593016 2 3
1 4 5 
1 5 4 

42 12129649998618649867 2 3
1 3 5 
1 5 3 

38 6569585470782509785 1 3
1 2 5 

165 13027210322543618884 2 4
2 5 7 0 
2 7 5 0 

70 6569585470782509785 1 3
1 2 6 

197 451013184703211533 2 4
2 6 7 0 
2 7 6 0 

265 12260785478939447192 6 3
0 3 8 
0 8 3 
3 0 8 
3 8 0 
8 3 0 
8 0 3 

138 12254329342543767602 2 3
1 3 7 
1 7 3 

11 10706753935364593016 2 3
1 0 3 
1 3 0 

324 11486002578667845048 2 3
2 6 8 
2 8 6 

67 7698985776645440831 2 3
1 0 6 
1 6 0 

194 3870621583062396010 2 3
1 6 7 
1 7 6 

336 13119232308241019096 6 3
4 6 8 
4 8 6 
6 4 8 
6 8 4 
8 6 4 
8 4 6 

82 10706753935364593016 2 3
1 4 6 
1 6 4 

100 926576928809163929 2 3
2 5 6 
2 6 5 

354 10083773938285380914 2 4
1 8 6 5 
1 8 5 6 

292 17207539682422874877 2 3
2 5 8 
2 8 5 

35 7698985776645440831 2 3
1 0 5 
1 5 0 

162 12585292063867719537 2 3
1 5 7 
1 7 5 

390 9355354659518124807 1 4
2 7 1 8 

133 15527075883780331159 2 3
2 0 7 
2 7 0 

22 694322723988026765 1 3
1 2 4 

149 17731738293429582051 2 4
2 4 0 7 
2 4 7 0 

14 4039936481194117612 1 3
1 2 3 

141 3362868561759045800 2 4
2 3 0 7 
2 3 7 0 

262 15462241420311287967 1 3
2 1 8 

392 6906529405458791006 6 3
3 7 8 
3 8 7 
7 3 8 
7 8 3 
8 7 3 
8 3 7 

135 17968685746564567991 1 4
1 2 0 7 

26 7698985776645440831 2 3
1 3 4 
1 4 3 

153 11459320056471732761 8 4
0 7 4 3 
0 7 3 4 
3 4 0 7 
3 4 7 0 
4 3 0 7 
4 3 7 0 
7 0 4 3 
7 0 3 4 

273 6906529405458791006 6 3
0 4 8 
0 8 4 
4 0 8 
4 8 0 
8 4 0 
8 0 4 

19 12254329342543767602 2 3
1 0 4 
1 4 0 

400 2728381371886174304 6 3
4 7 8 
4 8 7 
7 4 8 
7 8 4 
8 7 4 
8 4 7 

146 10706753935364593016 2 3
1 4 7 
1 7 4 

164 14845211744745982600 2 3
2 5 7 
2 7 5 

291 15896268698264125057 2 4
1 8 5 0 
1 8 0 5 

196 1648772242061484535 2 3
2 6 7 
2 7 6 

323 15896268698264125057 2 4
1 8 6 0 
1 8 0 6 

296 4383011346216368874 6 3
3 5 8 
3 8 5 
5 3 8 
5 8 3 
8 5 3 
8 3 5 

39 12828472839676708695 1 4
1 2 5 0 

166 9071341412683073501 1 4
1 2 5 7 

293 4016780396962974585 1 4
2 8 5 0 

98 17258787824257198352 2 3
1 5 6 
1 6 5 

78 2464430632632122599 1 4
1 6 3 2 

46 9502919384146779232 1 4
1 5 2 3 

43 10719626107048014941 1 4
1 3 5 0 

300 1159681275841470977 2 4
5 8 2 3 
8 5 2 3 

23 9871424298547199133 1 4
1 0 4 2 

150 6275206848990608800 1 4
1 7 2 4 

277 11282217663018666494 2 4
0 8 2 4 
8 0 2 4 

388 8775718712128090197 2 3
2 7 8 
2 8 7 

131 7698985776645440831 2 3
1 0 7 
1 7 0 

15 1891127826838165910 1 4
1 0 2 3 

142 11277337675792394401 1 4
1 7 3 2 

269 3898550910858680316 2 4
0 8 2 3 
8 0 2 3 

332 7110221263356330112 2 4
6 8 3 2 
8 6 3 2 

75 11494663566962136321 1 4
1 3 6 0 

202 4081560800156872932 1 4
1 3 7 6 

329 5661950775678327259 2 4
3 8 6 0 
8 3 6 0 

90 11494663566962136321 1 4
1 6 3 4 

344 3253483473723675467 2 4
6 8 4 3 
8 6 4 3 

89 11459320056471732761 8 4
0 6 4 3 
0 6 3 4 
3 4 0 6 
3 4 6 0 
4 3 0 6 
4 3 6 0 
6 0 4 3 
6 0 3 4 

216 3092465935444304488 4 4
6 7 3 4 
6 7 4 3 
7 6 4 3 
7 6 3 4 

85 17731738293429582051 2 4
2 4 0 6 
2 4 6 0 

212 3844009848680902780 2 4
6 7 2 4 
7 6 2 4 

86 5465365031782557148 1 4
1 6 2 4 

106 6894937126532847700 1 4
1 3 6 5 

101 15523647992207790689 2 4
2 5 6 0 
2 6 5 0 

228 3152645674961543315 1 4
2 6 7 5 

356 346227752822207307 1 4
2 8 5 6 

99 993176294303415770 2 4
1 5 6 0 
1 6 5 0 

226 15236505058129304159 1 4
1 6 7 5 

102 1679132640297313121 2 4
1 2 5 6 
1 2 6 5 

108 13283274235852626827 2 4
2 3 5 6 
2 3 6 5 

114 14412209275766129787 2 4
1 4 5 6 
1 4 6 5 

396 3989953461109852529 2 4
7 8 2 3 
8 7 2 3 

139 16759578986255104721 1 4
1 3 7 0 

116 5000185650960946852 2 4
2 4 5 6 
2 4 6 5 

120 9889576315341648160 4 4
5 6 3 4 
5 6 4 3 
6 5 4 3 
6 5 3 4 

404 12761703050941918596 2 4
7 8 4 2 
8 7 4 2 

147 16759578986255104721 1 4
1 4 0 7 

420 16789670637292944797 1 4
2 8 5 7 

163 2506011958774662217 2 4
1 5 7 0 
1 7 5 0 

452 6410851279786185087 1 4
2 8 6 7 

195 12586463095304085354 2 4
1 6 7 0 
1 7 6 0 

267 2094911513554197192 2 4
0 3 1 8 
3 0 1 8 

270 2786679408696158804 1 4
1 8 2 3 

6 5413095913782878028 1 2
1 2 

263 9297158312812667404 1 4
2 0 1 8 

275 7280204158998552156 2 4
0 4 1 8 
4 0 1 8 

282 15896268698264125057 2 4
1 8 4 3 
1 8 3 4 

278 14978806857026544919 1 4
1 8 2 4 

298 3478747661551817760 2 4
3 5 1 8 
5 3 1 8 

37 15527075883780331159 2 3
2 0 5 
2 5 0 

294 5324093003999799086 1 4
2 5 1 8 

306 17551861176896189898 2 4
4 5 1 8 
5 4 1 8 

330 11114891034392329100 2 4
3 6 1 8 
6 3 1 8 

69 15527075883780331159 2 3
2 0 6 
2 6 0 

326 15161765558311273081 1 4
2 6 1 8 

338 6534630873780932037 2 4
4 6 1 8 
6 4 1 8 

