500 4690264060970463387 1 6
5 6 4 2 7 8 

504 14202049917491040646 1 6
5 6 4 3 7 8 

498 2671293141858391158 1 6
4 5 6 7 1 8 

497 2777749865511222219 1 6
4 5 6 0 7 8 

492 9432641643743386183 1 6
6 5 3 2 7 8 

486 16549953828584406217 1 6
2 6 5 1 8 7 

485 7039502384837780287 1 6
2 6 5 0 8 7 

490 18441178261630737327 1 6
3 6 5 7 8 1 

489 3099945192206314102 1 6
3 6 5 0 7 8 

483 2181962771972861473 2 6
5 6 0 1 8 7 
6 5 0 1 8 7 

470 6592051746335797449 1 6
6 4 2 1 8 7 

476 14927630136773556095 1 6
6 7 8 4 3 2 

469 15600707729785526996 1 6
6 4 2 0 7 8 

474 5215135097252392653 1 6
6 4 3 7 1 8 

473 11510284918143871 1 6
6 4 3 0 7 8 

467 12440420975317287165 1 6
4 6 0 1 8 7 

462 15575572515182703899 1 6
6 3 2 7 1 8 

461 3314098340074103041 1 6
6 3 2 0 7 8 

455 15418454407426716942 1 6
2 6 0 1 8 7 

459 12129275744581810057 2 6
3 6 0 7 8 1 
6 3 0 7 8 1 

438 4441475349704416958 1 6
5 4 2 7 8 1 

444 351594108838629789 1 6
5 7 8 4 3 2 

437 14433596126297239658 1 6
5 4 2 0 7 8 

442 16171262320598230514 1 6
5 4 3 7 8 1 

430 18042641478921460458 1 6
5 3 2 8 1 7 

441 5411349185744282966 1 6
5 4 3 0 7 8 

435 11939239483861480608 1 6
4 5 0 7 8 1 

429 16434638009003530376 1 6
5 3 2 0 8 7 

423 8394140371349357939 1 6
2 5 0 8 1 7 

427 8345404029737073525 2 6
3 5 0 8 1 7 
5 3 0 8 1 7 

413 12608694191070944987 2 6
0 7 8 4 2 3 
0 8 7 4 2 3 

414 304469453153155936 1 6
4 2 3 1 8 7 

407 7864811656831121569 1 6
4 2 0 1 8 7 

411 8708064433960984980 1 6
4 3 0 1 8 7 

374 16803597032131535922 1 6
6 5 4 2 8 1 

380 15363975974351218581 1 6
8 5 6 4 3 2 

399 1170729572876546724 1 6
2 3 0 1 8 7 

373 1484916358773799593 1 6
5 6 0 8 4 2 

378 4255942261412938188 1 6
5 6 4 3 8 1 

377 5129725427120261134 1 6
5 6 0 8 4 3 

371 10163197106540860394 2 6
4 5 6 0 1 8 
4 6 5 0 8 1 

366 943747877542324773 1 6
5 6 8 1 3 2 

365 10981629814366066471 1 6
5 6 0 8 3 2 

359 17184792496640126460 1 6
2 6 5 0 1 8 

363 9762315288916528668 1 6
3 5 6 0 8 1 

350 2255377924703946894 1 6
6 1 8 4 2 3 

349 81067490099641141 1 6
6 0 8 4 2 3 

343 11317198060044650425 1 6
6 4 2 0 1 8 

347 6393512912603346189 1 6
6 4 3 0 1 8 

318 15898891398020342483 1 6
5 8 1 4 3 2 

335 3011769050317670813 1 6
6 2 3 0 1 8 

311 8978412469012606179 1 6
5 4 2 0 8 1 

317 8623428305896198493 1 6
5 0 8 4 3 2 

303 2614671316816414975 1 6
5 3 2 0 8 1 

315 15022413438960191756 1 6
5 4 3 0 8 1 

287 351876500291788945 2 6
4 2 3 0 1 8 
4 2 3 0 8 1 

252 2571674252120009222 1 6
7 5 6 4 3 2 

246 11621209367208804030 1 6
5 6 4 2 7 1 

245 6435762453992137788 1 6
5 6 4 2 0 7 

250 11474609215527275734 1 6
5 6 4 3 7 1 

249 5810565818325473303 1 6
5 6 4 3 0 7 

238 12739782997432523775 1 6
6 5 7 1 3 2 

237 10311238865242744327 1 6
6 5 0 7 3 2 

243 4863526469321540517 1 6
4 5 6 0 7 1 

231 14525328179703613965 1 6
2 6 5 0 1 7 

235 14942505778998425332 1 6
3 6 5 0 7 1 

215 3260807311449148114 1 6
6 4 2 0 7 1 

222 7140398900620464058 1 6
6 7 1 4 3 2 

221 8248575508953973470 1 6
6 0 7 4 3 2 

219 8068917562345419262 1 6
6 4 3 0 7 1 

207 18150751444965489519 1 6
6 3 2 0 7 1 

190 4799838813971333044 1 6
5 7 1 4 2 3 

189 17978176295317442500 1 6
5 0 7 4 2 3 

183 9408137194219350813 1 6
5 4 2 0 7 1 

187 6802562284545306332 1 6
5 4 3 0 7 1 

175 6652646567930848412 1 6
5 2 3 0 7 1 

125 9352123968774994582 2 6
0 5 6 4 2 3 
0 6 5 4 2 3 

159 2534918852481463939 2 6
0 1 7 4 2 3 
0 7 1 4 2 3 

119 9787520981092383312 1 6
6 5 0 1 4 2 

126 16037547656495342890 1 6
1 6 5 4 2 3 

111 8373297252142259734 1 6
6 5 0 1 2 3 

95 4408760411077078034 1 6
6 0 1 4 2 3 

123 3007499277288837519 1 6
6 5 0 1 4 3 

63 15425035904778420829 1 6
5 0 1 4 2 3 

496 416088677868276999 1 5
4 5 6 7 8 

484 16245803227715113936 1 5
2 6 5 8 7 

488 16990069662827405584 1 5
3 6 5 7 8 

481 18360351758154396682 4 5
5 6 0 7 8 
5 6 0 8 7 
6 5 0 7 8 
6 5 0 8 7 

482 10003363766066939319 2 5
5 6 1 8 7 
6 5 1 8 7 

468 4662041057005656417 1 5
6 4 2 7 8 

472 740183334877632233 1 5
6 4 3 7 8 

466 10267415482572662345 1 5
4 6 1 8 7 

465 15469863296794615247 1 5
4 6 0 7 8 

460 16421250157977898859 1 5
6 7 8 3 2 

454 8413312461752078639 1 5
2 6 1 8 7 

458 8568392270807121372 2 5
3 6 7 8 1 
6 3 7 8 1 

453 5051256342186855588 1 5
2 6 0 8 7 

457 4643913384819275632 2 5
3 6 0 7 8 
6 3 0 7 8 

436 1238189733141341819 1 5
5 4 2 7 8 

434 11358782398472001639 1 5
4 5 7 8 1 

440 4335443733390662786 1 5
5 4 3 7 8 

433 7121080190343099308 1 5
4 5 0 7 8 

428 9535553544685668977 1 5
5 8 7 3 2 

422 6519103190434448134 1 5
2 5 8 1 7 

426 8219797171344022969 2 5
3 5 8 1 7 
5 3 8 1 7 

306 4771278937119862935 1 4
4 5 8 1 

49 12533917308045192969 2 3
0 4 5 
4 0 5 

294 8128878631245624916 1 4
2 5 8 1 

37 365950895112199912 1 3
0 2 5 

298 9227379641990250253 2 4
3 5 8 1 
5 3 8 1 

41 10706753935364593016 2 3
0 3 5 
0 5 3 

278 15994159471286474847 2 4
4 2 1 8 
4 2 8 1 

21 18023404482359739331 1 3
0 4 2 

282 5212208834225348329 2 4
4 3 1 8 
4 3 8 1 

25 11149028268085365730 1 3
0 4 3 

270 412379679195851234 2 4
1 8 2 3 
8 1 2 3 

13 2638051231178126763 1 3
0 2 3 

263 14570014815237657482 2 4
2 0 1 8 
2 0 8 1 

149 7228678476482716055 1 4
0 7 4 2 

406 2038343393891882066 1 5
4 2 1 8 7 

153 15406660600063173003 2 4
0 7 4 3 
4 3 0 7 

410 6089213516061521075 1 5
4 3 1 8 7 

141 11732270948146142319 1 4
0 7 2 3 

398 4258364899289732450 1 5
2 3 1 8 7 

116 4271439170925236879 2 4
5 6 4 2 
6 5 4 2 

120 7869673733365419970 2 4
5 6 4 3 
6 5 4 3 

240 17961104313060641793 1 4
4 7 5 6 

113 10126430060373001654 2 4
0 4 5 6 
0 4 6 5 

370 4007173965859282127 2 5
4 5 6 1 8 
4 6 5 8 1 

114 12708063674698153779 1 4
4 1 6 5 

108 5822849052075809779 2 4
5 6 2 3 
6 5 2 3 

228 1312945561984332145 1 4
2 7 5 6 

101 7492308586370109033 2 4
0 2 5 6 
0 2 6 5 

358 13266936186217145506 1 5
2 6 5 1 8 

102 5387768530431298752 1 4
2 1 6 5 

106 15183985570863556182 2 4
1 3 6 5 
3 1 6 5 

86 4408853658393401155 2 4
1 6 4 2 
6 1 4 2 

232 10247633285845319962 2 4
3 7 6 5 
7 3 6 5 

105 5319217811757418118 2 4
0 3 5 6 
0 3 6 5 

362 3220813728252967273 1 5
3 5 6 8 1 

226 808532758221848463 4 4
5 6 1 7 
5 6 7 1 
6 5 1 7 
6 5 7 1 

99 2590347168206459124 2 4
5 6 0 1 
6 5 0 1 

356 14105867764648075506 1 4
2 8 6 5 

212 13601544821454624594 2 4
6 7 4 2 
7 6 4 2 

85 16439431344825676650 1 4
0 6 4 2 

342 6133225611951770465 1 5
6 4 2 1 8 

90 5526789456813388103 2 4
1 6 4 3 
6 1 4 3 

78 5312817478665644972 2 4
1 6 2 3 
6 1 2 3 

210 1825674171887072038 1 4
4 6 7 1 

83 858386096429394798 1 4
4 6 0 1 

340 8410147584082731935 2 4
6 8 4 2 
8 6 4 2 

216 10983409412583460812 2 4
6 7 4 3 
7 6 4 3 

89 5655568875390600688 1 4
0 6 4 3 

346 941179711251453116 1 5
6 4 3 1 8 

204 17377030143373767722 2 4
6 7 3 2 
7 6 3 2 

77 7427383590521390661 1 4
0 6 2 3 

334 4457260534106320086 1 5
6 1 8 2 3 

54 4184982795053500299 2 4
1 5 4 2 
5 1 4 2 

198 14943486137623339727 1 4
2 6 1 7 

71 16946064239186071747 1 4
2 6 0 1 

328 14860785610888650053 6 3
3 6 8 
3 8 6 
6 3 8 
6 8 3 
8 6 3 
8 3 6 

329 4415345656511538872 2 4
3 6 0 8 
6 3 0 8 

202 2974813683649203891 2 4
3 6 7 1 
6 3 7 1 

75 17551861176896189898 2 4
3 6 0 1 
6 3 0 1 

332 10596207533975216043 2 4
6 8 2 3 
8 6 2 3 

312 9661320979622238147 2 4
5 8 4 3 
8 5 4 3 

55 12069247642484782909 1 5
5 0 1 4 2 

58 6925972535638963533 2 4
1 5 4 3 
5 1 4 3 

145 11149028268085365730 1 3
4 0 7 

402 15236505058129304159 1 4
4 1 8 7 

281 15406660600063173003 2 4
0 8 4 3 
4 3 0 8 

154 10083773938285380914 2 4
4 3 1 7 
4 3 7 1 

27 15406660600063173003 2 4
0 1 4 3 
4 3 0 1 

147 5625766177066252915 2 4
4 0 1 7 
4 0 7 1 

404 17003911425151223448 2 4
4 2 7 8 
4 2 8 7 

274 3870621583062396010 2 3
4 1 8 
4 8 1 

17 17087753756477223945 2 2
0 4 
4 0 

277 7228678476482716055 1 4
0 8 4 2 

150 6202475811658738993 2 4
4 2 1 7 
4 2 7 1 

23 7228678476482716055 1 4
0 1 4 2 

133 3452836694390216900 1 3
2 0 7 

390 15451852832272604736 1 4
2 1 8 7 

269 11732270948146142319 1 4
0 8 2 3 

142 8035172837703071455 2 4
2 3 1 7 
2 3 7 1 

15 11732270948146142319 1 4
0 1 2 3 

293 8963940789032925407 1 4
2 5 0 8 

166 499184667248880037 1 4
2 5 7 1 

39 15626720611115825944 1 4
2 5 0 1 

296 14590248500468714027 6 3
3 5 8 
3 8 5 
5 3 8 
5 8 3 
8 5 3 
8 3 5 

104 11283220846380389061 2 3
3 5 6 
3 6 5 

361 203718896512337090 1 5
3 5 6 0 8 

172 4461556715597118406 2 4
5 7 2 3 
7 5 2 3 

45 7427383590521390661 1 4
0 5 2 3 

302 13799878362460450643 1 5
5 8 1 3 2 

5 14348962063608867451 1 2
0 2 

262 15859317235844097280 2 3
2 1 8 
2 8 1 

300 3377312475203064671 2 4
5 8 3 2 
8 5 3 2 

43 6925972535638963533 2 4
3 5 0 1 
5 3 0 1 

46 3003436925055827575 2 4
1 5 2 3 
5 1 2 3 

69 365950895112199912 1 3
0 2 6 

326 6438281565709784306 1 4
2 6 1 8 

196 3414325899092659325 2 3
2 6 7 
2 7 6 

112 11377997893034778902 2 3
4 5 6 
4 6 5 

369 387364176352384199 1 5
4 5 6 0 8 

180 119969330157895589 2 4
5 7 4 2 
7 5 4 2 

53 16439431344825676650 1 4
0 5 4 2 

310 12672363406129398680 1 5
5 4 2 8 1 

100 2626172503616488871 2 3
2 5 6 
2 6 5 

357 18023029347022377052 1 5
2 6 5 0 8 

209 9355734335757152917 1 4
4 6 0 7 

82 15538808191813614364 2 3
4 1 6 
4 6 1 

339 9818274551808380157 1 5
4 6 0 1 8 

336 10706753935364593016 2 3
4 6 8 
4 8 6 

79 15172830554335273552 1 5
6 0 1 2 3 

200 13119232308241019096 6 3
3 6 7 
3 7 6 
6 3 7 
6 7 3 
7 6 3 
7 3 6 

73 10706753935364593016 2 3
0 3 6 
0 6 3 

330 7978115995136584964 2 4
3 6 8 1 
6 3 8 1 

164 72167144898209111 2 3
2 5 7 
2 7 5 

421 3801368957284373018 1 5
2 5 0 7 8 

146 17258787824257198352 2 3
4 1 7 
4 7 1 

403 6672129407013007123 1 5
4 0 1 8 7 

400 12585292063867719537 2 3
4 7 8 
4 8 7 

143 2360896903878605761 2 5
2 3 0 1 7 
2 3 0 7 1 

19 11149028268085365730 1 3
4 0 1 

273 11149028268085365730 1 3
4 0 8 

275 5215022540671273095 2 4
4 0 1 8 
4 0 8 1 

168 1780203312458342186 6 3
3 5 7 
3 7 5 
5 3 7 
5 7 3 
7 5 3 
7 3 5 

425 1764380526012385433 2 5
3 5 0 8 7 
5 3 0 8 7 

176 16258839135554755291 2 3
4 5 7 
4 7 5 

81 12533917308045192969 2 3
0 4 6 
4 0 6 

338 4771278937119862935 1 4
4 6 1 8 

208 2512533711646785065 2 3
4 6 7 
4 7 6 

97 12879693098386585922 2 3
0 5 6 
0 6 5 

354 11197286858225558775 4 4
5 6 1 8 
5 6 8 1 
6 5 1 8 
6 5 8 1 

224 11283220846380389061 2 3
7 6 5 
7 5 6 

135 1468505418982855792 2 4
2 0 1 7 
2 0 7 1 

165 8480801086287645143 1 4
2 5 0 7 

38 9615212303176925501 2 3
2 1 5 
2 5 1 

295 10264343865643404794 1 5
2 5 0 8 1 

292 9713973698939819375 2 3
2 5 8 
2 8 5 

177 11536386154879626174 1 4
4 5 0 7 

50 10706753935364593016 2 3
4 1 5 
4 5 1 

307 9818274551808380157 1 5
4 5 0 8 1 

304 15538808191813614364 2 3
4 5 8 
4 8 5 

47 7610045334464340827 1 5
5 0 1 2 3 

169 478251313684996637 2 4
3 5 0 7 
5 3 0 7 

197 15958313905125484963 1 4
2 6 0 7 

70 12996052955867411369 2 3
2 1 6 
2 6 1 

327 9218788855992100743 1 5
2 6 0 1 8 

324 7046611945120864492 2 3
2 6 8 
2 8 6 

29 3706246442823514448 1 4
0 4 2 3 

286 8491228138098909255 2 5
1 8 4 2 3 
8 1 4 2 3 

201 6534630873780932037 2 4
3 6 0 7 
6 3 0 7 

74 754205998099296360 6 3
1 3 6 
1 6 3 
3 1 6 
3 6 1 
6 3 1 
6 1 3 

331 17788255648278127647 2 5
3 6 0 8 1 
6 3 0 8 1 

225 2590347168206459124 2 4
5 6 0 7 
6 5 0 7 

98 11283220846380389061 2 3
1 5 6 
1 6 5 

355 16008869278490615878 4 5
5 6 0 1 8 
5 6 0 8 1 
6 5 0 1 8 
6 5 0 8 1 

352 11283220846380389061 2 3
8 6 5 
8 5 6 

184 2892800141054000397 2 4
5 7 4 3 
7 5 4 3 

57 5655568875390600688 1 4
0 5 4 3 

314 18118415435372514499 1 5
5 4 3 8 1 

134 16855916945314738306 2 3
2 1 7 
2 7 1 

391 11523417051807587791 1 5
2 0 1 8 7 

7 3452836694390216900 1 3
2 0 1 

261 3452836694390216900 1 3
2 0 8 

388 17643345585975422253 2 3
2 7 8 
2 8 7 

297 16372862971607241679 2 4
3 5 0 8 
5 3 0 8 

170 4203977922869772278 2 4
3 5 7 1 
5 3 7 1 

305 858386096429394798 1 4
4 5 0 8 

178 13394131481459924451 1 4
4 5 7 1 

51 5655568875390600688 1 4
4 5 0 1 

308 11944718625847891759 2 4
5 8 4 2 
8 5 4 2 

325 10219869829598526856 1 4
2 6 0 8 

337 5655568875390600688 1 4
4 6 0 8 

344 4415345656511538872 2 4
6 8 4 3 
8 6 4 3 

87 6803390393378937973 1 5
6 4 2 0 1 

353 2590347168206459124 2 4
5 6 0 8 
6 5 0 8 

360 4247939009769351187 2 4
3 8 5 6 
8 3 5 6 

103 8818332400921046287 1 5
2 6 5 0 1 

368 12708063674698153779 1 4
4 8 5 6 

389 1740628914952821173 2 4
2 0 7 8 
2 0 8 7 

401 15669754230730330559 2 4
4 0 7 8 
4 0 8 7 

396 4613449199158210250 2 4
2 3 7 8 
2 3 8 7 

408 7150496180077738619 2 4
4 3 7 8 
4 3 8 7 

151 16426382823219404099 2 5
4 2 0 1 7 
4 2 0 7 1 

420 4816126272271678830 1 4
2 5 7 8 

432 678490227004518538 1 4
4 5 7 8 

424 3570514013793875461 2 4
3 5 8 7 
5 3 8 7 

167 17311273292731729487 1 5
2 5 0 7 1 

464 11025324576651510866 1 4
4 6 7 8 

452 10004492164373579426 1 4
2 6 8 7 

456 17015737541233389546 2 4
3 6 7 8 
6 3 7 8 

199 2712068521239983549 1 5
2 6 0 1 7 

480 9182445166795294852 4 4
5 6 7 8 
5 6 8 7 
6 5 7 8 
6 5 8 7 

31 4804099118458562948 1 5
0 1 4 2 3 

59 17385812837556256972 2 5
5 4 3 0 1 
5 0 1 4 3 

316 14433550407386781809 2 5
5 8 4 3 2 
8 5 4 3 2 

61 18239120113802591408 1 5
0 5 4 2 3 

62 2829406964163147212 2 5
1 5 4 2 3 
5 1 4 2 3 

91 12461628978285922084 1 5
6 4 3 0 1 

348 14853188385735878022 2 5
6 8 4 2 3 
8 6 4 2 3 

107 4212801334358916287 1 5
3 6 5 0 1 

364 6465772224008396874 1 5
8 5 6 3 2 

93 18239120113802591408 1 5
0 6 4 2 3 

94 6373381845237504700 2 5
1 6 4 2 3 
6 1 4 2 3 

110 7183102008289920544 1 5
1 6 5 2 3 

115 387364176352384199 1 5
4 6 5 0 1 

372 11518001990802197891 1 5
8 5 6 4 2 

109 15241827841468848989 2 5
0 5 6 2 3 
0 6 5 2 3 

122 16994781508329260547 1 5
1 6 5 4 3 

121 3284742793533649498 2 5
0 5 6 4 3 
0 6 5 4 3 

118 12303429702131767279 1 5
1 6 5 4 2 

117 5052389103155678930 2 5
0 5 6 4 2 
0 6 5 4 2 

155 17788491003375796138 2 5
4 3 0 1 7 
4 3 0 7 1 

412 5056282327455545354 2 5
7 8 4 2 3 
8 7 4 2 3 

124 16398811216189352033 2 5
5 6 4 2 3 
6 5 4 2 3 

157 4804099118458562948 1 5
0 7 4 2 3 

171 8343673672166374860 2 5
3 5 0 7 1 
5 3 0 7 1 

158 9633152860784116990 2 5
1 7 4 2 3 
7 1 4 2 3 

173 18345477041088180045 1 5
5 0 7 2 3 

179 6164048566532039235 1 5
4 5 0 7 1 

174 819566674629021911 1 5
5 2 3 7 1 

185 1242300540920033799 1 5
5 4 3 0 7 

186 4236869687947973035 1 5
5 4 3 7 1 

182 7736584902223619242 1 5
5 4 2 7 1 

181 15074378381107369898 1 5
5 4 2 0 7 

203 15207790335891244739 2 5
3 6 0 7 1 
6 3 0 7 1 

188 7129895273764600642 2 5
5 7 4 2 3 
7 5 4 2 3 

205 1627078745082743401 1 5
6 0 7 3 2 

211 12488310291327487835 1 5
4 6 0 7 1 

206 3156774909916994548 1 5
6 7 1 3 2 

217 3114239447742403246 1 5
6 4 3 0 7 

218 16793913300139424470 1 5
6 4 3 7 1 

213 12708400485472148126 1 5
6 4 2 0 7 

214 12791923723511677150 1 5
6 4 2 7 1 

227 10038813378203498130 4 5
5 6 0 1 7 
5 6 0 7 1 
6 5 0 1 7 
6 5 0 7 1 

220 10164794985758751443 2 5
6 7 4 3 2 
7 6 4 3 2 

233 17283828241110858853 1 5
3 6 5 0 7 

234 11420930645251342159 1 5
3 6 5 7 1 

229 4176743044883413629 1 5
2 5 6 0 7 

230 13756605485682174437 1 5
2 6 5 1 7 

236 16103312629654205031 1 5
7 6 5 3 2 

241 18053044880263441398 1 5
4 5 6 0 7 

248 15955395262216085203 1 5
7 5 6 4 3 

242 10353347691700630250 1 5
4 5 6 7 1 

271 8825374790589242588 2 5
2 3 0 1 8 
2 3 0 8 1 

244 13587914328242138248 1 5
7 5 6 4 2 

283 16426964197223592242 2 5
4 3 0 1 8 
4 3 0 8 1 

279 17546494325474995077 2 5
4 2 0 1 8 
4 2 0 8 1 

285 4804099118458562948 1 5
0 8 4 2 3 

299 3228604939244722632 2 5
3 5 0 8 1 
5 3 0 8 1 

301 17115390800283467914 1 5
5 0 8 3 2 

313 7214780730254914956 1 5
5 4 3 0 8 

309 9565916656266543277 1 5
5 4 2 0 8 

333 14634125360398483920 1 5
6 0 8 2 3 

345 1376178737394475730 2 5
6 4 3 0 8 
6 0 8 4 3 

341 9068506402626058947 1 5
6 0 8 4 2 

376 1283736911869173601 1 5
8 5 6 4 3 

397 15517288313748745962 2 5
2 3 0 7 8 
2 3 0 8 7 

409 1170858302316114891 2 5
4 3 0 7 8 
4 3 0 8 7 

405 1907105251432180694 2 5
4 2 0 7 8 
4 2 0 8 7 

