500 11344629302136147444 1 6
2 4 5 8 7 6 

476 10526041765805554061 1 6
2 4 3 6 7 8 

470 8872072596746055998 2 6
2 4 7 6 8 1 
4 2 7 6 8 1 

469 15189947829034360072 1 6
2 4 0 7 6 8 

485 15529484010090112512 1 6
2 5 0 8 7 6 

492 14569913011339353888 1 6
2 3 5 8 6 7 

461 12114196889712807684 1 6
2 3 0 6 7 8 

486 16977417411675383531 1 6
2 5 8 7 6 1 

455 5710140906686875699 1 6
2 0 7 6 8 1 

462 1576105964809646214 1 6
2 3 6 7 8 1 

504 8859342207282823946 1 6
4 5 3 7 6 8 

497 13871684945835216531 1 6
4 0 5 7 6 8 

473 7301434579393482286 1 6
4 0 3 7 6 8 

498 12056173007617583870 1 6
4 5 7 6 8 1 

474 11917370000372678268 1 6
4 3 7 6 8 1 

490 12401893858806423290 2 6
3 5 7 6 8 1 
5 3 7 6 8 1 

467 4249989382682754141 1 6
4 0 7 6 8 1 

489 200910374871817567 2 6
7 6 8 0 3 5 
7 6 8 0 5 3 

483 4566941094457069941 1 6
0 5 7 6 8 1 

437 15427420877890299884 1 6
2 8 7 4 5 0 

444 14302817073373204237 1 6
2 7 8 4 5 3 

459 4566941094457069941 1 6
0 3 7 6 8 1 

438 1848636818719550088 1 6
2 4 5 8 7 1 

407 1235637519754608028 1 6
2 4 0 7 8 1 

413 10357874502617770285 1 6
2 7 8 4 3 0 

429 15657349044217780885 1 6
2 8 7 5 3 0 

414 14549788970109697493 1 6
2 4 3 7 8 1 

423 239253683799017400 1 6
2 5 0 8 7 1 

399 5179638713247445870 1 6
2 3 0 7 8 1 

430 1793624970813666674 1 6
2 5 3 8 7 1 

441 3174847518806668054 2 6
7 8 4 0 5 3 
8 7 4 0 5 3 

427 9544055309888083516 4 6
0 3 5 7 8 1 
0 3 5 8 7 1 
0 5 3 7 8 1 
0 5 3 8 7 1 

435 16047327930002766102 2 6
4 0 5 7 8 1 
4 0 5 8 7 1 

442 14103916357897785125 2 6
4 5 3 7 8 1 
4 5 3 8 7 1 

411 7379875323780911173 2 6
4 0 3 7 8 1 
4 0 3 8 7 1 

380 1426239806780832969 1 6
2 6 8 4 5 3 

373 16916421583743538259 1 6
2 8 6 4 5 0 

374 8969457469715428611 1 6
2 4 5 8 6 1 

349 9836234686981541079 1 6
2 6 8 4 3 0 

365 15671138732023930418 2 6
2 6 8 5 3 0 
2 8 6 3 5 0 

343 3269545048540127462 1 6
2 4 0 6 8 1 

350 9630944929001493877 1 6
2 4 3 6 8 1 

366 17976580324176975599 2 6
2 3 5 8 6 1 
2 5 3 6 8 1 

359 12833398979770481608 1 6
2 5 0 8 6 1 

335 12833398979770481608 1 6
2 3 0 6 8 1 

377 9657660020170706356 2 6
6 8 4 0 5 3 
8 6 4 0 5 3 

378 9753267481226121183 2 6
4 5 3 6 8 1 
4 5 3 8 6 1 

363 10503113801327399523 4 6
0 3 5 6 8 1 
0 3 5 8 6 1 
0 5 3 6 8 1 
0 5 3 8 6 1 

371 2156103408019437007 2 6
4 0 5 6 8 1 
4 0 5 8 6 1 

347 11530280619943871646 2 6
4 0 3 6 8 1 
4 0 3 8 6 1 

317 17193217146874698593 1 6
2 8 4 5 0 3 

318 6922067330005154868 1 6
2 8 1 4 5 3 

311 1163673153278619085 1 6
2 8 1 4 5 0 

287 5185254092920533472 1 6
2 8 1 4 0 3 

303 11511049330369030571 1 6
2 8 1 5 0 3 

315 12911743082536537742 2 6
1 8 4 0 5 3 
8 1 4 0 5 3 

252 13134652549746913681 1 6
2 6 7 4 3 5 

245 2964516034503520291 1 6
2 7 6 4 0 5 

246 3171214416063106754 1 6
2 4 5 7 6 1 

215 18222419595361577572 2 6
2 4 0 6 7 1 
2 4 0 7 6 1 

221 15174832784630991481 1 6
2 6 7 4 3 0 

222 10256690519701497000 1 6
2 4 3 6 7 1 

237 7099095610678293817 1 6
2 6 7 3 0 5 

231 11867531391707494190 1 6
2 0 5 7 6 1 

238 9681729367205757355 1 6
2 3 5 6 7 1 

207 4496657410724282515 1 6
2 3 0 6 7 1 

249 16690513791076852984 2 6
6 7 4 0 5 3 
7 6 4 0 5 3 

250 16293873584785376714 2 6
4 5 3 6 7 1 
4 5 3 7 6 1 

235 6667951310699751453 4 6
6 7 1 0 5 3 
6 7 1 0 3 5 
7 6 1 0 3 5 
7 6 1 0 5 3 

243 719043961127142655 2 6
4 0 5 6 7 1 
4 0 5 7 6 1 

219 12786797481363795955 2 6
4 0 3 6 7 1 
4 0 3 7 6 1 

189 4451446369166837756 1 6
2 7 4 3 0 5 

183 8739280187492798274 1 6
2 7 1 4 0 5 

190 15565647247001456604 1 6
2 7 1 4 3 5 

159 5734493202774407132 1 6
2 7 1 4 3 0 

175 11332399353692317715 1 6
2 7 1 3 0 5 

187 12911743082536537742 2 6
1 7 4 0 5 3 
7 1 4 0 5 3 

125 12472253438576354058 1 6
2 6 4 3 0 5 

126 11522113926960381024 1 6
2 6 1 4 3 5 

119 494290966773758679 1 6
2 6 1 4 0 5 

95 14718485725729284867 1 6
2 6 1 4 3 0 

111 11511049330369030571 1 6
2 6 1 3 0 5 

123 12911743082536537742 2 6
1 6 4 0 5 3 
6 1 4 0 5 3 

63 5866024162697288779 1 6
2 1 4 0 5 3 

468 15254384205920608062 2 5
2 4 7 6 8 
4 2 7 6 8 

484 3563861762695325245 1 5
2 5 8 7 6 

460 552777010579638669 1 5
2 3 6 7 8 

453 11386603229631772042 1 5
2 0 7 6 8 

454 17760995621604911877 1 5
2 7 6 8 1 

326 2506011958774662217 2 4
2 6 8 1 
2 8 6 1 

69 13546528906197365241 1 3
2 0 6 

278 10697282481186602161 2 4
2 4 8 1 
4 2 8 1 

21 13914074621237375057 1 3
2 4 0 

294 16759578986255104721 1 4
2 5 8 1 

37 17250501025191192120 1 3
2 0 5 

270 10719626107048014941 1 4
2 3 8 1 

13 17250501025191192120 1 3
2 0 3 

263 5395914648494912149 1 4
2 0 8 1 

240 15175919273973401860 2 4
4 5 6 7 
4 5 7 6 

216 5212208834225348329 2 4
4 3 6 7 
4 3 7 6 

225 16883107695366441800 2 4
6 7 0 5 
7 6 0 5 

232 12792859129086584636 4 4
6 7 3 5 
6 7 5 3 
7 6 5 3 
7 6 3 5 

201 16883107695366441800 2 4
6 7 0 3 
7 6 0 3 

195 4478079438320859753 2 4
0 6 7 1 
0 7 6 1 

452 15236505058129304159 1 4
2 7 6 8 

178 7014131733599754745 2 4
4 5 1 7 
4 5 7 1 

170 7556829846088060811 4 4
3 5 1 7 
3 5 7 1 
5 3 1 7 
5 3 7 1 

154 15896268698264125057 2 4
4 3 1 7 
4 3 7 1 

163 8019835161175320379 2 4
0 5 1 7 
0 5 7 1 

420 13572405524771744665 1 4
2 5 8 7 

393 10567838955610075088 2 4
0 3 7 8 
0 3 8 7 

139 8019835161175320379 2 4
0 3 1 7 
0 3 7 1 

396 6894937126532847700 1 4
2 3 7 8 

116 13907451098203263116 1 4
2 6 4 5 

340 8410839881995336691 2 4
2 4 6 8 
4 2 6 8 

83 9816138929188049610 2 4
4 0 1 6 
4 0 6 1 

86 16472800172034163515 2 4
2 4 6 1 
4 2 6 1 

92 5069303078012082896 1 4
2 6 4 3 

212 5078608711686083380 4 4
2 4 6 7 
2 4 7 6 
4 2 6 7 
4 2 7 6 

85 5561254676401482594 1 4
2 6 4 0 

342 18388705056619334459 2 5
2 4 6 8 1 
4 2 6 8 1 

108 7524780861938553064 1 4
2 6 3 5 

204 4081560800156872932 1 4
2 3 6 7 

77 134455680556509299 1 4
2 6 3 0 

334 3913004152223566037 1 5
2 3 6 8 1 

228 14398197362158434576 1 4
2 5 7 6 

101 16529718118082429342 1 4
2 6 0 5 

358 3913004152223566037 1 5
2 5 8 6 1 

356 7524780861938553064 1 4
2 5 8 6 

99 8019835161175320379 2 4
0 5 1 6 
0 5 6 1 

102 10719626107048014941 1 4
2 5 6 1 

332 7524780861938553064 1 4
2 3 6 8 

75 8019835161175320379 2 4
0 3 1 6 
0 3 6 1 

78 16759578986255104721 1 4
2 3 6 1 

284 15011176772052123055 1 4
2 8 4 3 

30 12844178937462204567 1 4
2 1 4 3 

193 11277363013374094685 2 3
0 6 7 
0 7 6 

329 6305501177838887852 2 4
0 3 6 8 
0 3 8 6 

300 7524780861938553064 1 4
2 8 5 3 

46 698476773254776664 2 4
2 1 3 5 
2 1 5 3 

133 13546528906197365241 1 3
2 0 7 

390 993176294303415770 2 4
2 7 8 1 
2 8 7 1 

269 16529718118082429342 1 4
2 8 0 3 

142 11494663566962136321 1 4
2 3 7 1 

15 3308555120644013935 1 4
2 1 0 3 

338 2506011958774662217 2 4
4 6 8 1 
4 8 6 1 

84 17662388742419376403 2 3
2 4 6 
4 2 6 

341 5735369499293507660 1 5
2 4 0 6 8 

400 17258787824257198352 2 3
4 7 8 
4 8 7 

143 6402323040387221195 1 5
2 3 0 7 1 

146 7698985776645440831 2 3
4 1 7 
4 7 1 

403 5239809905255584825 2 5
4 0 7 8 1 
4 0 8 7 1 

282 15896268698264125057 2 4
4 3 1 8 
4 3 8 1 

28 11149028268085365730 1 3
2 4 3 

285 7062119367558589169 1 5
2 8 4 0 3 

76 12254329342543767602 2 3
2 3 6 
2 6 3 

333 16976306535151129808 1 5
2 3 0 6 8 

277 7131602434863996895 1 4
2 8 4 0 

20 17087753756477223945 2 2
2 4 
4 2 

150 16472800172034163515 2 4
2 4 7 1 
4 2 7 1 

23 8314073924795978504 1 4
2 1 4 0 

208 3870621583062396010 2 3
4 6 7 
4 7 6 

465 17051256393732228591 1 5
4 0 7 6 8 

344 7150496180077738619 2 4
4 3 6 8 
4 3 8 6 

87 1393533876286474497 1 5
2 4 0 6 1 

90 15896268698264125057 2 4
4 3 1 6 
4 3 6 1 

259 1157133852231411715 2 3
0 1 8 
0 8 1 

5 3085733323793310697 1 2
2 0 

262 7698985776645440831 2 3
2 1 8 
2 8 1 

385 1332691624737549004 2 3
0 7 8 
0 8 7 

131 1157133852231411715 2 3
0 1 7 
0 7 1 

388 17258787824257198352 2 3
2 7 8 
2 8 7 

267 8019835161175320379 2 4
0 3 1 8 
0 3 8 1 

140 2194224039831407595 2 3
2 3 7 
2 7 3 

397 3093173391260313928 1 5
2 3 0 7 8 

298 7556829846088060811 4 4
3 5 1 8 
3 5 8 1 
5 3 1 8 
5 3 8 1 

44 12585292063867719537 2 3
2 3 5 
2 5 3 

301 15824208848074492764 1 5
2 8 5 0 3 

291 8019835161175320379 2 4
0 5 1 8 
0 5 8 1 

164 9951756003203208658 2 3
2 5 7 
2 7 5 

421 8769760455281528506 1 5
2 5 0 8 7 

100 12129649998618649867 2 3
2 5 6 
2 6 5 

357 16976306535151129808 1 5
2 5 0 8 6 

209 11852296779566103292 2 4
4 0 6 7 
4 0 7 6 

466 17760995621604911877 1 5
4 7 6 8 1 

82 7698985776645440831 2 3
4 1 6 
4 6 1 

339 5509176021517982686 2 5
4 0 6 8 1 
4 0 8 6 1 

336 12585292063867719537 2 3
4 6 8 
4 8 6 

79 403705242479768966 1 5
2 3 0 6 1 

306 7014131733599754745 2 4
4 5 1 8 
4 5 8 1 

52 1100806113672523033 1 3
2 4 5 

309 16015324746022971423 1 5
2 8 4 5 0 

147 9816138929188049610 2 4
4 0 1 7 
4 0 7 1 

404 2406527012680097749 2 4
2 4 7 8 
4 2 7 8 

274 7698985776645440831 2 3
4 1 8 
4 8 1 

275 9816138929188049610 2 4
4 0 1 8 
4 0 8 1 

148 17662388742419376403 2 3
2 4 7 
4 2 7 

405 7289809719397933673 1 5
2 4 0 7 8 

323 983609089190748271 2 4
0 6 8 1 
0 8 6 1 

196 3870621583062396010 2 3
2 6 7 
2 7 6 

135 5395914648494912149 1 4
2 0 7 1 

67 1157133852231411715 2 3
0 1 6 
0 6 1 

324 12585292063867719537 2 3
2 6 8 
2 8 6 

321 3584596353957403666 2 3
0 6 8 
0 8 6 

141 9886477599560255068 1 4
2 7 3 0 

398 725972278020367895 1 5
2 3 7 8 1 

14 10706753935364593016 2 3
2 1 3 
2 3 1 

271 1507680296611357738 1 5
2 0 3 8 1 

268 12129649998618649867 2 3
2 3 8 
2 8 3 

165 7862943133553850539 1 4
2 7 0 5 

422 8295913054049985516 1 5
2 5 8 7 1 

38 10706753935364593016 2 3
2 1 5 
2 5 1 

295 403705242479768966 1 5
2 5 0 8 1 

292 12254329342543767602 2 3
2 5 8 
2 8 5 

149 5561254676401482594 1 4
2 7 4 0 

406 10569450830428692319 2 5
2 4 7 8 1 
4 2 7 8 1 

22 16574095905003600574 2 3
2 4 1 
4 2 1 

279 8014846584719185154 1 5
2 4 0 8 1 

276 10391787902979575712 2 3
2 4 8 
4 2 8 

353 6305501177838887852 2 4
0 5 6 8 
0 5 8 6 

197 2230675663749331932 2 4
2 0 6 7 
2 0 7 6 

70 7698985776645440831 2 3
2 1 6 
2 6 1 

327 2886002619595623531 2 5
2 0 6 8 1 
2 0 8 6 1 

156 3997143717686068364 1 4
2 7 4 3 

29 1277910811888892566 1 4
2 4 0 3 

286 9542154800565590736 1 5
2 4 3 8 1 

134 7698985776645440831 2 3
2 1 7 
2 7 1 

391 8590488458449905178 2 5
2 0 7 8 1 
2 0 8 7 1 

261 13546528906197365241 1 3
2 0 8 

7 8120387365409270255 1 3
2 0 1 

293 134455680556509299 1 4
2 8 5 0 

166 9074099179021290713 1 4
2 5 7 1 

39 3308555120644013935 1 4
2 1 0 5 

172 9051484668800367871 1 4
2 7 3 5 

45 9948786386143750181 2 4
2 0 3 5 
2 0 5 3 

302 14063139754193087066 1 5
2 5 3 8 1 

308 11009543509808397771 1 4
2 8 4 5 

54 5036159874697649378 1 4
2 1 4 5 

60 8389516611493844045 1 4
2 4 5 3 

180 6660210577474354258 1 4
2 7 4 5 

53 11853486265749249919 1 4
2 4 0 5 

310 13459332017285594198 1 5
2 4 5 8 1 

360 13150025586414177241 8 4
3 5 6 8 
3 5 8 6 
5 3 6 8 
5 3 8 6 
6 8 3 5 
6 8 5 3 
8 6 5 3 
8 6 3 5 

103 1507680296611357738 1 5
2 0 5 6 1 

106 7556829846088060811 4 4
3 5 1 6 
3 5 6 1 
5 3 1 6 
5 3 6 1 

337 227753909914827273 2 4
4 0 6 8 
4 0 8 6 

210 12586463095304085354 2 4
4 6 7 1 
4 7 6 1 

368 3982813991072387447 2 4
4 5 6 8 
4 5 8 6 

114 7014131733599754745 2 4
4 5 1 6 
4 5 6 1 

325 6989666092700683861 2 4
2 0 6 8 
2 0 8 6 

198 12586463095304085354 2 4
2 6 7 1 
2 7 6 1 

71 5395914648494912149 1 4
2 0 6 1 

387 6994492170126237368 2 4
0 7 8 1 
0 8 7 1 

417 10567838955610075088 2 4
0 5 7 8 
0 5 8 7 

402 993176294303415770 2 4
4 7 8 1 
4 8 7 1 

424 1699057898927065156 4 4
7 8 3 5 
7 8 5 3 
8 7 5 3 
8 7 3 5 

167 14921400407691666635 1 5
2 0 5 7 1 

408 10083773938285380914 2 4
4 3 7 8 
4 3 8 7 

151 1393533876286474497 1 5
2 4 0 7 1 

401 5912549912873831894 2 4
4 0 7 8 
4 0 8 7 

432 2045910373128645647 2 4
4 5 7 8 
4 5 8 7 

389 18088945485424521542 2 4
2 0 7 8 
2 0 8 7 

449 10836284476290135165 1 4
0 7 6 8 

464 15236505058129304159 1 4
4 7 6 8 

47 11700969563805506170 2 5
2 1 0 3 5 
2 1 0 5 3 

31 12102490377548354522 1 5
2 1 4 0 3 

62 10080545440292170948 1 5
2 1 4 5 3 

55 2380733814563316253 1 5
2 1 4 0 5 

61 6512831979936567646 1 5
2 4 0 5 3 

91 2541264542733691674 2 5
1 6 4 0 3 
6 1 4 0 3 

348 12910342561626855714 1 5
2 4 3 6 8 

115 12129435878133071456 2 5
1 6 4 0 5 
6 1 4 0 5 

372 9844543085792699956 1 5
2 4 5 8 6 

107 1909309878206364334 4 5
1 6 0 5 3 
1 6 0 3 5 
6 1 0 5 3 
6 1 0 3 5 

364 9249518067683384055 4 5
2 3 5 8 6 
2 5 3 6 8 
2 6 8 5 3 
2 8 6 3 5 

122 7845252661427977046 2 5
1 6 4 5 3 
6 1 4 5 3 

110 14063139754193087066 1 5
2 3 5 6 1 

109 15824208848074492764 1 5
2 6 3 0 5 

94 10787462235747489295 1 5
2 4 3 6 1 

117 9767947021372773673 1 5
2 6 4 0 5 

124 12311426953765015380 1 5
2 6 4 3 5 

93 10589265086134407135 1 5
2 6 4 3 0 

118 15995648837253322068 1 5
2 4 5 6 1 

155 2541264542733691674 2 5
1 7 4 0 3 
7 1 4 0 3 

412 4189681711019439175 1 5
2 4 3 7 8 

171 1909309878206364334 4 5
1 7 0 5 3 
1 7 0 3 5 
7 1 0 5 3 
7 1 0 3 5 

428 9473850965606830079 1 5
2 8 7 5 3 

186 7845252661427977046 2 5
1 7 4 5 3 
7 1 4 5 3 

179 12129435878133071456 2 5
1 7 4 0 5 
7 1 4 0 5 

436 4346550243713764354 1 5
2 4 5 8 7 

173 10083545188743586835 1 5
2 7 3 0 5 

174 5559371251625625227 1 5
2 7 1 3 5 

158 11132414092531898332 1 5
2 4 3 7 1 

157 5484764319415576680 1 5
2 7 4 3 0 

182 15565011356007573143 1 5
2 4 5 7 1 

181 8721351078714164903 1 5
2 7 4 0 5 

188 447976470436970465 1 5
2 7 4 3 5 

203 7012085388175811892 2 5
0 3 6 7 1 
0 3 7 6 1 

227 7012085388175811892 2 5
0 5 6 7 1 
0 5 7 6 1 

234 9755977756073641776 4 5
3 5 6 7 1 
3 5 7 6 1 
5 3 6 7 1 
5 3 7 6 1 

211 14760494441441822132 2 5
4 0 6 7 1 
4 0 7 6 1 

233 6989141428869663852 4 5
6 7 0 5 3 
6 7 0 3 5 
7 6 0 3 5 
7 6 0 5 3 

218 17596330139591911240 2 5
4 3 6 7 1 
4 3 7 6 1 

217 4728087311828976101 2 5
6 7 4 0 3 
7 6 4 0 3 

242 1856374817055370380 2 5
4 5 6 7 1 
4 5 7 6 1 

206 18107480566791030014 1 5
2 3 6 7 1 

199 9075948614167858847 2 5
2 0 6 7 1 
2 0 7 6 1 

248 5432527563044319413 2 5
6 7 4 5 3 
7 6 4 5 3 

241 457727597676469442 2 5
6 7 4 0 5 
7 6 4 0 5 

205 12787121171752905221 1 5
2 6 7 3 0 

230 2675129202913573369 1 5
2 5 7 6 1 

236 9872754151449188112 1 5
2 6 7 3 5 

229 16403161274495175988 1 5
2 7 6 0 5 

213 16812504761628136598 2 5
2 4 0 6 7 
2 4 0 7 6 

220 61523335010033188 1 5
2 4 3 6 7 

244 9022050173232112407 1 5
2 4 5 7 6 

214 11207449915974968302 4 5
2 4 6 7 1 
2 4 7 6 1 
4 2 6 7 1 
4 2 7 6 1 

299 1909309878206364334 4 5
1 8 0 5 3 
1 8 0 3 5 
8 1 0 5 3 
8 1 0 3 5 

283 2541264542733691674 2 5
1 8 4 0 3 
8 1 4 0 3 

307 12129435878133071456 2 5
1 8 4 0 5 
8 1 4 0 5 

314 7845252661427977046 2 5
1 8 4 5 3 
8 1 4 5 3 

316 15638232895945879160 1 5
2 8 4 5 3 

331 1269884434782369055 2 5
0 3 6 8 1 
0 3 8 6 1 

355 1269884434782369055 2 5
0 5 6 8 1 
0 5 8 6 1 

346 7198735148424648000 2 5
4 3 6 8 1 
4 3 8 6 1 

362 143871076794329895 4 5
3 5 6 8 1 
3 5 8 6 1 
5 3 6 8 1 
5 3 8 6 1 

361 3690224526988697710 4 5
6 8 0 5 3 
6 8 0 3 5 
8 6 0 3 5 
8 6 0 5 3 

370 757016727125658107 2 5
4 5 6 8 1 
4 5 8 6 1 

345 10839353395748738450 2 5
6 8 4 0 3 
8 6 4 0 3 

376 4622508568593048949 2 5
6 8 4 5 3 
8 6 4 5 3 

369 9949176012075180794 2 5
6 8 4 0 5 
8 6 4 0 5 

395 12173474765863805877 2 5
0 3 7 8 1 
0 3 8 7 1 

419 12173474765863805877 2 5
0 5 7 8 1 
0 5 8 7 1 

426 1683740526141341530 4 5
3 5 7 8 1 
3 5 8 7 1 
5 3 7 8 1 
5 3 8 7 1 

410 13872349838710248518 2 5
4 3 7 8 1 
4 3 8 7 1 

425 2216721185131194730 4 5
7 8 0 5 3 
7 8 0 3 5 
8 7 0 3 5 
8 7 0 5 3 

434 17241346800833252017 2 5
4 5 7 8 1 
4 5 8 7 1 

409 9742810235948772138 2 5
7 8 4 0 3 
8 7 4 0 3 

440 5129083301191390416 2 5
7 8 4 5 3 
8 7 4 5 3 

433 5791883528082847284 2 5
7 8 4 0 5 
8 7 4 0 5 

451 1297357547527904711 1 5
0 7 6 8 1 

457 8150127105938530464 1 5
0 3 7 6 8 

481 8150127105938530464 1 5
0 5 7 6 8 

488 15154712977385391451 2 5
3 5 7 6 8 
5 3 7 6 8 

472 6089213516061521075 1 5
4 3 7 6 8 

496 8937382082799514266 1 5
4 5 7 6 8 

