508 6169030244321386729 1 7
6 2 7 8 4 3 5 

501 7683206679667598757 1 7
6 2 8 7 4 0 5 

502 13966915194719856979 1 7
4 5 6 2 1 8 7 

478 16999228376639212400 1 7
6 2 4 3 1 7 8 

477 2649495199746270993 1 7
6 2 7 8 4 0 3 

471 7612321457411678922 1 7
6 2 0 4 1 8 7 

463 18245546498257761830 2 7
0 3 6 2 1 7 8 
6 2 0 3 1 7 8 

494 168144153683718839 1 7
6 2 3 5 1 7 8 

493 707349359367573121 1 7
6 2 7 8 0 3 5 

487 3224551119213183697 1 7
0 5 6 2 1 8 7 

506 13275691128780042669 1 7
6 1 8 7 4 3 5 

499 7857829978834097853 1 7
6 1 8 7 4 0 5 

505 4224299554625532583 1 7
6 8 7 4 0 5 3 

475 13119581931264473139 1 7
6 1 7 8 4 0 3 

446 17453480374948824819 1 7
2 4 3 5 1 7 8 

491 5074183856965733004 1 7
6 1 8 7 0 3 5 

439 5416000744839625994 1 7
2 1 8 7 0 4 5 

445 6718995335126445004 1 7
2 7 8 4 0 3 5 

415 335987621242874617 1 7
2 1 7 8 0 4 3 

443 5351726410088365820 2 7
1 7 8 4 0 5 3 
1 8 7 4 0 5 3 

382 8586322724063167517 1 7
1 8 6 2 4 3 5 

381 1355838745405356580 1 7
8 6 2 4 0 3 5 

431 5182425839593071974 1 7
2 0 3 5 1 7 8 

375 6265788749538985724 1 7
1 8 6 2 0 4 5 

351 13907371945240393078 1 7
1 8 6 2 0 4 3 

367 10063261695495657727 1 7
1 8 6 2 0 3 5 

379 5192038726026989433 1 7
6 1 8 4 0 3 5 

319 15195712680931334051 1 7
2 1 8 0 4 3 5 

247 6369628047018778172 1 7
1 7 6 2 0 4 5 

254 8475834449684323516 1 7
1 7 6 2 4 3 5 

253 9408658500092275287 1 7
7 6 2 4 0 3 5 

223 16076098303993147336 1 7
1 7 6 2 0 4 3 

127 17473207451975306927 1 7
1 6 2 0 4 3 5 

239 10178063431605855653 1 7
1 7 6 2 0 3 5 

191 4081970524844462428 1 7
2 1 7 0 4 3 5 

251 16196482514963650492 1 7
6 1 7 4 0 3 5 

500 7117387715741032091 1 6
4 5 6 2 8 7 

476 1586673011737689491 1 6
4 3 6 2 7 8 

469 6776288643181352031 1 6
6 2 4 0 8 7 

470 16564490057278918431 1 6
4 6 2 1 8 7 

492 17568422040645976469 1 6
6 2 3 5 7 8 

486 7783266722567115731 1 6
5 6 2 1 8 7 

485 11200068921502369588 1 6
6 2 0 5 8 7 

461 14758803700527037092 2 6
0 3 6 2 7 8 
6 2 0 3 7 8 

462 16621856762405378009 1 6
3 6 2 1 7 8 

504 14850776001528867516 1 6
6 8 7 4 5 3 

455 11837809360938521484 1 6
0 6 2 1 8 7 

497 15303827321611179542 1 6
6 8 7 4 0 5 

498 9955232907162459163 1 6
6 4 5 1 8 7 

467 4997562941336456576 1 6
6 4 0 1 7 8 

474 757279159992032125 1 6
6 4 3 1 7 8 

473 224322614747531255 1 6
6 7 8 4 0 3 

490 6730231401386561430 1 6
6 3 5 1 8 7 

483 17881301313140579565 1 6
6 0 5 1 8 7 

489 12158385340043134191 1 6
6 8 7 0 5 3 

459 11837809360938521484 1 6
6 0 3 1 8 7 

444 3009113627428979969 1 6
2 7 8 4 3 5 

438 9576912663196894743 1 6
2 4 5 1 8 7 

437 3182135359472594711 1 6
2 8 7 4 0 5 

413 15164959049020415935 1 6
2 7 8 4 0 3 

414 11741238373491813995 1 6
2 4 3 1 7 8 

407 9152949204252519380 1 6
2 0 4 1 8 7 

430 261449154145464945 1 6
2 3 5 1 7 8 

429 7883417183546312219 1 6
2 7 8 0 3 5 

423 6487695198470159870 1 6
2 0 5 1 8 7 

399 16621856762405378009 1 6
2 0 3 1 7 8 

435 4831484476149675064 2 6
1 7 8 4 0 5 
1 8 7 4 0 5 

442 6547618250762470962 2 6
4 5 3 1 7 8 
4 5 3 1 8 7 

411 5350505320238747724 4 6
1 7 8 4 0 3 
1 7 8 0 4 3 
1 8 7 4 0 3 
1 8 7 0 4 3 

441 4744566871053238240 2 6
7 8 4 0 5 3 
8 7 4 0 5 3 

427 888946524270155348 4 6
0 3 5 1 7 8 
0 3 5 1 8 7 
0 5 3 1 7 8 
0 5 3 1 8 7 

374 10612910424393781293 1 6
4 5 1 8 6 2 

380 3440108556460963379 1 6
8 6 2 4 3 5 

373 1680622446768731567 1 6
8 6 2 4 0 5 

350 17102440515992030913 1 6
1 8 6 2 4 3 

349 511148843887533051 1 6
8 6 2 4 0 3 

343 15247958048550529648 1 6
1 8 6 2 0 4 

366 16658160934895634641 1 6
6 2 1 8 3 5 

335 9110665974473060387 2 6
1 8 6 2 0 3 
1 8 0 3 6 2 

359 15914167994352899589 1 6
0 5 1 8 6 2 

365 5263466873133831383 1 6
8 6 2 0 3 5 

371 6869656635512492133 1 6
6 1 8 4 0 5 

378 8661999880865077650 1 6
6 1 8 4 3 5 

347 1202163286855652456 1 6
6 1 8 0 4 3 

377 16733797042935748441 1 6
6 8 4 0 5 3 

363 15826514235564663490 1 6
6 1 8 0 3 5 

317 1867481878967495256 2 6
2 8 4 0 3 5 
8 2 4 0 3 5 

311 15349173270997507170 1 6
2 1 8 0 4 5 

318 2644384938822383246 1 6
2 1 8 4 3 5 

287 11281663743743884403 1 6
2 1 8 0 4 3 

303 8224355921015340880 1 6
2 1 8 0 3 5 

252 9662492814659783924 1 6
7 6 2 4 3 5 

315 7990104328247157411 1 6
1 8 4 0 5 3 

246 5429160212199481136 1 6
4 5 1 7 6 2 

245 13965224312780533177 1 6
7 6 2 4 0 5 

221 10170598257159136258 1 6
7 6 2 4 0 3 

215 7509204483707548551 1 6
1 7 6 2 0 4 

222 7457956587215073104 1 6
1 7 6 2 4 3 

238 7082877381760568019 1 6
6 2 1 7 3 5 

231 16930023864454201612 2 6
0 5 1 7 6 2 
1 7 0 5 6 2 

207 10008698556603584992 2 6
1 7 6 2 0 3 
1 7 0 3 6 2 

237 9895611854582382629 1 6
7 6 2 0 3 5 

243 10136850681301161773 1 6
6 1 7 4 0 5 

219 9045487648939757258 1 6
6 1 7 4 0 3 

250 307087747125192903 1 6
6 1 7 4 3 5 

249 3834643869661189649 1 6
6 7 4 0 5 3 

235 12261391976328417081 1 6
6 1 7 0 3 5 

189 12286947765398346090 2 6
2 7 4 0 3 5 
7 2 4 0 3 5 

190 4242751464547066114 1 6
2 1 7 4 3 5 

183 4054449330785238945 1 6
2 1 7 0 4 5 

159 16161974812390570191 1 6
2 1 7 0 4 3 

175 10533941864267901745 1 6
2 1 7 0 3 5 

126 8961301798301184237 1 6
1 6 2 4 3 5 

119 17163002009338326541 1 6
1 6 2 0 4 5 

187 7990104328247157411 1 6
1 7 4 0 5 3 

125 7990104328247157411 1 6
6 2 4 0 5 3 

123 16143918308824405770 2 6
1 6 4 0 3 5 
6 1 4 0 3 5 

95 12527986761885757917 1 6
1 6 2 0 4 3 

111 14876753196760794664 1 6
1 6 2 0 3 5 

63 10432881352302308088 1 6
1 2 0 4 5 3 

484 15352309284369776978 1 5
5 6 2 8 7 

468 15300973533936809658 1 5
4 6 2 8 7 

460 1975459807820398959 1 5
3 6 2 7 8 

454 16426964197223592242 2 5
6 2 1 7 8 
6 2 1 8 7 

453 18290060181356673013 1 5
0 6 2 8 7 

496 16075256442787652421 1 5
6 4 5 8 7 

466 14719261466401227778 2 5
4 6 1 7 8 
6 4 1 7 8 

465 6030517728620925674 1 5
6 4 0 7 8 

472 13405435639448530145 1 5
6 4 3 7 8 

482 12892149604202838474 1 5
6 5 1 8 7 

488 4457430926303357010 1 5
6 8 7 5 3 

481 14386597828048847919 1 5
6 0 5 8 7 

451 17877711118232725096 2 5
0 6 1 8 7 
6 0 1 8 7 

458 14633245977241427459 2 5
6 3 1 7 8 
6 3 1 8 7 

457 18290060181356673013 1 5
6 0 3 8 7 

412 3717315450133265383 1 5
2 4 3 7 8 

436 14589509179443636012 1 5
2 4 5 8 7 

406 7224765894004783788 1 5
4 2 1 8 7 

428 9439660851264801632 1 5
2 3 5 7 8 

405 17052825072056893981 1 5
2 4 0 8 7 

422 17788255648278127647 2 5
2 5 1 8 7 
5 2 1 8 7 

398 5490961048047990379 2 5
2 3 1 7 8 
3 2 1 7 8 

421 15688827551581444805 1 5
2 0 5 8 7 

397 1975459807820398959 1 5
2 0 3 7 8 

391 14633245977241427459 2 5
0 2 1 7 8 
0 2 1 8 7 

440 12544053453783659143 2 5
7 8 4 5 3 
8 7 4 5 3 

434 11933761408839824396 2 5
4 5 1 7 8 
4 5 1 8 7 

433 16862601225360359297 2 5
7 8 4 0 5 
8 7 4 0 5 

409 9158991755408158244 4 5
7 8 4 0 3 
7 8 0 4 3 
8 7 4 0 3 
8 7 0 4 3 

278 14315483891285730756 1 4
4 2 1 8 

294 4415345656511538872 2 4
2 5 1 8 
5 2 1 8 

270 6534630873780932037 2 4
2 3 1 8 
3 2 1 8 

263 12159194040976764615 1 4
0 2 1 8 

306 13796289709583244209 1 4
4 5 1 8 

282 15406660600063173003 2 4
1 8 4 3 
4 3 1 8 

298 7150496180077738619 2 4
1 8 5 3 
1 8 3 5 

180 13312223719028599295 2 4
2 7 4 5 
7 2 4 5 

156 15804328657059468321 2 4
2 7 4 3 
7 2 4 3 

172 1677071180347565230 2 4
2 7 3 5 
7 2 3 5 

135 12159194040976764615 1 4
0 2 1 7 

163 15406660600063173003 2 4
0 5 1 7 
1 7 0 5 

420 7978115995136584964 2 4
2 5 8 7 
5 2 8 7 

86 2995300807293622581 2 4
1 4 6 2 
4 1 6 2 

139 15406660600063173003 2 4
0 3 1 7 
1 7 0 3 

396 78324714845983665 2 4
2 3 7 8 
3 2 7 8 

116 13796289709583244209 1 4
4 5 6 2 

92 15406660600063173003 2 4
4 3 6 2 
6 2 4 3 

212 12844178937462204567 1 4
4 7 6 2 

85 17663828750069960505 2 4
6 2 4 0 
6 2 0 4 

342 16097797554892847855 1 5
4 1 8 6 2 

102 15024369831046084700 1 4
1 5 6 2 

228 3907734590851251535 2 4
5 7 6 2 
7 5 6 2 

101 15406660600063173003 2 4
0 5 6 2 
6 2 0 5 

358 8555572462555614721 1 5
5 6 2 1 8 

108 7150496180077738619 2 4
6 2 5 3 
6 2 3 5 

78 12159194040976764615 1 4
1 3 6 2 

204 15804328657059468321 2 4
3 7 6 2 
7 3 6 2 

77 15406660600063173003 2 4
0 3 6 2 
6 2 0 3 

334 4986282704383461797 2 5
3 1 8 6 2 
3 6 2 1 8 

198 15406660600063173003 2 4
1 7 6 2 
6 2 1 7 

71 3350840979172127825 2 4
0 1 6 2 
1 0 6 2 

328 10706753935364593016 2 3
6 3 8 
6 8 3 

210 17033440425027155532 2 4
4 6 1 7 
6 4 1 7 

83 17844284739976809631 4 4
1 6 4 0 
1 6 0 4 
6 1 4 0 
6 1 0 4 

340 13374085144094286841 1 4
4 8 6 2 

114 6777173445913401214 2 4
1 6 4 5 
6 1 4 5 

120 529838076471764616 1 4
6 4 5 3 

90 3350840979172127825 2 4
1 6 4 3 
6 1 4 3 

240 5705165468213556174 1 4
6 7 4 5 

113 18190191940117714365 1 4
6 4 0 5 

370 1154068898222048589 1 5
6 4 5 1 8 

216 12844178937462204567 1 4
6 7 4 3 

89 9829021077594943929 2 4
6 4 0 3 
6 0 4 3 

346 11145829841084933874 1 5
6 1 8 4 3 

106 2094639431981163268 2 4
1 6 3 5 
6 1 3 5 

202 12159194040976764615 1 4
6 3 1 7 

75 3350840979172127825 2 4
1 6 0 3 
6 1 0 3 

332 6534630873780932037 2 4
3 8 6 2 
8 3 6 2 

226 1470142328109767921 1 4
6 5 1 7 

99 12877980974409117555 2 4
1 6 0 5 
6 1 0 5 

356 3656293589500805796 2 4
5 8 6 2 
8 5 6 2 

232 3594530558944545459 1 4
6 7 5 3 

105 15669754230730330559 2 4
6 0 5 3 
6 0 3 5 

362 13431632794186593077 1 5
6 1 8 3 5 

54 8397334625162587836 1 4
1 2 4 5 

150 15368499501652111834 1 4
4 2 1 7 

23 3090918670154284758 1 4
1 2 0 4 

30 15368499501652111834 1 4
1 2 4 3 

300 17015737541233389546 2 4
2 8 3 5 
8 2 3 5 

43 15669754230730330559 2 4
1 0 3 5 
1 0 5 3 

46 698476773254776664 2 4
1 2 3 5 
1 2 5 3 

112 6486448604913209494 1 3
6 4 5 

369 11217207738630005913 1 5
6 8 4 0 5 

197 15024369831046084700 1 4
0 7 6 2 

70 11149028268085365730 1 3
1 6 2 

327 1956492784028963872 1 5
0 1 8 6 2 

11 11149028268085365730 1 3
1 0 3 

268 13119232308241019096 6 3
2 3 8 
2 8 3 
3 2 8 
3 8 2 
8 3 2 
8 2 3 

259 11149028268085365730 1 3
0 1 8 

88 11149028268085365730 1 3
6 4 3 

345 3452822108907084832 1 5
6 8 0 4 3 

267 15406660600063173003 2 4
0 3 1 8 
1 8 0 3 

140 2728381371886174304 6 3
2 3 7 
2 7 3 
3 2 7 
3 7 2 
7 3 2 
7 2 3 

104 12585292063867719537 2 3
6 5 3 
6 3 5 

361 6692525575165568178 1 5
6 8 0 5 3 

147 17663828750069960505 2 4
1 7 4 0 
1 7 0 4 

404 11647855889567165862 1 4
4 2 8 7 

274 11149028268085365730 1 3
4 1 8 

133 10706753935364593016 2 3
0 2 7 
0 7 2 

269 6534630873780932037 2 4
2 8 0 3 
8 2 0 3 

142 15804328657059468321 2 4
2 3 1 7 
3 2 1 7 

15 12159194040976764615 1 4
1 2 0 3 

200 10706753935364593016 2 3
6 3 7 
6 7 3 

73 11149028268085365730 1 3
6 0 3 

330 12159194040976764615 1 4
6 3 1 8 

18 17087753756477223945 2 2
1 4 
4 1 

275 17663828750069960505 2 4
1 8 4 0 
1 8 0 4 

65 17087753756477223945 2 2
0 6 
6 0 

322 11149028268085365730 1 3
6 1 8 

84 11149028268085365730 1 3
4 6 2 

341 5224874183681905180 1 5
8 6 2 4 0 

7 3519693191574693728 2 3
0 1 2 
1 0 2 

261 10706753935364593016 2 3
0 2 8 
0 8 2 

26 11149028268085365730 1 3
1 4 3 

283 772038652885336484 2 5
1 8 4 0 3 
1 8 0 4 3 

3 17087753756477223945 2 2
0 1 
1 0 

42 12585292063867719537 2 3
1 3 5 
1 5 3 

299 1170858302316114891 2 5
1 8 0 5 3 
1 8 0 3 5 

80 17087753756477223945 2 2
4 6 
6 4 

337 7299118253479633440 1 4
6 8 0 4 

69 11149028268085365730 1 3
0 6 2 

326 15406660600063173003 2 4
1 8 6 2 
6 2 1 8 

293 4415345656511538872 2 4
2 8 0 5 
8 2 0 5 

166 17551861176896189898 2 4
2 5 1 7 
5 2 1 7 

39 12159194040976764615 1 4
1 2 0 5 

50 6486448604913209494 1 3
1 4 5 

307 12496460193956787050 1 5
1 8 4 0 5 

35 11149028268085365730 1 3
1 0 5 

292 14860785610888650053 6 3
2 5 8 
2 8 5 
5 2 8 
5 8 2 
8 5 2 
8 2 5 

148 10706753935364593016 2 3
4 2 7 
4 7 2 

66 17087753756477223945 2 2
1 6 
6 1 

323 8948165776644765121 2 4
0 6 1 8 
6 0 1 8 

193 1330854201845664887 2 3
0 6 7 
6 0 7 

450 5215022540671273095 2 4
6 1 7 8 
6 1 8 7 

291 15406660600063173003 2 4
0 5 1 8 
1 8 0 5 

164 754205998099296360 6 3
2 5 7 
2 7 5 
5 2 7 
5 7 2 
7 5 2 
7 2 5 

19 17383987363454026160 2 3
1 0 4 
1 4 0 

276 2512533711646785065 2 3
4 2 8 
4 8 2 

146 11149028268085365730 1 3
4 1 7 

403 15620972817347329576 4 5
0 4 1 7 8 
0 4 1 8 7 
4 0 1 7 8 
4 0 1 8 7 

400 3870621583062396010 2 3
4 7 8 
4 8 7 

143 7312885696668073972 2 5
2 1 7 0 3 
2 0 3 1 7 

321 17034127061060784930 2 3
0 6 8 
6 0 8 

448 3870621583062396010 2 3
6 7 8 
6 8 7 

67 10464402029777390164 6 3
0 1 6 
0 6 1 
1 0 6 
1 6 0 
6 1 0 
6 0 1 

194 11149028268085365730 1 3
6 1 7 

81 17383987363454026160 2 3
6 4 0 
6 0 4 

338 9192673037414984222 2 4
4 6 1 8 
6 4 1 8 

208 16574095905003600574 2 3
4 6 7 
6 4 7 

131 11149028268085365730 1 3
0 1 7 

385 3870621583062396010 2 3
0 7 8 
0 8 7 

97 11149028268085365730 1 3
6 0 5 

354 2602917121141140096 1 4
6 5 1 8 

224 14718008852537657457 2 3
6 5 7 
6 7 5 

141 15804328657059468321 2 4
2 7 0 3 
7 2 0 3 

14 10706753935364593016 2 3
1 2 3 
1 3 2 

271 4986282704383461797 2 5
2 1 8 0 3 
2 0 3 1 8 

149 5717025906857630614 4 4
2 7 4 0 
2 7 0 4 
7 2 4 0 
7 2 0 4 

22 2361156492905547982 2 3
1 4 2 
4 1 2 

279 13691843568591033794 1 5
2 1 8 0 4 

165 17551861176896189898 2 4
2 7 0 5 
7 2 0 5 

38 10706753935364593016 2 3
1 2 5 
1 5 2 

295 8249700287224329935 2 5
2 1 8 0 5 
2 0 5 1 8 

195 12877980974409117555 2 4
0 6 1 7 
6 0 1 7 

452 5212208834225348329 2 4
6 2 7 8 
6 2 8 7 

154 15406660600063173003 2 4
1 7 4 3 
4 3 1 7 

27 9829021077594943929 2 4
1 0 4 3 
1 4 0 3 

284 10983409412583460812 2 4
2 8 4 3 
8 2 4 3 

201 15024369831046084700 1 4
6 7 0 3 

74 3519693191574693728 2 3
1 6 3 
6 1 3 

331 1956492784028963872 1 5
6 1 8 0 3 

225 1470142328109767921 1 4
6 7 0 5 

98 1330854201845664887 2 3
1 6 5 
6 1 5 

355 8272310927517202189 1 5
6 0 5 1 8 

352 12769602731266802952 2 3
6 5 8 
6 8 5 

209 14991220014168980710 1 4
6 7 4 0 

82 10464402029777390164 6 3
1 4 6 
1 6 4 
4 1 6 
4 6 1 
6 4 1 
6 1 4 

339 8086738131087554516 1 5
6 1 8 0 4 

336 5707635945091764290 2 3
4 6 8 
6 4 8 

79 14391232416718764670 2 5
1 0 3 6 2 
1 6 2 0 3 

170 7150496180077738619 2 4
1 7 5 3 
1 7 3 5 

178 13796289709583244209 1 4
4 5 1 7 

51 18190191940117714365 1 4
1 4 0 5 

308 1158192353704790834 2 4
2 8 4 5 
8 2 4 5 

58 529838076471764616 1 4
1 4 5 3 

277 17912309331370950559 2 4
2 8 4 0 
8 2 4 0 

329 10678243750605623333 1 4
6 8 0 3 

353 5790440775842555603 1 4
6 8 0 5 

360 18125736765879375276 1 4
6 8 5 3 

103 13763430282300901882 1 5
1 0 5 6 2 

325 10678243750605623333 1 4
0 8 6 2 

344 12147302030440244333 1 4
6 8 4 3 

87 614213939732981215 1 5
1 6 2 0 4 

368 17723397868700175270 1 4
6 8 4 5 

387 5215022540671273095 2 4
0 1 7 8 
0 1 8 7 

393 5212208834225348329 2 4
0 3 7 8 
0 3 8 7 

417 5212208834225348329 2 4
0 5 7 8 
0 5 8 7 

424 12792859129086584636 4 4
7 8 3 5 
7 8 5 3 
8 7 5 3 
8 7 3 5 

167 12046934514695014853 2 5
2 1 7 0 5 
2 0 5 1 7 

402 5215022540671273095 2 4
4 1 7 8 
4 1 8 7 

401 10134073123445509393 4 4
0 4 7 8 
0 4 8 7 
4 0 7 8 
4 0 8 7 

408 5212208834225348329 2 4
4 3 7 8 
4 3 8 7 

151 10644554537150268076 1 5
2 1 7 0 4 

432 8226989252743794708 2 4
4 5 7 8 
4 5 8 7 

389 14469657124809349322 2 4
0 2 7 8 
0 2 8 7 

449 10860169516831064074 2 4
0 6 8 7 
6 0 8 7 

456 14469657124809349322 2 4
6 3 7 8 
6 3 8 7 

199 13763430282300901882 1 5
0 1 7 6 2 

480 14306477252083823039 1 4
6 5 8 7 

464 16406621722779782888 2 4
4 6 7 8 
6 4 7 8 

47 10696886028888895771 2 5
1 2 0 3 5 
1 2 0 5 3 

59 13024210261977407576 1 5
1 4 0 5 3 

316 81046485281406982 2 5
2 8 4 3 5 
8 2 4 3 5 

31 13346917055206335068 1 5
1 2 0 4 3 

55 17619755899674201481 1 5
1 2 0 4 5 

62 8232652801974800287 1 5
1 2 4 5 3 

121 13024210261977407576 1 5
6 4 0 5 3 

107 14751499136431822349 2 5
1 6 0 3 5 
6 1 0 3 5 

364 2569383802085552287 1 5
8 6 2 3 5 

122 16885588460681108952 2 5
1 6 4 3 5 
6 1 4 3 5 

115 17989673144461750179 2 5
1 6 4 0 5 
6 1 4 0 5 

372 7526322144178721593 1 5
8 4 5 6 2 

91 16694245704883279941 4 5
1 6 4 0 3 
1 6 0 4 3 
6 1 4 0 3 
6 1 0 4 3 

348 4242848893836926669 1 5
8 4 3 6 2 

109 1170858302316114891 2 5
6 2 0 5 3 
6 2 0 3 5 

110 7187718677437403762 1 5
1 6 2 3 5 

93 772038652885336484 2 5
6 2 4 0 3 
6 2 0 4 3 

94 8274216949199480764 1 5
1 6 2 4 3 

117 12496460193956787050 1 5
6 2 4 0 5 

118 17665058310503640421 1 5
1 4 5 6 2 

124 6610907291125018627 1 5
6 2 4 5 3 

171 1170858302316114891 2 5
1 7 0 5 3 
1 7 0 3 5 

155 772038652885336484 2 5
1 7 4 0 3 
1 7 0 4 3 

179 12496460193956787050 1 5
1 7 4 0 5 

186 6610907291125018627 1 5
1 7 4 5 3 

173 9397628363481839042 2 5
2 7 0 3 5 
7 2 0 3 5 

174 379923436499829735 1 5
2 1 7 3 5 

158 6946320677797669053 2 5
2 1 7 4 3 
2 4 3 1 7 

157 15866534202768381129 4 5
2 7 4 0 3 
2 7 0 4 3 
7 2 4 0 3 
7 2 0 4 3 

182 9948523620521210810 1 5
2 4 5 1 7 

181 12158658946065122309 2 5
2 7 4 0 5 
7 2 4 0 5 

188 17583430961032749130 2 5
2 7 4 3 5 
7 2 4 3 5 

203 13763430282300901882 1 5
6 1 7 0 3 

233 7616782957309397011 1 5
6 7 0 5 3 

227 8870457566365296416 2 5
6 1 7 0 5 
6 0 5 1 7 

234 4575739162538219488 1 5
6 1 7 3 5 

217 862483860309666609 1 5
6 7 4 0 3 

218 10151104133732085890 1 5
6 1 7 4 3 

211 10268780775546528345 1 5
6 1 7 4 0 

248 16889098967572189299 1 5
6 7 4 5 3 

241 15435418532609802655 1 5
6 7 4 0 5 

242 18252339766879522175 1 5
6 4 5 1 7 

205 7454911820439278993 2 5
7 6 2 0 3 
7 0 3 6 2 

206 7312885696668073972 2 5
3 1 7 6 2 
3 6 2 1 7 

229 17924674652927904615 1 5
7 6 2 0 5 

230 17924674652927904615 1 5
5 6 2 1 7 

236 3502193146163856052 1 5
7 6 2 3 5 

213 8356069567456363527 1 5
7 6 2 4 0 

214 3583861990886220277 1 5
4 1 7 6 2 

244 585101559960790580 1 5
7 4 5 6 2 

220 2156186079903720028 2 5
7 4 3 6 2 
7 6 2 4 3 

314 6610907291125018627 1 5
1 8 4 5 3 

302 17907995096785573956 1 5
2 1 8 3 5 

301 4643913384819275632 2 5
2 8 0 3 5 
8 2 0 3 5 

286 13554595154202197499 1 5
2 4 3 1 8 

285 15545402387088081648 2 5
2 8 4 0 3 
8 2 4 0 3 

309 18279005071604208595 2 5
2 8 4 0 5 
8 2 4 0 5 

310 10600371796453973232 1 5
2 4 5 1 8 

376 428222013536612906 1 5
6 8 4 5 3 

333 10988017121293555584 2 5
8 6 2 0 3 
8 0 3 6 2 

357 10118561873234284183 1 5
8 6 2 0 5 

419 16426964197223592242 2 5
0 5 1 7 8 
0 5 1 8 7 

395 16426964197223592242 2 5
0 3 1 7 8 
0 3 1 8 7 

425 11813039228222270294 4 5
7 8 0 5 3 
7 8 0 3 5 
8 7 0 3 5 
8 7 0 5 3 

426 4748031130015348873 4 5
3 5 1 7 8 
3 5 1 8 7 
5 3 1 7 8 
5 3 1 8 7 

410 16426964197223592242 2 5
4 3 1 7 8 
4 3 1 8 7 

