449 3890879331120793124 2 4
0 6 8 7 
6 0 8 7 

480 394700380938346138 4 4
5 6 7 8 
5 6 8 7 
6 5 7 8 
6 5 8 7 

464 5754623822747644827 1 4
4 6 7 8 

456 2357200053182921339 1 4
3 6 7 8 

417 14349035586590236524 4 4
0 5 7 8 
0 5 8 7 
5 0 7 8 
5 0 8 7 

432 13394131481459924451 1 4
4 5 8 7 

389 10567838955610075088 2 4
2 0 7 8 
2 0 8 7 

424 10083773938285380914 2 4
3 5 7 8 
3 5 8 7 

401 14412209275766129787 2 4
4 0 7 8 
4 0 8 7 

408 14538526079803739498 2 4
3 4 8 7 
4 3 8 7 

393 10083773938285380914 2 4
3 0 7 8 
3 0 8 7 

390 11488933566347674073 2 4
2 1 7 8 
2 1 8 7 

394 5625766177066252915 2 4
3 1 7 8 
3 1 8 7 

360 18182591502297370157 2 4
6 8 3 5 
8 6 3 5 

353 14735937202816360708 2 4
6 8 0 5 
8 6 0 5 

368 14010307982763163993 1 4
5 8 4 6 

354 7280204158998552156 2 4
5 6 1 8 
6 5 1 8 

325 3581730696252916526 2 4
6 8 0 2 
8 6 0 2 

337 3004742671634200654 1 4
0 8 4 6 

323 9585561052611729141 2 4
0 6 1 8 
6 0 1 8 

329 15637634100687973609 2 4
6 8 3 0 
8 6 3 0 

344 10165943194089086826 1 4
3 8 4 6 

330 11829580122578318875 1 4
3 6 1 8 

326 5804786605216846783 1 4
2 6 1 8 

305 2969595286833018105 1 4
4 8 5 0 

291 15030547681265595241 2 4
1 8 5 0 
1 8 0 5 

298 15406660600063173003 2 4
1 8 3 5 
3 5 1 8 

312 1988476479463015152 1 4
4 8 3 5 

294 3779725885503056035 1 4
1 8 2 5 

400 17258787824257198352 2 3
4 7 8 
4 8 7 

273 10706753935364593016 2 3
4 0 8 
4 8 0 

146 11149028268085365730 1 3
4 1 7 

352 6906529405458791006 6 3
5 6 8 
5 8 6 
6 5 8 
6 8 5 
8 6 5 
8 5 6 

98 12254329342543767602 2 3
1 5 6 
1 6 5 

225 17727869722022097672 4 4
6 7 0 5 
6 7 5 0 
7 6 5 0 
7 6 0 5 

304 16258839135554755291 2 3
4 5 8 
4 8 5 

50 9792737628942422839 2 3
1 4 5 
4 1 5 

177 4574952018326510119 2 4
4 7 5 0 
4 7 0 5 

336 11811985506987824205 1 3
8 4 6 

82 9663156178383526613 1 3
1 4 6 

209 4577395660377791505 1 4
0 7 4 6 

74 17662388742419376403 2 3
1 3 6 
3 1 6 

201 11990769028644529110 2 4
6 7 3 0 
7 6 3 0 

26 10464402029777390164 6 3
1 3 4 
1 4 3 
3 1 4 
3 4 1 
4 3 1 
4 1 3 

153 12844178937462204567 1 4
4 7 3 0 

19 3519693191574693728 2 3
1 4 0 
4 1 0 

276 13545300413793563460 1 3
4 2 8 

22 4587567072708941502 2 3
1 4 2 
4 1 2 

149 14508448838968914373 1 4
4 7 2 0 

224 6906529405458791006 6 3
5 6 7 
5 7 6 
6 5 7 
6 7 5 
7 6 5 
7 5 6 

388 1332691624737549004 2 3
2 7 8 
2 8 7 

134 6298889260055877585 1 3
2 1 7 

7 17250501025191192120 1 3
1 2 0 

152 16574095905003600574 2 3
3 4 7 
4 3 7 

208 7225618314733973290 1 3
7 4 6 

338 16545225676560293545 1 4
4 6 1 8 

81 1341041911306012474 1 3
0 4 6 

176 10706753935364593016 2 3
4 5 7 
4 7 5 

306 1988476479463015152 1 4
4 5 1 8 

49 9856009855437824259 2 3
4 0 5 
4 5 0 

266 11149028268085365730 1 3
3 1 8 

396 10821562871700040884 2 4
3 2 7 8 
3 2 8 7 

139 15406660600063173003 2 4
1 7 3 0 
3 0 1 7 

148 14703313149586485734 1 3
4 2 7 

402 5625766177066252915 2 4
4 1 7 8 
4 1 8 7 

145 10706753935364593016 2 3
4 0 7 
4 7 0 

275 12159194040976764615 1 4
4 0 1 8 

18 17087753756477223945 2 2
1 4 
4 1 

193 6906529405458791006 6 3
0 6 7 
0 7 6 
6 0 7 
6 7 0 
7 6 0 
7 0 6 

112 1341041911306012474 1 3
5 4 6 

28 4312993485518831787 1 3
4 3 2 

25 11149028268085365730 1 3
4 3 0 

282 10880432878561687756 2 4
3 4 1 8 
4 3 1 8 

14 4312993485518831787 1 3
1 3 2 

21 17250501025191192120 1 3
4 2 0 

278 12789541625296492562 1 4
4 2 1 8 

200 18054779487213094827 2 3
3 6 7 
3 7 6 

138 11149028268085365730 1 3
3 1 7 

11 11149028268085365730 1 3
1 3 0 

274 11149028268085365730 1 3
4 1 8 

404 8719361313860581746 1 4
4 2 7 8 

147 12159194040976764615 1 4
4 0 1 7 

196 3347474035243917583 2 3
2 6 7 
2 7 6 

35 9856009855437824259 2 3
1 0 5 
1 5 0 

42 11149028268085365730 1 3
1 3 5 

38 17250501025191192120 1 3
1 2 5 

321 2728381371886174304 6 3
0 6 8 
0 8 6 
6 0 8 
6 8 0 
8 6 0 
8 0 6 

56 11149028268085365730 1 3
4 3 5 

262 6298889260055877585 1 3
2 1 8 

392 17258787824257198352 2 3
3 7 8 
3 8 7 

135 3779725885503056035 1 4
1 7 2 0 

84 16965975250547559567 1 3
2 4 6 

52 17250501025191192120 1 3
4 2 5 

70 13546528906197365241 1 3
1 2 6 

67 16258839135554755291 2 3
1 0 6 
1 6 0 

324 9774276634092848451 2 3
2 6 8 
2 8 6 

197 8463222285952631605 2 4
6 7 2 0 
7 6 2 0 

15 4035577208844109525 1 4
1 3 2 0 

142 627544986314404477 1 4
1 7 3 2 

29 4035577208844109525 1 4
4 3 2 0 

156 3999615133273528924 1 4
4 7 3 2 

88 8861515513483241502 1 3
3 4 6 

154 17033440425027155532 2 4
3 4 1 7 
4 3 1 7 

24 17087753756477223945 2 2
3 4 
4 3 

281 14505538550821850107 1 4
4 8 3 0 

30 14349595228291949441 2 4
1 4 3 2 
4 1 3 2 

27 3350840979172127825 2 4
1 4 3 0 
4 1 3 0 

284 17005246620569769822 1 4
4 8 3 2 

46 4035577208844109525 1 4
1 3 2 5 

60 4035577208844109525 1 4
4 3 2 5 

43 17465662671288161290 2 4
1 3 0 5 
1 3 5 0 

170 15406660600063173003 2 4
1 7 3 5 
3 5 1 7 

58 10880432878561687756 2 4
1 4 3 5 
4 1 3 5 

54 12687085264273851511 2 4
1 4 5 2 
4 1 5 2 

280 9792737628942422839 2 3
3 4 8 
4 3 8 

23 16188122483201663660 2 4
1 4 0 2 
4 1 0 2 

150 4434659276709503625 1 4
4 2 1 7 

20 3085733323793310697 1 2
4 2 

277 14151208300524862112 1 4
4 8 2 0 

39 7612778270979485819 2 4
1 0 5 2 
1 5 0 2 

166 3779725885503056035 1 4
1 7 2 5 

57 17465662671288161290 2 4
4 3 0 5 
4 3 5 0 

184 12844178937462204567 1 4
4 7 3 5 

308 7217517528950775836 1 4
4 8 5 2 

51 13003072639446942615 2 4
1 4 0 5 
4 1 0 5 

178 14505538550821850107 1 4
4 5 1 7 

78 15638953140399287775 1 4
1 6 3 2 

53 7612778270979485819 2 4
4 0 5 2 
4 5 0 2 

180 14508448838968914373 1 4
4 7 2 5 

90 3210768476981048542 1 4
1 3 4 6 

86 7382083661758114260 1 4
1 2 4 6 

92 16005527282691261187 1 4
4 6 3 2 

328 18207486321558840374 2 3
3 6 8 
3 8 6 

71 6689629829753828406 1 4
1 6 0 2 

198 9889363183870086723 1 4
2 6 1 7 

332 7032344107752623430 2 4
6 8 3 2 
8 6 3 2 

75 12152577045520422986 1 4
1 6 3 0 

202 17894880357480254922 1 4
3 6 1 7 

89 7980685588675235420 1 4
4 6 3 0 

216 4146942101969140287 1 4
3 7 4 6 

340 7354186408691904313 1 4
2 8 4 6 

83 9863332126320056909 1 4
1 0 4 6 

210 1035053447983556851 1 4
4 6 1 7 

85 10088442562108752948 1 4
4 6 0 2 

212 10955256611918244732 1 4
2 7 4 6 

102 134455680556509299 1 4
1 6 5 2 

114 1426650309702511865 1 4
1 5 4 6 

106 5069303078012082896 1 4
1 6 3 5 

120 7980685588675235420 1 4
4 6 3 5 

116 10088442562108752948 1 4
4 6 5 2 

356 9569368710329024291 2 4
6 8 2 5 
8 6 2 5 

99 16339812223176129473 1 4
1 6 5 0 

226 7280204158998552156 2 4
5 6 1 7 
6 5 1 7 

113 5861847909819529241 2 4
4 6 5 0 
4 6 0 5 

240 4577395660377791505 1 4
5 7 4 6 

420 10567838955610075088 2 4
2 5 7 8 
2 5 8 7 

163 15030547681265595241 2 4
1 7 5 0 
1 7 0 5 

452 16260006813548696754 1 4
2 6 8 7 

195 311993389089937251 2 4
0 6 1 7 
6 0 1 7 

204 5747656065018169882 2 4
6 7 3 2 
7 6 3 2 

232 11990769028644529110 2 4
6 7 3 5 
7 6 3 5 

228 8463222285952631605 2 4
6 7 2 5 
7 6 2 5 

270 627544986314404477 1 4
1 8 3 2 

10 17087753756477223945 2 2
1 3 
3 1 

267 15406660600063173003 2 4
1 8 3 0 
3 0 1 8 

6 3085733323793310697 1 2
1 2 

263 3779725885503056035 1 4
1 8 2 0 

