bhabha2pb[0,-1,1,0,0,0,0,0,0]*(-3*a2)
bhabha2pb[0,0,1,0,0,0,0,0,-1]*(6*a2)
bhabha2pb[0,0,1,0,0,0,0,0,0]*(-3*a2*eta-21*a2)
bhabha2pb[0,0,0,0,0,0,0,0,0]*(3*a8+5*a5-3*a2-5*a6)
bhabha2pb[0,0,0,0,0,0,-1,1,0]*(-3*a7)
bhabha2pb[0,0,0,0,0,-1,0,1,0]*(-6*a7)
bhabha2pb[-1,0,0,0,0,1,0,0,0]*(-7*a5)
bhabha2pb[0,0,0,1,0,0,0,0,-1]*(-3*a3)
bhabha2pb[0,-1,0,1,0,0,0,0,0]*(6*a3)
bhabha2pb[0,0,0,0,0,1,-1,0,0]*(2*a5)
bhabha2pb[0,0,0,0,0,1,0,0,0]*(-14*a5)
bhabha2pb[0,-1,0,0,0,0,0,0,1]*(-5*a8)
bhabha2pb[0,0,-1,1,0,0,0,0,0]*(-3*a3)
bhabha2pb[0,0,0,0,0,0,0,0,1]*(-5*a8*eta)
bhabha2pb[0,0,-1,0,0,0,0,0,1]*(2*a8)
bhabha2pb[0,0,0,1,0,0,0,0,0]*(-3*a3+6*a3*eta)
bhabha2pb[0,0,0,0,0,0,0,1,0]*(18*a7)
bhabha2pb[-1,0,0,0,0,0,0,1,0]*(9*a7)
bhabha2pb[-1,0,0,0,0,0,1,0,0]*(7*a6)
bhabha2pb[0,0,0,0,0,0,1,0,0]*(14*a6)
bhabha2pb[0,0,0,0,0,-1,1,0,0]*(-2*a6)

bhabha2pb[0,-1,1,0,0,0,0,0,0]*(6*a2)
bhabha2pb[0,0,1,0,0,0,0,0,-1]*(-3*a2)
bhabha2pb[0,0,1,0,0,0,0,0,0]*(6*a2*eta+12*a2)
bhabha2pb[0,0,0,0,0,0,0,0,0]*(-3*a7+3*a8+3*a5-3*a3)
bhabha2pb[0,0,1,-1,0,0,0,0,0]*(-3*a2)
bhabha2pb[-1,0,0,0,0,0,0,1,0]*(5*a7)
bhabha2pb[-1,0,0,0,0,1,0,0,0]*(-5*a5)
bhabha2pb[0,-1,0,1,0,0,0,0,0]*(5*a3)
bhabha2pb[0,0,0,0,0,0,1,-1,0]*(-5*a6)
bhabha2pb[0,0,0,0,0,1,0,-1,0]*(2*a5)
bhabha2pb[0,0,0,0,0,1,0,0,0]*(-10*a5)
bhabha2pb[0,-1,0,0,0,0,0,0,1]*(-5*a8)
bhabha2pb[0,0,0,1,0,0,0,0,0]*(10*a3+5*a3*eta)
bhabha2pb[0,0,0,0,0,0,0,0,1]*(-10*a8-5*a8*eta)
bhabha2pb[0,0,0,0,0,0,1,0,0]*(22*a6)
bhabha2pb[0,0,0,-1,0,0,0,0,1]*(2*a8)
bhabha2pb[-1,0,0,0,0,0,1,0,0]*(11*a6)
bhabha2pb[0,0,0,1,0,0,0,0,-1]*(-2*a3)
bhabha2pb[0,0,0,0,0,-1,0,1,0]*(-2*a7)
bhabha2pb[0,0,0,0,0,-1,1,0,0]*(-6*a6)
bhabha2pb[0,0,0,0,0,0,0,1,0]*(10*a7)

bhabha2pb[0,0,0,0,0,0,0,0,0]*(6*a7-3*a8-3*a2-6*a6+6*a3)
bhabha2pb[0,0,1,0,0,0,0,0,-1]*(3*a2)
bhabha2pb[0,0,1,0,0,0,0,0,0]*(3*a2*eta-9*a2)
bhabha2pb[0,-1,1,0,0,0,0,0,0]*(3*a2)
bhabha2pb[0,0,1,-1,0,0,0,0,0]*(-3*a2)
bhabha2pb[-1,0,0,0,0,0,0,1,0]*(-4*a7)
bhabha2pb[-1,0,0,0,0,1,0,0,0]*(2*a5)
bhabha2pb[0,0,0,0,0,1,-1,0,0]*(3*a5)
bhabha2pb[0,0,0,0,0,1,0,0,0]*(4*a5)
bhabha2pb[0,0,0,0,0,0,1,-1,0]*(2*a6)
bhabha2pb[0,0,0,0,0,1,0,-1,0]*(-5*a5)
bhabha2pb[-1,0,0,0,0,0,1,0,0]*(4*a6)
bhabha2pb[0,0,-1,0,0,0,0,0,1]*(3*a8)
bhabha2pb[0,0,0,0,0,0,1,0,0]*(8*a6)
bhabha2pb[0,-1,0,0,0,0,0,0,1]*(5*a8)
bhabha2pb[0,0,0,-1,0,0,0,0,1]*(-5*a8)
bhabha2pb[0,0,0,0,0,0,0,0,1]*(25*a8+5*a8*eta)
bhabha2pb[0,0,0,0,0,0,0,1,0]*(-8*a7)
bhabha2pb[0,0,0,1,0,0,0,0,0]*(-22*a3-6*a3*eta)
bhabha2pb[0,-1,0,1,0,0,0,0,0]*(-6*a3)
bhabha2pb[0,0,0,1,0,0,0,0,-1]*(2*a3)
bhabha2pb[0,0,-1,1,0,0,0,0,0]*(-2*a3)
bhabha2pb[0,0,0,0,0,0,-1,1,0]*(-2*a7)

