494 9908790525309775654 4 7
8 3 1 2 5 7 6 
8 5 7 6 3 1 2 
8 7 5 6 1 3 2 
8 1 3 2 7 5 6 

508 16515118481816818159 1 7
8 3 2 7 5 4 6 

506 11991597659018196057 1 7
8 3 1 5 7 4 6 

505 3495657589955567163 1 7
8 3 0 7 5 4 6 

493 13237773975204428058 1 7
8 3 0 2 7 5 6 

491 10132410115765420934 1 7
8 3 1 0 5 7 6 

443 11107273867401467873 2 7
8 3 1 0 5 7 4 
8 7 5 4 1 3 0 

445 10818925114565583373 1 7
8 3 0 2 7 5 4 

446 10132410115765420934 1 7
8 7 5 4 1 3 2 

431 11991597659018196057 1 7
8 7 5 1 3 0 2 

381 15617233275376708989 1 7
8 3 0 2 5 4 6 

382 8328519396705072256 1 7
8 5 4 6 1 3 2 

379 7576579793620802785 1 7
8 5 4 6 1 3 0 

319 3883642256497491252 1 7
8 5 4 1 3 0 2 

367 5378704688344178762 1 7
8 5 6 1 3 0 2 

254 8889487504674123102 2 7
1 3 2 7 5 4 6 
3 1 2 7 5 4 6 

253 6796726135631230486 1 7
3 0 2 7 5 4 6 

239 8889487504674123102 2 7
5 7 6 3 1 0 2 
7 5 6 3 1 0 2 

251 3053815181446043836 1 7
3 1 0 7 5 4 6 

127 15407539457340964377 2 7
5 4 6 3 1 0 2 
5 6 4 3 1 0 2 

191 3053815181446043836 1 7
7 5 4 3 1 0 2 

501 3283522173196212527 1 7
8 0 2 7 5 4 6 

502 5378704688344178762 1 7
8 1 2 5 7 4 6 

499 3883642256497491252 1 7
8 1 0 5 7 4 6 

487 8328519396705072256 1 7
8 1 0 2 5 7 6 

375 11336904051049952447 4 7
8 1 2 0 5 6 4 
8 1 0 2 5 4 6 
8 5 4 6 1 0 2 
8 5 6 4 1 2 0 

439 7576579793620802785 1 7
8 1 0 2 5 7 4 

247 15407539457340964377 2 7
1 0 2 7 5 4 6 
1 2 0 7 5 4 6 

477 1005490904303647492 2 7
8 3 0 2 7 4 6 
8 7 4 6 3 0 2 

475 10818925114565583373 1 7
8 7 4 6 3 1 0 

478 13237773975204428058 1 7
8 7 4 6 3 1 2 

463 16515118481816818159 1 7
8 7 6 3 1 0 2 

415 3495657589955567163 1 7
8 7 4 3 1 0 2 

471 15617233275376708989 1 7
8 7 4 6 1 0 2 

223 6796726135631230486 1 7
7 4 6 3 1 0 2 

351 3283522173196212527 1 7
8 4 6 3 1 0 2 

504 13750237810689034750 1 6
3 8 7 5 4 6 

490 11616370611765744607 2 6
8 3 1 5 7 6 
8 1 3 7 5 6 

492 9412640555912399309 1 6
8 3 2 7 5 6 

489 7556315532869520071 1 6
8 3 0 7 5 6 

441 3698875373468030432 1 6
8 3 0 7 5 4 

444 3910171481660916484 1 6
8 3 2 7 5 4 

430 11616370611765744607 2 6
8 5 7 3 1 2 
8 7 5 1 3 2 

442 2142066381406890615 1 6
8 3 1 5 7 4 

429 1218026710231949217 1 6
8 7 5 3 0 2 

427 2142066381406890615 1 6
8 7 5 1 3 0 

378 6513605135832538275 1 6
8 1 3 5 4 6 

377 439802365614997974 1 6
8 3 0 5 4 6 

380 6731557536752627248 1 6
8 3 2 5 4 6 

365 3531651497620718212 1 6
8 5 6 3 0 2 

363 5945028823173629269 1 6
8 5 6 1 3 0 

366 9412640555912399309 1 6
8 5 6 1 3 2 

317 11952601482437896269 1 6
8 5 4 3 0 2 

238 17756126741628700531 8 6
1 3 2 5 7 6 
1 3 2 7 5 6 
3 1 2 5 7 6 
3 1 2 7 5 6 
5 7 6 1 3 2 
5 7 6 3 1 2 
7 5 6 3 1 2 
7 5 6 1 3 2 

318 8796745320480723038 1 6
8 5 4 1 3 2 

315 4116070138591506849 1 6
8 5 4 1 3 0 

303 15453768596313291023 1 6
5 8 1 3 0 2 

252 4908006549449729470 1 6
3 2 7 5 4 6 

250 14726895441069304156 2 6
1 3 7 5 4 6 
3 1 7 5 4 6 

249 2784007633359673300 1 6
3 0 7 5 4 6 

237 16725848883273342070 2 6
3 0 2 5 7 6 
3 0 2 7 5 6 

235 10468682947663614303 2 6
3 1 0 5 7 6 
3 1 0 7 5 6 

187 10488640453609608641 2 6
3 1 0 7 5 4 
7 5 4 3 1 0 

189 4764106975902113761 1 6
3 0 2 7 5 4 

190 10468682947663614303 2 6
7 5 4 3 1 2 
7 5 4 1 3 2 

175 14726895441069304156 2 6
5 7 3 1 0 2 
7 5 3 1 0 2 

126 5178468886762323107 4 6
5 4 6 1 3 2 
5 4 6 3 1 2 
5 6 4 3 1 2 
5 6 4 1 3 2 

123 8563212583164638614 2 6
5 4 6 3 1 0 
5 6 4 3 1 0 

125 2770634238021414293 2 6
3 0 2 5 4 6 
3 0 2 5 6 4 

111 4908006549449729470 1 6
5 6 3 1 0 2 

63 4908006549449729470 1 6
5 4 3 1 0 2 

497 3075854915365568640 2 6
0 8 7 5 4 6 
8 0 7 5 4 6 

500 116941039498839199 2 6
2 8 7 5 4 6 
8 2 7 5 4 6 

498 15453768596313291023 1 6
1 8 5 7 4 6 

485 18006789574656882005 1 6
8 0 2 7 5 6 

483 8796745320480723038 1 6
8 1 0 5 7 6 

486 9412640555912399309 1 6
8 1 2 5 7 6 

437 12251162943684098212 1 6
8 0 2 7 5 4 

438 5945028823173629269 1 6
8 1 2 5 7 4 

423 6513605135832538275 1 6
8 5 7 1 0 2 

435 4116070138591506849 1 6
8 1 0 5 7 4 

373 664897347585101596 2 6
8 2 0 5 6 4 
8 0 2 5 4 6 

374 11953788340704548208 1 6
8 1 2 5 4 6 

245 16548648243395015204 2 6
0 2 7 5 4 6 
2 0 7 5 4 6 

371 11953788340704548208 1 6
8 1 0 5 6 4 

359 11953788340704548208 1 6
8 5 6 1 0 2 

311 11953788340704548208 1 6
8 5 4 1 2 0 

246 4908006549449729470 1 6
1 2 7 5 4 6 

119 11620235337618928539 8 6
1 0 2 5 4 6 
1 0 2 5 6 4 
1 2 0 5 4 6 
1 2 0 5 6 4 
5 4 6 1 0 2 
5 4 6 1 2 0 
5 6 4 1 0 2 
5 6 4 1 2 0 

231 5178468886762323107 4 6
1 0 2 5 7 6 
1 0 2 7 5 6 
1 2 0 5 7 6 
1 2 0 7 5 6 

183 8563212583164638614 2 6
1 0 2 7 5 4 
1 2 0 7 5 4 

243 4908006549449729470 1 6
1 0 7 5 4 6 

476 14309932175083082534 1 6
8 3 2 7 4 6 

473 6835693341245772197 1 6
8 3 0 7 4 6 

474 1218026710231949217 1 6
8 3 1 7 4 6 

461 14309932175083082534 1 6
8 7 6 3 0 2 

462 9412640555912399309 1 6
8 7 6 3 1 2 

459 3910171481660916484 1 6
8 7 6 3 1 0 

413 6835693341245772197 1 6
8 7 4 3 0 2 

414 7556315532869520071 1 6
8 7 4 3 1 2 

411 3698875373468030432 1 6
8 7 4 3 1 0 

399 13750237810689034750 1 6
7 8 3 1 0 2 

349 17630164586937527526 1 6
8 4 6 3 0 2 

350 18006789574656882005 1 6
8 4 6 3 1 2 

347 12251162943684098212 1 6
8 4 6 3 1 0 

335 116941039498839199 2 6
6 8 3 1 0 2 
8 6 3 1 0 2 

221 885146954725261282 2 6
3 0 2 7 4 6 
7 4 6 3 0 2 

287 3075854915365568640 2 6
4 8 3 1 0 2 
8 4 3 1 0 2 

222 16725848883273342070 2 6
7 4 6 3 1 2 
7 4 6 1 3 2 

219 4764106975902113761 1 6
7 4 6 3 1 0 

159 2784007633359673300 1 6
7 4 3 1 0 2 

207 4908006549449729470 1 6
7 6 3 1 0 2 

95 16548648243395015204 2 6
4 6 3 1 0 2 
6 4 3 1 0 2 

469 17630164586937527526 1 6
8 0 2 7 4 6 

470 3531651497620718212 1 6
8 1 2 7 4 6 

467 11952601482437896269 1 6
8 1 0 7 4 6 

343 664897347585101596 2 6
8 4 6 1 0 2 
8 6 4 1 2 0 

407 439802365614997974 1 6
8 7 4 1 0 2 

215 2770634238021414293 2 6
7 4 6 1 2 0 
7 4 6 1 0 2 

455 6731557536752627248 1 6
8 7 6 1 0 2 

426 7020025475163217522 4 5
8 3 1 5 7 
8 5 7 3 1 
8 7 5 1 3 
8 1 3 7 5 

488 11754538530388310811 1 5
3 8 7 5 6 

440 9743576186089899044 1 5
3 8 7 5 4 

428 2903975499774314472 1 5
8 3 2 7 5 

425 11102861165387287137 1 5
8 3 0 7 5 

60 15406660600063173003 2 4
3 2 5 4 
5 4 3 2 

57 1361567497545663179 1 4
3 0 5 4 

314 8759198559815617700 1 5
8 5 4 1 3 

58 3672422587768820861 2 4
5 4 3 1 
5 4 1 3 

45 11505578824550306296 1 4
5 3 0 2 

302 11754538530388310811 1 5
5 8 1 3 2 

46 1325189704832684400 2 4
5 3 1 2 
5 1 3 2 

43 710983609461443341 1 4
5 3 1 0 

300 10678243750605623333 1 4
5 8 3 2 

354 12159194040976764615 1 4
1 8 5 6 

306 12159194040976764615 1 4
1 8 5 4 

356 6925972535638963533 2 4
2 8 5 6 
8 2 5 6 

99 15406660600063173003 2 4
1 0 5 6 
5 6 1 0 

102 15406660600063173003 2 4
1 2 5 6 
5 6 1 2 

101 17273543508590570368 2 4
5 6 0 2 
5 6 2 0 

358 4729197768228215044 2 5
8 5 6 1 2 
8 1 2 5 6 

353 4415345656511538872 2 4
0 8 5 6 
8 0 5 6 

226 1325189704832684400 2 4
1 5 7 6 
1 7 5 6 

114 9890512650732357778 2 4
1 5 4 6 
1 5 6 4 

53 17273543508590570368 2 4
5 4 2 0 
5 4 0 2 

310 8249700287224329935 2 5
8 5 4 1 2 
8 1 2 5 4 

308 4415345656511538872 2 4
2 8 5 4 
8 2 5 4 

51 15406660600063173003 2 4
1 0 5 4 
5 4 1 0 

54 15406660600063173003 2 4
1 2 5 4 
5 4 1 2 

305 6925972535638963533 2 4
0 8 5 4 
8 0 5 4 

178 710983609461443341 1 4
1 7 5 4 

420 9113855309555439349 4 4
2 8 7 5 
2 8 5 7 
8 2 7 5 
8 2 5 7 

163 3672422587768820861 2 4
1 0 5 7 
1 0 7 5 

293 352515996741112502 2 4
5 8 0 2 
5 8 2 0 

166 3672422587768820861 2 4
1 2 5 7 
1 2 7 5 

39 9890512650732357778 2 4
5 1 2 0 
5 1 0 2 

296 17034127061060784930 2 3
3 5 8 
5 3 8 

332 6925972535638963533 2 4
6 8 3 2 
8 6 3 2 

330 9113855309555439349 4 4
6 8 1 3 
6 8 3 1 
8 6 3 1 
8 6 1 3 

284 3656293589500805796 2 4
4 8 3 2 
8 4 3 2 

282 14835034075364811306 2 4
4 8 3 1 
8 4 3 1 

204 15406660600063173003 2 4
3 2 7 6 
7 6 3 2 

456 12159194040976764615 1 4
3 8 7 6 

199 6275489921679089238 2 5
7 6 1 2 0 
7 6 1 0 2 

329 1981236148779951358 2 4
6 8 3 0 
8 6 3 0 

202 3672422587768820861 2 4
7 6 3 1 
7 6 1 3 

408 11042797408386191705 1 4
3 8 7 4 

151 1055489392463458374 2 5
7 4 1 2 0 
7 4 1 0 2 

281 10955052312094187409 2 4
4 8 3 0 
8 4 3 0 

154 16318042805113000014 2 4
7 4 3 1 
7 4 1 3 

156 1361567497545663179 1 4
7 4 3 2 

141 11505578824550306296 1 4
7 3 0 2 

398 11754538530388310811 1 5
7 8 3 1 2 

396 12159194040976764615 1 4
7 8 3 2 

139 710983609461443341 1 4
7 3 1 0 

142 1325189704832684400 2 4
7 3 1 2 
7 1 3 2 

393 11042797408386191705 1 4
7 8 3 0 

136 17087753756477223945 2 2
3 7 
7 3 

344 17483863956178973856 1 4
3 8 4 6 

87 11612214049514973333 4 5
4 6 1 0 2 
4 6 1 2 0 
6 4 1 2 0 
6 4 1 0 2 

90 226500268584210914 4 4
1 3 4 6 
1 3 6 4 
3 1 4 6 
3 1 6 4 

92 17273543508590570368 2 4
3 2 4 6 
3 2 6 4 

216 11505578824550306296 1 4
3 7 4 6 

89 2292719889953459944 2 4
3 0 4 6 
3 0 6 4 

346 14289335156903113249 1 5
8 3 1 4 6 

338 352515996741112502 2 4
1 8 6 4 
1 8 4 6 

153 12030119370035199782 2 4
3 0 7 4 
7 4 3 0 

410 11102861165387287137 1 5
8 7 4 3 1 

280 12769602731266802952 2 3
3 4 8 
3 8 4 

44 11149028268085365730 1 3
5 3 2 

301 14625197825051044866 1 5
5 8 3 0 2 

200 11149028268085365730 1 3
3 7 6 

457 4005307340539020879 1 5
8 3 0 7 6 

82 13366814545066617902 2 3
1 4 6 
1 6 4 

339 7634981992338201154 1 5
8 1 0 6 4 

137 1100806113672523033 1 3
7 3 0 

394 16263707073762088265 1 4
7 8 3 1 

152 1100806113672523033 1 3
3 7 4 

409 6277357237078501203 2 5
8 3 0 7 4 
8 7 4 3 0 

34 17087753756477223945 2 2
1 5 
5 1 

291 12159194040976764615 1 4
5 8 1 0 

197 17273543508590570368 2 4
7 6 2 0 
7 6 0 2 

454 14101386073281614423 2 5
8 7 6 1 2 
8 1 2 7 6 

138 13656853919990625924 2 3
7 3 1 
7 1 3 

395 9743576186089899044 1 5
7 8 3 1 0 

392 3519693191574693728 2 3
3 7 8 
7 3 8 

135 9890512650732357778 2 4
7 1 2 0 
7 1 0 2 

201 1361567497545663179 1 4
3 0 7 6 

458 2903975499774314472 1 5
8 7 6 3 1 

328 10706753935364593016 2 3
3 6 8 
3 8 6 

386 17034127061060784930 2 3
1 7 8 
7 1 8 

85 6733546516000741028 8 4
0 2 4 6 
0 2 6 4 
2 0 4 6 
2 0 6 4 
4 6 0 2 
4 6 2 0 
6 4 2 0 
6 4 0 2 

342 7634981992338201154 1 5
8 1 2 4 6 

418 16263707073762088265 1 4
1 8 5 7 

37 13366814545066617902 2 3
5 2 0 
5 0 2 

294 12159194040976764615 1 4
5 8 1 2 

326 6925972535638963533 2 4
6 8 1 2 
8 6 1 2 

130 17087753756477223945 2 2
1 7 
7 1 

387 5790440775842555603 1 4
7 8 1 0 

40 17087753756477223945 2 2
3 5 
5 3 

297 1109700626124330340 1 4
5 8 3 0 

149 2292719889953459944 2 4
7 4 2 0 
7 4 0 2 

406 10237530559430110297 1 5
8 7 4 1 2 

276 14860785610888650053 6 3
2 4 8 
2 8 4 
4 2 8 
4 8 2 
8 4 2 
8 2 4 

140 11149028268085365730 1 3
7 3 2 

397 4949083511651283518 1 5
7 8 3 0 2 

388 10706753935364593016 2 3
7 2 8 
7 8 2 

131 11149028268085365730 1 3
7 1 0 

134 11149028268085365730 1 3
7 1 2 

391 15399886513521741890 1 5
7 8 1 0 2 

133 13366814545066617902 2 3
7 2 0 
7 0 2 

390 10678243750605623333 1 4
7 8 1 2 

88 13366814545066617902 2 3
3 4 6 
3 6 4 

345 2222710801986011841 1 5
8 3 0 4 6 

401 10955052312094187409 2 4
0 8 7 4 
8 0 7 4 

274 10706753935364593016 2 3
1 4 8 
1 8 4 

147 1361567497545663179 1 4
7 4 1 0 

404 1981236148779951358 2 4
2 8 7 4 
8 2 7 4 

146 1100806113672523033 1 3
1 7 4 

403 7385873939676340471 1 5
8 7 4 1 0 

450 10678243750605623333 1 4
1 8 7 6 

323 4415345656511538872 2 4
6 8 1 0 
8 6 1 0 

385 12769602731266802952 2 3
7 0 8 
7 8 0 

321 14860785610888650053 6 3
0 6 8 
0 8 6 
6 0 8 
6 8 0 
8 6 0 
8 0 6 

194 11149028268085365730 1 3
1 7 6 

451 10118561873234284183 1 5
8 7 6 1 0 

389 17483863956178973856 1 4
7 8 0 2 

449 3656293589500805796 2 4
0 8 7 6 
8 0 7 6 

195 15406660600063173003 2 4
1 0 7 6 
7 6 1 0 

452 6925972535638963533 2 4
2 8 7 6 
8 2 7 6 

322 10706753935364593016 2 3
1 6 8 
1 8 6 

340 16597801642729134302 2 4
2 8 4 6 
8 2 4 6 

83 17273543508590570368 2 4
1 0 4 6 
1 0 6 4 

86 17273543508590570368 2 4
1 2 4 6 
1 2 6 4 

50 11149028268085365730 1 3
1 5 4 

307 4729197768228215044 2 5
8 1 0 5 4 
8 5 4 1 0 

98 11149028268085365730 1 3
1 5 6 

355 8249700287224329935 2 5
8 1 0 5 6 
8 5 6 1 0 

402 1109700626124330340 1 4
1 8 7 4 

275 6925972535638963533 2 4
4 8 1 0 
8 4 1 0 

35 11149028268085365730 1 3
5 1 0 

292 10706753935364593016 2 3
5 2 8 
5 8 2 

162 13656853919990625924 2 3
1 5 7 
1 7 5 

419 8759198559815617700 1 5
8 1 0 5 7 

289 10706753935364593016 2 3
5 0 8 
5 8 0 

417 14835034075364811306 2 4
0 8 7 5 
8 0 7 5 

290 3519693191574693728 2 3
1 5 8 
5 1 8 

165 226500268584210914 4 4
5 7 0 2 
5 7 2 0 
7 5 2 0 
7 5 0 2 

422 2903975499774314472 1 5
8 1 2 5 7 

38 11149028268085365730 1 3
5 1 2 

295 8259646680289760488 2 5
5 8 1 0 2 
5 8 1 2 0 

56 11149028268085365730 1 3
3 5 4 

313 7385873939676340471 1 5
8 3 0 5 4 

168 13656853919990625924 2 3
3 5 7 
3 7 5 

41 1100806113672523033 1 3
5 3 0 

298 16263707073762088265 1 4
5 8 1 3 

150 1361567497545663179 1 4
7 4 1 2 

277 16597801642729134302 2 4
4 8 2 0 
8 4 2 0 

278 4415345656511538872 2 4
4 8 1 2 
8 4 1 2 

104 11149028268085365730 1 3
3 5 6 

361 10237530559430110297 1 5
8 3 0 5 6 

42 13656853919990625924 2 3
5 3 1 
5 1 3 

299 11084380748140727415 1 5
5 8 1 3 0 

337 16597801642729134302 2 4
0 8 6 4 
8 0 6 4 

210 11505578824550306296 1 4
1 7 4 6 

198 15406660600063173003 2 4
1 2 7 6 
7 6 1 2 

325 16597801642729134302 2 4
6 8 0 2 
8 6 0 2 

105 1361567497545663179 1 4
3 0 5 6 

362 2903975499774314472 1 5
8 5 6 1 3 

108 15406660600063173003 2 4
3 2 5 6 
5 6 3 2 

120 9890512650732357778 2 4
3 5 4 6 
3 5 6 4 

106 3672422587768820861 2 4
5 6 1 3 
5 6 3 1 

184 710983609461443341 1 4
3 7 5 4 

172 3672422587768820861 2 4
3 2 5 7 
3 2 7 5 

169 16318042805113000014 2 4
3 0 5 7 
3 0 7 5 

232 1325189704832684400 2 4
3 5 7 6 
3 7 5 6 

312 5790440775842555603 1 4
3 8 5 4 

55 6275489921679089238 2 5
5 4 1 2 0 
5 4 1 0 2 

360 10678243750605623333 1 4
3 8 5 6 

103 6275489921679089238 2 5
5 6 1 0 2 
5 6 1 2 0 

170 1788481816032616716 8 4
1 3 5 7 
1 3 7 5 
3 1 5 7 
3 1 7 5 
5 7 1 3 
5 7 3 1 
7 5 3 1 
7 5 1 3 

424 16263707073762088265 1 4
3 8 7 5 

167 17210670490316903930 4 5
5 7 1 0 2 
5 7 1 2 0 
7 5 1 2 0 
7 5 1 0 2 

211 122739892342492504 1 5
1 0 7 4 6 

468 3932912945620292719 2 5
2 8 7 4 6 
8 2 7 4 6 

214 122739892342492504 1 5
1 2 7 4 6 

279 10034266139738798973 2 5
4 8 1 2 0 
8 4 1 2 0 

213 7771622745969705018 2 5
0 2 7 4 6 
2 0 7 4 6 

327 10034266139738798973 2 5
6 8 1 0 2 
8 6 1 0 2 

341 15587815705701098657 4 5
8 2 0 6 4 
8 4 6 0 2 
8 6 4 2 0 
8 0 2 4 6 

405 2222710801986011841 1 5
8 7 4 0 2 

453 9610149598900032254 1 5
8 7 6 0 2 

466 14625197825051044866 1 5
1 8 7 4 6 

465 3533603160144288886 2 5
0 8 7 4 6 
8 0 7 4 6 

94 15609286567341687251 4 5
4 6 3 1 2 
4 6 1 3 2 
6 4 3 1 2 
6 4 1 3 2 

91 7118279345334762284 2 5
4 6 3 1 0 
6 4 3 1 0 

348 9610149598900032254 1 5
8 3 2 4 6 

143 11699716099694416210 1 5
7 3 1 0 2 

93 7771622745969705018 2 5
4 6 3 0 2 
6 4 3 0 2 

155 14417568947829048853 1 5
7 4 3 1 0 

412 4005307340539020879 1 5
8 7 4 3 2 

158 18207528371512140480 2 5
7 4 3 1 2 
7 4 1 3 2 

157 4845032295247608824 1 5
7 4 3 0 2 

203 15552171818323427777 1 5
7 6 3 1 0 

460 4729197768228215044 2 5
8 3 2 7 6 
8 7 6 3 2 

206 12922176633001158555 2 5
7 6 3 1 2 
7 6 1 3 2 

205 122739892342492504 1 5
7 6 3 0 2 

220 122739892342492504 1 5
3 2 7 4 6 

217 4845032295247608824 1 5
3 0 7 4 6 

218 2576903528297243763 2 5
1 3 7 4 6 
3 1 7 4 6 

286 2289104376326690067 2 5
4 8 3 1 2 
8 4 3 1 2 

283 8842202892809668077 2 5
4 8 3 1 0 
8 4 3 1 0 

285 3533603160144288886 2 5
4 8 3 0 2 
8 4 3 0 2 

333 3932912945620292719 2 5
6 8 3 0 2 
8 6 3 0 2 

331 13451169295447157555 2 5
6 8 3 1 0 
8 6 3 1 0 

334 12717222853809311445 4 5
6 8 3 1 2 
6 8 1 3 2 
8 6 3 1 2 
8 6 1 3 2 

472 4949083511651283518 1 5
3 8 7 4 6 

118 6275489921679089238 2 5
1 2 5 4 6 
1 2 5 6 4 

115 6275489921679089238 2 5
1 0 5 4 6 
1 0 5 6 4 

372 10034266139738798973 2 5
2 8 5 4 6 
8 2 5 4 6 

117 11612214049514973333 4 5
0 2 5 4 6 
0 2 5 6 4 
2 0 5 4 6 
2 0 5 6 4 

179 15552171818323427777 1 5
1 0 7 5 4 

436 13451169295447157555 2 5
2 8 7 5 4 
8 2 7 5 4 

182 15552171818323427777 1 5
1 2 7 5 4 

227 12922176633001158555 2 5
1 0 5 7 6 
1 0 7 5 6 

484 12717222853809311445 4 5
2 8 7 5 6 
2 8 5 7 6 
8 2 7 5 6 
8 2 5 7 6 

230 12922176633001158555 2 5
1 2 5 7 6 
1 2 7 5 6 

181 7118279345334762284 2 5
0 2 7 5 4 
2 0 7 5 4 

242 11699716099694416210 1 5
1 7 5 4 6 

229 15609286567341687251 4 5
0 2 5 7 6 
0 2 7 5 6 
2 0 5 7 6 
2 0 7 5 6 

309 7634981992338201154 1 5
8 5 4 2 0 

357 7634981992338201154 1 5
8 5 6 0 2 

370 8259646680289760488 2 5
1 8 5 6 4 
1 8 5 4 6 

369 10034266139738798973 2 5
0 8 5 6 4 
8 0 5 6 4 

421 14289335156903113249 1 5
8 7 5 0 2 

434 11084380748140727415 1 5
1 8 5 7 4 

482 11754538530388310811 1 5
1 8 5 7 6 

433 8842202892809668077 2 5
0 8 7 5 4 
8 0 7 5 4 

481 2289104376326690067 2 5
0 8 7 5 6 
8 0 7 5 6 

47 11699716099694416210 1 5
5 3 1 0 2 

59 15552171818323427777 1 5
5 4 3 1 0 

316 10118561873234284183 1 5
8 3 2 5 4 

62 12922176633001158555 2 5
5 4 3 1 2 
5 4 1 3 2 

61 122739892342492504 1 5
5 4 3 0 2 

110 12922176633001158555 2 5
5 6 3 1 2 
5 6 1 3 2 

109 122739892342492504 1 5
5 6 3 0 2 

107 15552171818323427777 1 5
5 6 3 1 0 

364 14101386073281614423 2 5
8 3 2 5 6 
8 5 6 3 2 

124 6275489921679089238 2 5
3 2 5 4 6 
3 2 5 6 4 

121 1055489392463458374 2 5
3 0 5 4 6 
3 0 5 6 4 

122 17210670490316903930 4 5
1 3 5 4 6 
1 3 5 6 4 
3 1 5 4 6 
3 1 5 6 4 

171 16234861693636487131 2 5
5 7 3 1 0 
7 5 3 1 0 

173 2576903528297243763 2 5
5 7 3 0 2 
7 5 3 0 2 

174 9240981769496231536 4 5
5 7 3 1 2 
5 7 1 3 2 
7 5 3 1 2 
7 5 1 3 2 

186 16234861693636487131 2 5
1 3 7 5 4 
3 1 7 5 4 

185 14417568947829048853 1 5
3 0 7 5 4 

188 15552171818323427777 1 5
3 2 7 5 4 

236 12922176633001158555 2 5
3 2 5 7 6 
3 2 7 5 6 

248 11699716099694416210 1 5
3 7 5 4 6 

233 18207528371512140480 2 5
3 0 5 7 6 
3 0 7 5 6 

234 9240981769496231536 4 5
1 3 5 7 6 
1 3 7 5 6 
3 1 5 7 6 
3 1 7 5 6 

376 15399886513521741890 1 5
3 8 5 4 6 

