bhabha2pb[-1,1,0,0,0,0,0,0,0]*(8*a1)
bhabha2pb[0,1,0,0,-1,0,0,0,0]*(-16*a1)
bhabha2pb[0,1,0,0,0,0,0,0,0]*(-32*a1)
bhabha2pb[0,0,0,0,0,0,0,0,0]*(8*a3-8*a7-8*a4+8*a1)
bhabha2pb[0,0,0,0,-1,0,0,0,1]*(8*a8)
bhabha2pb[0,0,0,1,0,0,0,-1,0]*(-16*a3)
bhabha2pb[0,0,-1,1,0,0,0,0,0]*(8*a3)
bhabha2pb[0,0,0,1,0,0,0,0,0]*(-32*a3)
bhabha2pb[0,0,0,0,0,0,0,0,1]*(8*a8)
bhabha2pb[0,0,0,0,0,0,1,-1,0]*(8*a6)
bhabha2pb[0,0,0,0,0,0,1,0,0]*(8*a6)
bhabha2pb[-1,0,0,0,0,0,0,0,1]*(-5*a8)
bhabha2pb[-1,0,0,0,1,0,0,0,0]*(6*a4)
bhabha2pb[0,0,0,-1,0,0,1,0,0]*(-3*a6)
bhabha2pb[0,-1,0,0,1,0,0,0,0]*(2*a4)
bhabha2pb[0,0,-1,0,0,0,1,0,0]*(-5*a6)
bhabha2pb[0,0,-1,0,0,0,0,1,0]*(6*a7)
bhabha2pb[0,-1,0,0,0,0,0,0,1]*(-3*a8)
bhabha2pb[0,0,0,-1,0,0,0,1,0]*(2*a7)

bhabha2pb[-1,1,0,0,0,0,0,0,0]*(-16*a1)
bhabha2pb[0,1,0,0,-1,0,0,0,0]*(8*a1)
bhabha2pb[0,1,0,0,0,0,0,0,0]*(-32*a1)
bhabha2pb[0,0,0,0,0,0,0,0,0]*(-3*a6+3*a7+3*a4-3*a8)
bhabha2pb[0,1,0,0,0,0,0,0,-1]*(8*a1)
bhabha2pb[-1,0,0,0,0,0,0,0,1]*(5*a8)
bhabha2pb[0,0,-1,1,0,0,0,0,0]*(-16*a3)
bhabha2pb[0,0,0,1,0,0,0,-1,0]*(8*a3)
bhabha2pb[0,0,0,1,0,0,0,0,0]*(-32*a3)
bhabha2pb[0,0,-1,0,0,0,1,0,0]*(5*a6)
bhabha2pb[0,0,0,1,0,0,-1,0,0]*(8*a3)
bhabha2pb[0,0,0,0,0,0,0,0,1]*(10*a8)
bhabha2pb[-1,0,0,0,1,0,0,0,0]*(-5*a4)
bhabha2pb[0,0,0,0,0,0,1,0,0]*(10*a6)
bhabha2pb[0,0,0,0,-1,0,0,0,1]*(-2*a8)
bhabha2pb[0,0,0,0,1,0,0,0,-1]*(2*a4)
bhabha2pb[0,0,0,0,1,0,0,0,0]*(-10*a4)
bhabha2pb[0,0,-1,0,0,0,0,1,0]*(-5*a7)
bhabha2pb[0,0,0,0,0,0,1,-1,0]*(-2*a6)
bhabha2pb[0,0,0,0,0,0,0,1,0]*(-10*a7)
bhabha2pb[0,0,0,0,0,0,-1,1,0]*(2*a7)

bhabha2pb[0,0,0,0,0,0,0,0,0]*(-5*a6+8*a3-3*a7-3*a4+8*a1-5*a8)
bhabha2pb[0,1,0,0,-1,0,0,0,0]*(-8*a1)
bhabha2pb[0,1,0,0,0,0,0,0,0]*(-64*a1)
bhabha2pb[-1,1,0,0,0,0,0,0,0]*(-8*a1)
bhabha2pb[0,1,0,0,0,0,0,0,-1]*(8*a1)
bhabha2pb[0,0,0,0,0,0,1,-1,0]*(2*a6)
bhabha2pb[-1,0,0,0,0,0,0,0,1]*(5*a8)
bhabha2pb[0,0,0,1,0,0,0,-1,0]*(-8*a3)
bhabha2pb[0,0,0,1,0,0,0,0,0]*(-64*a3)
bhabha2pb[0,0,-1,1,0,0,0,0,0]*(-8*a3)
bhabha2pb[0,0,0,1,0,0,-1,0,0]*(8*a3)
bhabha2pb[0,0,-1,0,0,0,1,0,0]*(5*a6)
bhabha2pb[0,-1,0,0,1,0,0,0,0]*(3*a4)
bhabha2pb[0,0,0,0,0,0,0,0,1]*(22*a8)
bhabha2pb[-1,0,0,0,1,0,0,0,0]*(-6*a4)
bhabha2pb[0,0,0,0,1,0,0,0,-1]*(6*a4)
bhabha2pb[0,0,0,0,1,0,0,0,0]*(-30*a4)
bhabha2pb[0,0,0,-1,0,0,0,1,0]*(3*a7)
bhabha2pb[0,0,0,0,-1,0,0,0,1]*(2*a8)
bhabha2pb[0,0,-1,0,0,0,0,1,0]*(-6*a7)
bhabha2pb[0,0,0,0,0,0,-1,1,0]*(6*a7)
bhabha2pb[0,0,0,0,0,0,0,1,0]*(-30*a7)
bhabha2pb[0,-1,0,0,0,0,0,0,1]*(-2*a8)
bhabha2pb[0,0,0,0,0,0,1,0,0]*(22*a6)
bhabha2pb[0,0,0,-1,0,0,1,0,0]*(-2*a6)

