500 12954432322313652415 1 6
2 4 5 8 7 6 

469 10324178800791701085 1 6
2 0 4 7 6 8 

476 14968394392520699717 1 6
2 4 3 6 7 8 

470 11840456740064416592 2 6
2 4 7 6 8 1 
4 2 7 6 8 1 

492 14569913011339353888 1 6
2 5 3 6 8 7 

485 17523440535078963618 1 6
2 0 5 8 7 6 

455 13199803136441977267 2 6
0 2 7 8 6 1 
2 0 7 8 6 1 

486 1576105964809646214 1 6
2 5 8 7 6 1 

461 16152064737365051841 1 6
2 0 3 6 7 8 

462 16977417411675383531 1 6
2 3 6 7 8 1 

504 17097523638238874918 1 6
4 5 3 7 8 6 

473 7302040009763789016 2 6
0 4 3 7 8 6 
4 0 3 7 8 6 

498 1304243558005810193 1 6
4 5 7 8 6 1 

497 6497339748993490594 1 6
4 0 5 7 8 6 

467 17052299690074768682 2 6
0 4 7 8 6 1 
4 0 7 8 6 1 

490 12401893858806423290 2 6
3 5 7 8 6 1 
5 3 7 8 6 1 

489 11740379513361013714 2 6
0 3 5 7 8 6 
0 5 3 7 8 6 

474 11917370000372678268 1 6
4 3 7 8 6 1 

483 11917370000372678268 1 6
0 5 7 8 6 1 

444 13911938159270742148 1 6
2 7 8 4 5 3 

437 3078345896496363117 1 6
2 7 8 0 4 5 

459 11917370000372678268 1 6
0 3 7 8 6 1 

438 3694301484057993725 1 6
2 4 5 8 7 1 

413 10089870421491314433 1 6
2 7 8 0 4 3 

407 16358667462191051820 1 6
2 0 4 7 8 1 

414 17330007741784970341 1 6
2 4 3 7 8 1 

429 7052911502216383260 1 6
2 8 7 0 5 3 

430 9681729367205757355 1 6
2 5 3 8 7 1 

399 17715479528349161577 1 6
2 0 3 7 8 1 

423 1328737490764713342 1 6
2 0 5 8 7 1 

441 4744566871053238240 2 6
7 8 4 0 5 3 
8 7 4 0 5 3 

411 3658978699325175798 4 6
0 4 3 7 8 1 
0 4 3 8 7 1 
4 0 3 7 8 1 
4 0 3 8 7 1 

435 7885376472393853246 2 6
4 0 5 7 8 1 
4 0 5 8 7 1 

442 5898310776143267316 2 6
4 5 3 7 8 1 
4 5 3 8 7 1 

427 4645160520637740053 4 6
0 3 5 7 8 1 
0 3 5 8 7 1 
0 5 3 7 8 1 
0 5 3 8 7 1 

380 16664427579231199983 1 6
2 6 8 4 5 3 

373 6198791263898651110 1 6
2 8 6 0 4 5 

374 8798119435491107255 1 6
2 4 5 8 6 1 

349 14398470597615575590 1 6
2 6 8 0 4 3 

343 11583023075728360516 1 6
2 0 4 6 8 1 

365 6796725368670291965 2 6
2 6 8 0 5 3 
2 8 6 0 3 5 

350 12697528198486179417 1 6
2 4 3 6 1 8 

366 17976580324176975599 2 6
2 3 5 8 6 1 
2 5 3 6 8 1 

359 6325925176805270755 1 6
2 0 5 8 6 1 

335 6325925176805270755 1 6
2 0 3 6 8 1 

377 4632054525150775512 2 6
6 8 4 0 5 3 
8 6 4 0 5 3 

347 9970901174544258223 4 6
0 4 3 6 8 1 
0 4 3 8 6 1 
4 0 3 6 8 1 
4 0 3 8 6 1 

378 1071285484515003149 2 6
4 5 3 6 8 1 
4 5 3 8 6 1 

371 5246669479334941510 2 6
4 0 5 6 8 1 
4 0 5 8 6 1 

363 16725217857432906014 4 6
0 3 5 6 8 1 
0 3 5 8 6 1 
0 5 3 6 8 1 
0 5 3 8 6 1 

311 8364692237656423413 1 6
2 8 1 0 4 5 

318 9736582698070546502 1 6
2 8 1 4 5 3 

317 11572521549433394709 1 6
2 8 0 4 5 3 

287 9080266822745369349 1 6
2 8 1 0 4 3 

303 12614511345883797313 1 6
2 8 1 0 5 3 

315 13048829587276733976 2 6
1 8 4 0 5 3 
8 1 4 0 5 3 

252 1618724763486989209 1 6
2 6 7 4 3 5 

245 8675951958905952876 1 6
2 7 6 4 0 5 

246 2571312123601243152 1 6
2 4 5 7 6 1 

215 10558086581282459625 2 6
2 0 4 6 7 1 
2 0 4 7 6 1 

221 18147841381288099203 2 6
2 6 7 4 0 3 
2 6 7 0 4 3 

222 12305474060853068330 1 6
2 4 3 6 7 1 

237 13504561965572454744 1 6
2 6 7 0 3 5 

231 7849881242710912213 1 6
2 0 5 7 6 1 

238 1793624970813666674 1 6
2 3 5 6 7 1 

207 1594512800798794711 1 6
2 0 3 6 7 1 

249 15736478419180230057 2 6
6 7 4 0 5 3 
7 6 4 0 5 3 

219 1618768689536800370 4 6
0 4 3 6 7 1 
0 4 3 7 6 1 
4 0 3 6 7 1 
4 0 3 7 6 1 

250 4280571145994189404 2 6
4 5 3 6 7 1 
4 5 3 7 6 1 

243 14744414191146251076 2 6
4 0 5 6 7 1 
4 0 5 7 6 1 

235 2403458462352562197 4 6
0 3 5 6 7 1 
0 3 5 7 6 1 
0 5 3 6 7 1 
0 5 3 7 6 1 

189 11931311806737711937 1 6
2 7 4 0 5 3 

190 5793143688308144101 1 6
2 7 1 4 5 3 

183 1107629269010669714 1 6
2 7 1 0 4 5 

159 8810552288932485745 1 6
2 7 1 0 4 3 

175 75527342547715654 1 6
2 7 1 0 5 3 

187 13048829587276733976 2 6
1 7 4 0 5 3 
7 1 4 0 5 3 

119 12201228193780825106 1 6
2 6 1 0 4 5 

126 10786059362310078685 1 6
2 6 1 4 3 5 

125 2008615188055694718 1 6
2 6 4 0 3 5 

95 10916255558359103914 1 6
2 6 1 0 4 3 

111 12614511345883797313 1 6
2 6 1 0 3 5 

123 13048829587276733976 2 6
1 6 4 0 5 3 
6 1 4 0 5 3 

63 10432881352302308088 1 6
2 1 0 4 5 3 

468 12493972253818679991 2 5
2 4 7 6 8 
4 2 7 6 8 

453 1967754488202163944 2 5
0 2 7 8 6 
2 0 7 8 6 

484 552777010579638669 1 5
2 5 8 7 6 

460 3563861762695325245 1 5
2 3 6 7 8 

454 17760995621604911877 1 5
2 7 8 6 1 

326 2506011958774662217 2 4
2 6 8 1 
2 8 6 1 

69 17662388742419376403 2 3
0 2 6 
2 0 6 

278 12228316347960694542 2 4
2 4 1 8 
4 2 1 8 

21 17383987363454026160 2 3
2 0 4 
2 4 0 

294 16759578986255104721 1 4
2 5 8 1 

37 11149028268085365730 1 3
2 0 5 

263 18290794810616440032 2 4
0 2 8 1 
2 0 8 1 

270 10719626107048014941 1 4
2 3 8 1 

13 11149028268085365730 1 3
2 0 3 

240 12070489641313147142 2 4
4 5 6 7 
4 5 7 6 

216 10083773938285380914 2 4
4 3 6 7 
4 3 7 6 

232 1699057898927065156 4 4
6 7 3 5 
6 7 5 3 
7 6 5 3 
7 6 3 5 

225 10083773938285380914 2 4
0 5 6 7 
0 5 7 6 

195 993176294303415770 2 4
0 6 7 1 
0 7 6 1 

452 15236505058129304159 1 4
2 7 8 6 

201 10083773938285380914 2 4
0 3 6 7 
0 3 7 6 

178 6360605120071040097 2 4
4 5 1 7 
4 5 7 1 

154 15896268698264125057 2 4
4 3 1 7 
4 3 7 1 

170 7556829846088060811 4 4
3 5 1 7 
3 5 7 1 
5 3 1 7 
5 3 7 1 

163 15896268698264125057 2 4
0 5 1 7 
0 5 7 1 

420 4081560800156872932 1 4
2 5 8 7 

393 5212208834225348329 2 4
0 3 7 8 
0 3 8 7 

139 15896268698264125057 2 4
0 3 1 7 
0 3 7 1 

396 14398197362158434576 1 4
2 3 7 8 

116 2819375008624970828 1 4
2 6 4 5 

212 10219975484251101605 4 4
2 4 6 7 
2 4 7 6 
4 2 6 7 
4 2 7 6 

85 3874126117847925266 2 4
2 6 4 0 
2 6 0 4 

342 14797819661425498859 2 5
2 4 6 1 8 
4 2 6 1 8 

340 962973383914202157 2 4
2 4 6 8 
4 2 6 8 

83 9116952691162625509 4 4
0 4 1 6 
0 4 6 1 
4 0 1 6 
4 0 6 1 

86 16194497603441061039 2 4
2 4 6 1 
4 2 6 1 

92 5069303078012082896 1 4
2 6 4 3 

108 7524780861938553064 1 4
2 6 3 5 

228 6894937126532847700 1 4
2 5 7 6 

101 17683488410225082142 1 4
2 6 0 5 

358 3913004152223566037 1 5
2 5 8 6 1 

356 7524780861938553064 1 4
2 5 8 6 

99 15896268698264125057 2 4
0 5 1 6 
0 5 6 1 

102 10719626107048014941 1 4
2 5 6 1 

325 1104124947915741600 4 4
0 2 6 8 
0 2 8 6 
2 0 6 8 
2 0 8 6 

198 993176294303415770 2 4
2 6 7 1 
2 7 6 1 

71 18290794810616440032 2 4
0 2 6 1 
2 0 6 1 

204 13572405524771744665 1 4
2 3 6 7 

77 5069303078012082896 1 4
2 6 0 3 

334 3913004152223566037 1 5
2 3 6 8 1 

284 5909896139284606710 1 4
2 8 4 3 

30 15368499501652111834 1 4
2 1 4 3 

193 17258787824257198352 2 3
0 6 7 
0 7 6 

329 7150496180077738619 2 4
0 3 6 8 
0 3 8 6 

75 15896268698264125057 2 4
0 3 1 6 
0 3 6 1 

332 7524780861938553064 1 4
2 3 6 8 

300 7524780861938553064 1 4
2 8 5 3 

46 698476773254776664 2 4
2 1 3 5 
2 1 5 3 

133 17662388742419376403 2 3
0 2 7 
2 0 7 

390 12586463095304085354 2 4
2 7 8 1 
2 8 7 1 

269 17683488410225082142 1 4
2 8 0 3 

142 9074099179021290713 1 4
2 3 7 1 

15 12159194040976764615 1 4
2 1 0 3 

400 3870621583062396010 2 3
4 7 8 
4 8 7 

143 13891633032258852761 1 5
2 0 3 7 1 

146 7698985776645440831 2 3
4 1 7 
4 7 1 

403 5839954091283381837 4 5
0 4 7 8 1 
0 4 8 7 1 
4 0 7 8 1 
4 0 8 7 1 

282 15896268698264125057 2 4
4 3 1 8 
4 3 8 1 

28 11149028268085365730 1 3
2 4 3 

285 981864446698791028 1 5
2 8 0 4 3 

338 2506011958774662217 2 4
4 6 8 1 
4 8 6 1 

84 17662388742419376403 2 3
2 4 6 
4 2 6 

341 13596675616452354561 1 5
2 0 4 6 8 

76 12254329342543767602 2 3
2 3 6 
2 6 3 

333 9082524652317862428 1 5
2 0 3 6 8 

277 14977041726643144135 1 4
2 8 0 4 

20 17087753756477223945 2 2
2 4 
4 2 

150 16194497603441061039 2 4
2 4 7 1 
4 2 7 1 

23 3090918670154284758 1 4
2 1 0 4 

208 17258787824257198352 2 3
4 6 7 
4 7 6 

465 13781433853111170252 2 5
0 4 7 8 6 
4 0 7 8 6 

344 7150496180077738619 2 4
4 3 6 8 
4 3 8 6 

87 18389841394197046785 1 5
2 0 4 6 1 

90 15896268698264125057 2 4
4 3 1 6 
4 3 6 1 

259 7698985776645440831 2 3
0 1 8 
0 8 1 

5 17087753756477223945 2 2
0 2 
2 0 

262 7698985776645440831 2 3
2 1 8 
2 8 1 

385 3870621583062396010 2 3
0 7 8 
0 8 7 

131 7698985776645440831 2 3
0 1 7 
0 7 1 

388 3870621583062396010 2 3
2 7 8 
2 8 7 

267 15896268698264125057 2 4
0 3 1 8 
0 3 8 1 

140 9951756003203208658 2 3
2 3 7 
2 7 3 

397 13556262691182816218 1 5
2 0 3 7 8 

298 7556829846088060811 4 4
3 5 1 8 
3 5 8 1 
5 3 1 8 
5 3 8 1 

44 12585292063867719537 2 3
2 3 5 
2 5 3 

301 8859292041692657487 1 5
2 8 0 5 3 

100 12129649998618649867 2 3
2 5 6 
2 6 5 

357 9082524652317862428 1 5
2 0 5 8 6 

209 2817953597599249994 4 4
0 4 6 7 
0 4 7 6 
4 0 6 7 
4 0 7 6 

466 17760995621604911877 1 5
4 7 8 6 1 

82 7698985776645440831 2 3
4 1 6 
4 6 1 

339 1216575783891698130 4 5
0 4 6 8 1 
0 4 8 6 1 
4 0 6 8 1 
4 0 8 6 1 

336 12585292063867719537 2 3
4 6 8 
4 8 6 

79 5387080472295006890 1 5
2 0 3 6 1 

306 6360605120071040097 2 4
4 5 1 8 
4 5 8 1 

52 6486448604913209494 1 3
2 4 5 

309 8844978584990995784 1 5
2 8 0 4 5 

291 15896268698264125057 2 4
0 5 1 8 
0 5 8 1 

164 2194224039831407595 2 3
2 5 7 
2 7 5 

421 61523335010033188 1 5
2 0 5 8 7 

147 9116952691162625509 4 4
0 4 1 7 
0 4 7 1 
4 0 1 7 
4 0 7 1 

404 6736042998598363672 2 4
2 4 7 8 
4 2 7 8 

274 7698985776645440831 2 3
4 1 8 
4 8 1 

275 9116952691162625509 4 4
0 4 1 8 
0 4 8 1 
4 0 1 8 
4 0 8 1 

148 17662388742419376403 2 3
2 4 7 
4 2 7 

405 14940792026218338669 1 5
2 0 4 7 8 

323 2506011958774662217 2 4
0 6 8 1 
0 8 6 1 

196 17258787824257198352 2 3
2 6 7 
2 7 6 

78 16759578986255104721 1 4
2 3 6 1 

135 18290794810616440032 2 4
0 2 7 1 
2 0 7 1 

67 7698985776645440831 2 3
0 1 6 
0 6 1 

324 12585292063867719537 2 3
2 6 8 
2 8 6 

321 12585292063867719537 2 3
0 6 8 
0 8 6 

165 3997143717686068364 1 4
2 7 0 5 

422 18107480566791030014 1 5
2 5 8 7 1 

38 10706753935364593016 2 3
2 1 5 
2 5 1 

295 5387080472295006890 1 5
2 0 5 8 1 

292 12254329342543767602 2 3
2 5 8 
2 8 5 

141 15620935217054888844 1 4
2 7 0 3 

398 2675129202913573369 1 5
2 3 7 8 1 

14 10706753935364593016 2 3
2 1 3 
2 3 1 

271 7951132837703349590 1 5
2 0 3 8 1 

268 12129649998618649867 2 3
2 3 8 
2 8 3 

149 3874126117847925266 2 4
2 7 4 0 
2 7 0 4 

406 12312082089108785398 2 5
2 4 7 8 1 
4 2 7 8 1 

22 2361156492905547982 2 3
2 4 1 
4 2 1 

279 10961757419213613606 1 5
2 0 4 8 1 

276 13643528861593430184 2 3
2 4 8 
4 2 8 

353 7150496180077738619 2 4
0 5 6 8 
0 5 8 6 

197 10219975484251101605 4 4
0 2 6 7 
0 2 7 6 
2 0 6 7 
2 0 7 6 

70 7698985776645440831 2 3
2 1 6 
2 6 1 

327 18000438504361048157 4 5
0 2 6 8 1 
0 2 8 6 1 
2 0 6 8 1 
2 0 8 6 1 

156 15620935217054888844 1 4
2 7 4 3 

29 9829021077594943929 2 4
2 0 4 3 
2 4 0 3 

286 15596838883224643416 1 5
2 4 3 1 8 

134 7698985776645440831 2 3
2 1 7 
2 7 1 

391 8813719204665730551 4 5
0 2 7 8 1 
0 2 8 7 1 
2 0 7 8 1 
2 0 8 7 1 

261 17662388742419376403 2 3
0 2 8 
2 0 8 

7 3519693191574693728 2 3
0 2 1 
2 0 1 

293 5069303078012082896 1 4
2 8 0 5 

166 11494663566962136321 1 4
2 5 7 1 

39 12159194040976764615 1 4
2 1 0 5 

172 9051484668800367871 1 4
2 7 5 3 

45 15669754230730330559 2 4
2 0 3 5 
2 0 5 3 

302 14063139754193087066 1 5
2 5 3 8 1 

308 17163855986851647944 1 4
2 8 4 5 

54 8397334625162587836 1 4
2 1 4 5 

180 2804155980365116568 1 4
2 7 4 5 

53 18190191940117714365 1 4
2 4 0 5 

310 14844809622259622219 1 5
2 4 5 8 1 

60 529838076471764616 1 4
2 4 5 3 

360 13150025586414177241 8 4
3 5 6 8 
3 5 8 6 
5 3 6 8 
5 3 8 6 
6 8 3 5 
6 8 5 3 
8 6 5 3 
8 6 3 5 

103 7951132837703349590 1 5
2 0 5 6 1 

106 7556829846088060811 4 4
3 5 1 6 
3 5 6 1 
5 3 1 6 
5 3 6 1 

368 8950438065344213768 2 4
4 5 6 8 
4 5 8 6 

114 6360605120071040097 2 4
4 5 1 6 
4 5 6 1 

337 4230604656947954310 4 4
0 4 6 8 
0 4 8 6 
4 0 6 8 
4 0 8 6 

210 993176294303415770 2 4
4 6 7 1 
4 7 6 1 

387 12586463095304085354 2 4
0 7 8 1 
0 8 7 1 

402 12586463095304085354 2 4
4 7 8 1 
4 8 7 1 

424 12792859129086584636 4 4
7 8 3 5 
7 8 5 3 
8 7 5 3 
8 7 3 5 

167 9497745331587596347 1 5
2 0 5 7 1 

417 5212208834225348329 2 4
0 5 7 8 
0 5 8 7 

408 5212208834225348329 2 4
4 3 7 8 
4 3 8 7 

151 18389841394197046785 1 5
2 0 4 7 1 

432 8226989252743794708 2 4
4 5 7 8 
4 5 8 7 

401 10134073123445509393 4 4
0 4 7 8 
0 4 8 7 
4 0 7 8 
4 0 8 7 

389 5078608711686083380 4 4
0 2 7 8 
0 2 8 7 
2 0 7 8 
2 0 8 7 

449 15236505058129304159 1 4
0 7 8 6 

464 15236505058129304159 1 4
4 7 8 6 

47 10696886028888895771 2 5
2 1 0 3 5 
2 1 0 5 3 

31 13346917055206335068 1 5
2 1 0 4 3 

55 17619755899674201481 1 5
2 1 0 4 5 

61 13024210261977407576 1 5
2 4 0 5 3 

62 8232652801974800287 1 5
2 1 4 5 3 

107 7466315431355875892 4 5
1 6 0 5 3 
1 6 0 3 5 
6 1 0 5 3 
6 1 0 3 5 

364 9249518067683384055 4 5
2 3 5 8 6 
2 5 3 6 8 
2 6 8 5 3 
2 8 6 3 5 

122 392989038128438156 2 5
1 6 4 5 3 
6 1 4 5 3 

115 14703908721595846300 2 5
1 6 4 0 5 
6 1 4 0 5 

372 425568046337864191 1 5
2 4 5 8 6 

91 3372885387899180518 4 5
1 6 4 0 3 
1 6 0 4 3 
6 1 4 0 3 
6 1 0 4 3 

348 12498392663054950460 1 5
2 4 3 6 8 

110 14063139754193087066 1 5
2 3 5 6 1 

109 8859292041692657487 1 5
2 6 0 3 5 

94 10651084570367682435 1 5
2 4 3 6 1 

93 16373794830210312426 2 5
2 6 4 0 3 
2 6 0 4 3 

118 2189538466121464915 1 5
2 4 5 6 1 

117 11353437343228494512 1 5
2 6 4 0 5 

124 14718381447788830932 1 5
2 6 4 3 5 

171 7466315431355875892 4 5
1 7 0 5 3 
1 7 0 3 5 
7 1 0 5 3 
7 1 0 3 5 

428 9872754151449188112 1 5
2 8 7 5 3 

155 3372885387899180518 4 5
1 7 4 0 3 
1 7 0 4 3 
7 1 4 0 3 
7 1 0 4 3 

412 2828570986319822203 1 5
2 4 3 7 8 

186 392989038128438156 2 5
1 7 4 5 3 
7 1 4 5 3 

179 14703908721595846300 2 5
1 7 4 0 5 
7 1 4 0 5 

436 13474873527087967689 1 5
2 4 5 8 7 

173 750462528873980201 1 5
2 7 0 5 3 

174 5559371251625625227 1 5
2 7 1 5 3 

158 7487357725099714190 1 5
2 4 3 7 1 

182 14943923666616150773 1 5
2 4 5 7 1 

157 10420869322240668766 2 5
2 7 4 0 3 
2 7 0 4 3 

188 5862959444749365753 1 5
2 7 4 5 3 

181 15505626977824186977 1 5
2 7 4 0 5 

203 13872349838710248518 2 5
0 3 6 7 1 
0 3 7 6 1 

227 13872349838710248518 2 5
0 5 6 7 1 
0 5 7 6 1 

233 12942628820675751081 4 5
6 7 0 5 3 
6 7 0 3 5 
7 6 0 3 5 
7 6 0 5 3 

234 1683740526141341530 4 5
3 5 6 7 1 
3 5 7 6 1 
5 3 6 7 1 
5 3 7 6 1 

218 13872349838710248518 2 5
4 3 6 7 1 
4 3 7 6 1 

217 4531203854721202987 4 5
6 7 4 0 3 
6 7 0 4 3 
7 6 4 0 3 
7 6 0 4 3 

242 1950191154947432101 2 5
4 5 6 7 1 
4 5 7 6 1 

241 2875318587777010917 2 5
6 7 4 0 5 
7 6 4 0 5 

211 4692171103528860554 4 5
0 4 6 7 1 
0 4 7 6 1 
4 0 6 7 1 
4 0 7 6 1 

248 4266369878092752758 2 5
6 7 4 5 3 
7 6 4 5 3 

206 8295913054049985516 1 5
2 3 6 7 1 

205 9017543190930400654 1 5
2 0 3 6 7 

230 725972278020367895 1 5
2 5 7 6 1 

199 896809178459688224 4 5
0 2 6 7 1 
0 2 7 6 1 
2 0 6 7 1 
2 0 7 6 1 

229 10861930434268215622 1 5
2 0 5 7 6 

236 9473850965606830079 1 5
2 6 7 3 5 

220 9017543190930400654 1 5
2 4 3 6 7 

244 18405767730067668277 1 5
2 4 5 7 6 

214 10626209235890822267 4 5
2 4 6 7 1 
2 4 7 6 1 
4 2 6 7 1 
4 2 7 6 1 

213 2403524114198758751 4 5
2 0 4 6 7 
2 0 4 7 6 
2 4 0 6 7 
2 4 0 7 6 

299 7466315431355875892 4 5
1 8 0 5 3 
1 8 0 3 5 
8 1 0 5 3 
8 1 0 3 5 

283 3372885387899180518 4 5
1 8 4 0 3 
1 8 0 4 3 
8 1 4 0 3 
8 1 0 4 3 

314 392989038128438156 2 5
1 8 4 5 3 
8 1 4 5 3 

307 14703908721595846300 2 5
1 8 4 0 5 
8 1 4 0 5 

316 8080569326928780835 1 5
2 8 4 5 3 

331 7198735148424648000 2 5
0 3 6 8 1 
0 3 8 6 1 

355 7198735148424648000 2 5
0 5 6 8 1 
0 5 8 6 1 

361 5985004378282824371 4 5
6 8 0 5 3 
6 8 0 3 5 
8 6 0 3 5 
8 6 0 5 3 

346 7198735148424648000 2 5
4 3 6 8 1 
4 3 8 6 1 

362 143871076794329895 4 5
3 5 6 8 1 
3 5 8 6 1 
5 3 6 8 1 
5 3 8 6 1 

345 16325884511259221329 4 5
6 8 4 0 3 
6 8 0 4 3 
8 6 4 0 3 
8 6 0 4 3 

370 16334031723583977530 2 5
4 5 6 8 1 
4 5 8 6 1 

369 1216723659735808329 2 5
6 8 4 0 5 
8 6 4 0 5 

376 17443941716167504307 2 5
6 8 4 5 3 
8 6 4 5 3 

395 17596330139591911240 2 5
0 3 7 8 1 
0 3 8 7 1 

419 17596330139591911240 2 5
0 5 7 8 1 
0 5 8 7 1 

426 9755977756073641776 4 5
3 5 7 8 1 
3 5 8 7 1 
5 3 7 8 1 
5 3 8 7 1 

425 11813039228222270294 4 5
7 8 0 5 3 
7 8 0 3 5 
8 7 0 3 5 
8 7 0 5 3 

410 17596330139591911240 2 5
4 3 7 8 1 
4 3 8 7 1 

409 9158991755408158244 4 5
7 8 4 0 3 
7 8 0 4 3 
8 7 4 0 3 
8 7 0 4 3 

434 12211663977645919596 2 5
4 5 7 8 1 
4 5 8 7 1 

433 16862601225360359297 2 5
7 8 4 0 5 
8 7 4 0 5 

440 12544053453783659143 2 5
7 8 4 5 3 
8 7 4 5 3 

451 17760995621604911877 1 5
0 7 8 6 1 

457 6089213516061521075 1 5
0 3 7 8 6 

481 6089213516061521075 1 5
0 5 7 8 6 

488 15154712977385391451 2 5
3 5 7 8 6 
5 3 7 8 6 

472 6089213516061521075 1 5
4 3 7 8 6 

496 12852373368391607987 1 5
4 5 7 8 6 

