481 9014106164999092177 2 5
6 8 7 0 5 
8 6 7 0 5 

488 17725818632165536094 1 5
8 6 3 7 5 

482 6855624116802503919 1 5
6 1 8 7 5 

496 12945076698413370687 1 5
6 8 4 7 5 

457 2544038355828213179 1 5
8 6 3 7 0 

484 4323769937847979480 2 5
6 8 7 2 5 
8 6 7 2 5 

472 1984773669962382838 1 5
7 6 3 8 4 

354 11699471195932271526 2 4
5 6 1 8 
6 5 1 8 

323 1020377711074190126 1 4
0 6 1 8 

326 5017445520378449331 2 4
2 6 1 8 
6 2 1 8 

298 11699471195932271526 2 4
3 5 1 8 
5 3 1 8 

291 14312343962571175365 1 4
1 8 0 5 

294 15896268698264125057 2 4
1 8 5 2 
1 8 2 5 

267 6598034585151778120 1 4
0 3 1 8 

270 6925972535638963533 2 4
2 3 1 8 
3 2 1 8 

275 16517747617856217751 1 4
0 1 4 8 

390 7150496180077738619 2 4
1 8 7 2 
1 8 2 7 

263 9176405013234567470 1 4
1 8 0 2 

209 7183987858985947225 2 4
4 6 0 7 
6 4 0 7 

466 18064990090265222733 2 5
6 7 1 8 4 
7 6 1 8 4 

195 17292959836117326092 1 4
1 6 0 7 

452 1677071180347565230 2 4
6 8 7 2 
8 6 7 2 

163 14269983141813593516 1 4
1 0 7 5 

139 682988655663830221 1 4
1 3 0 7 

396 15704017212081516077 2 4
3 8 7 2 
8 3 7 2 

153 9298180961628950013 2 4
3 4 0 7 
4 3 0 7 

410 15516703111208343944 2 5
3 7 1 4 8 
7 3 1 4 8 

401 13373640883455148298 2 4
0 7 4 8 
0 7 8 4 

147 3655820872575079323 1 4
1 4 0 7 

404 13150025586414177241 8 4
2 7 4 8 
2 7 8 4 
4 8 7 2 
4 8 2 7 
7 2 4 8 
7 2 8 4 
8 4 7 2 
8 4 2 7 

232 10743669588284575603 2 4
3 6 7 5 
6 3 7 5 

105 7703312149451013967 2 4
3 6 0 5 
6 3 0 5 

362 9931365722730558669 2 5
5 3 6 1 8 
5 6 3 1 8 

360 16128585657598364786 2 4
8 5 6 3 
8 5 3 6 

103 4939739709367101315 1 5
1 6 0 5 2 

106 9613891852088339988 2 4
1 5 3 6 
1 5 6 3 

135 8192984521295858797 1 4
1 0 7 2 

392 12260785478939447192 6 3
3 7 8 
3 8 7 
7 3 8 
7 8 3 
8 7 3 
8 3 7 

120 16128585657598364786 2 4
4 5 3 6 
4 5 6 3 

240 10601132076907988804 2 4
4 6 7 5 
6 4 7 5 

113 16167726131027126848 2 4
4 6 0 5 
6 4 0 5 

370 4705014155367496481 2 5
5 6 1 4 8 
6 5 1 4 8 

353 14746987401406022280 2 4
6 8 0 5 
8 6 0 5 

226 10732681782495955028 1 4
1 6 5 7 

99 4116170707787858140 1 4
1 6 0 5 

356 10601132076907988804 2 4
6 8 2 5 
8 6 2 5 

108 10743669588284575603 2 4
3 6 2 5 
6 3 2 5 

368 3364750820705448782 4 4
5 6 4 8 
5 6 8 4 
6 5 4 8 
6 5 8 4 

114 852638576401355306 2 4
5 6 1 4 
6 5 1 4 

102 7044477751449671096 1 4
1 6 2 5 

116 1324427476534020738 2 4
4 6 2 5 
6 4 2 5 

329 3556625670240519538 1 4
0 8 6 3 

202 4733256488291708134 1 4
1 7 3 6 

75 17522088705263529150 1 4
1 0 6 3 

332 15183985570863556182 2 4
2 8 6 3 
8 2 6 3 

216 15183985570863556182 2 4
4 7 6 3 
7 4 6 3 

89 3556625670240519538 1 4
0 4 3 6 

346 7590955669152249386 2 5
3 6 1 4 8 
6 3 1 4 8 

344 9182445166795294852 4 4
3 6 4 8 
3 6 8 4 
6 3 4 8 
6 3 8 4 

87 2824715953606043845 1 5
6 1 4 2 0 

90 2836114173294757726 2 4
3 6 1 4 
6 3 1 4 

330 4952258919498110774 2 4
3 6 1 8 
6 3 1 8 

73 2940195055874618602 2 3
0 3 6 
0 6 3 

76 11283220846380389061 2 3
2 3 6 
2 6 3 

333 11600173142801377429 1 5
8 6 3 0 2 

131 5984448831042453155 1 3
1 0 7 

14 10706753935364593016 2 3
1 2 3 
1 3 2 

271 6259354161996464274 1 5
3 1 8 0 2 

269 16012712767881966265 2 4
3 8 0 2 
8 3 0 2 

142 18125736765879375276 1 4
1 3 7 2 

15 17632669447010960037 1 4
1 3 0 2 

88 11283220846380389061 2 3
4 3 6 
4 6 3 

345 7121168482933976817 2 5
0 3 6 8 4 
0 6 3 4 8 

156 15704017212081516077 2 4
3 4 2 7 
4 3 2 7 

29 13566280048441191880 2 4
3 4 0 2 
4 3 0 2 

286 2370878691122667212 2 5
2 3 1 4 8 
3 2 1 4 8 

200 11283220846380389061 2 3
7 6 3 
7 3 6 

259 2745805360666212250 1 3
0 1 8 

277 12647189590821500486 2 4
0 2 4 8 
0 2 8 4 

150 3982813991072387447 2 4
1 4 2 7 
1 4 7 2 

23 8697163141681005422 1 4
1 4 0 2 

84 2728381371886174304 6 3
2 4 6 
2 6 4 
4 2 6 
4 6 2 
6 4 2 
6 2 4 

341 3336460461909406509 1 5
6 2 0 4 8 

25 4083413661961873562 2 3
0 3 4 
0 4 3 

3 6723132714088521414 1 2
1 0 

208 754205998099296360 6 3
4 6 7 
4 7 6 
6 4 7 
6 7 4 
7 6 4 
7 4 6 

465 11512979265942708815 1 5
6 7 0 8 4 

81 11756190339471029063 2 3
0 4 6 
0 6 4 

134 12585292063867719537 2 3
1 2 7 
1 7 2 

391 8433409557272756990 1 5
1 8 0 7 2 

7 2466997049376975834 1 3
1 0 2 

78 4733256488291708134 1 4
1 2 6 3 

112 6906529405458791006 6 3
4 5 6 
4 6 5 
5 4 6 
5 6 4 
6 5 4 
6 4 5 

369 10416223136868270245 1 5
6 0 5 8 4 

38 7698985776645440831 2 3
1 2 5 
1 5 2 

295 13281161487143877160 1 5
1 8 0 5 2 

28 12260785478939447192 6 3
2 3 4 
2 4 3 
3 2 4 
3 4 2 
4 3 2 
4 2 3 

285 152749877553788853 1 5
3 0 2 4 8 

166 2506011958774662217 2 4
1 2 7 5 
1 7 2 5 

39 13180932076644273748 1 4
1 0 5 2 

296 6906529405458791006 6 3
3 5 8 
3 8 5 
5 3 8 
5 8 3 
8 5 3 
8 3 5 

138 12769602731266802952 2 3
1 3 7 
1 7 3 

395 5209056453867765898 1 5
3 1 8 0 7 

265 11756190339471029063 2 3
0 3 8 
0 8 3 

11 11906389949692870025 1 3
1 0 3 

324 754205998099296360 6 3
2 6 8 
2 8 6 
6 2 8 
6 8 2 
8 6 2 
8 2 6 

67 4835957975719311374 1 3
1 0 6 

70 12769602731266802952 2 3
1 2 6 
1 6 2 

327 8248733130946721193 1 5
6 1 8 0 2 

162 7698985776645440831 2 3
1 5 7 
1 7 5 

419 8033615581810112749 1 5
1 8 0 7 5 

35 4668052213415377249 1 3
1 0 5 

56 6906529405458791006 6 3
3 4 5 
3 5 4 
4 3 5 
4 5 3 
5 4 3 
5 3 4 

313 10416223136868270245 1 5
3 0 5 4 8 

19 10442230841019004357 1 3
0 1 4 

273 18382350540000371621 2 3
0 4 8 
0 8 4 

42 3854895435528399829 2 3
1 3 5 
1 5 3 

299 7340390099554477262 1 5
3 1 8 0 5 

60 12190912153274299044 2 4
3 4 2 5 
4 3 2 5 

194 10706753935364593016 2 3
1 6 7 
1 7 6 

451 451630183217797075 1 5
6 1 8 7 0 

448 2728381371886174304 6 3
6 7 8 
6 8 7 
7 6 8 
7 8 6 
8 7 6 
8 6 7 

321 4083413661961873562 2 3
0 6 8 
0 8 6 

212 1677071180347565230 2 4
4 6 2 7 
6 4 2 7 

85 7443492619301860047 2 4
4 6 2 0 
6 4 2 0 

342 2931493229845075762 2 5
2 6 1 4 8 
6 2 1 4 8 

201 1542396941292358989 2 4
3 6 0 7 
6 3 0 7 

458 7047775094724451499 1 5
7 6 3 1 8 

74 398017352902025568 2 3
1 3 6 
1 6 3 

331 12011652458203681759 1 5
0 6 3 1 8 

328 11283220846380389061 2 3
8 6 3 
8 3 6 

71 1248515450354010609 1 4
1 6 0 2 

92 7885408825531391087 2 4
2 4 6 3 
4 2 6 3 

98 3854895435528399829 2 3
1 5 6 
1 6 5 

355 2545398611213441207 1 5
6 1 8 0 5 

352 6906529405458791006 6 3
5 6 8 
5 8 6 
6 5 8 
6 8 5 
8 6 5 
8 5 6 

184 179286298576043391 2 4
3 4 5 7 
4 3 5 7 

57 14746987401406022280 2 4
3 4 0 5 
4 3 0 5 

314 4705014155367496481 2 5
3 5 1 4 8 
5 3 1 4 8 

284 15704017212081516077 2 4
2 3 4 8 
3 2 4 8 

27 12854117634961197640 1 4
0 3 1 4 

30 8185086226658989788 2 4
2 3 1 4 
3 2 1 4 

281 7363673262393624268 1 4
0 3 4 8 

154 10955052312094187409 2 4
3 7 1 4 
7 3 1 4 

340 1677071180347565230 2 4
2 6 4 8 
6 2 4 8 

83 16504706961587139400 1 4
0 6 1 4 

86 9515771854054113449 2 4
2 6 1 4 
6 2 1 4 

308 7556829846088060811 4 4
4 8 5 2 
4 8 2 5 
8 4 5 2 
8 4 2 5 

51 10693488766986658794 1 4
1 4 0 5 

54 7014131733599754745 2 4
1 4 2 5 
1 4 5 2 

305 7754382759178444053 2 4
0 5 4 8 
0 5 8 4 

178 7014131733599754745 2 4
1 4 5 7 
1 4 7 5 

300 179286298576043391 2 4
3 8 5 2 
8 3 5 2 

43 10683715377299205035 1 4
1 3 0 5 

46 10732681782495955028 1 4
1 3 5 2 

297 16167726131027126848 2 4
3 8 0 5 
8 3 0 5 

170 7044477751449671096 1 4
1 3 7 5 

312 3364750820705448782 4 4
3 5 4 8 
3 5 8 4 
5 3 4 8 
5 3 8 4 

55 7692477870997381628 1 5
1 4 0 5 2 

58 852638576401355306 2 4
3 5 1 4 
5 3 1 4 

325 10032854101669680302 2 4
6 8 0 2 
8 6 0 2 

198 18125736765879375276 1 4
1 6 2 7 

337 7363673262393624268 1 4
0 6 8 4 

210 3758550860374928371 2 4
6 7 1 4 
7 6 1 4 

204 9182445166795294852 4 4
3 6 2 7 
3 6 7 2 
6 3 2 7 
6 3 7 2 

77 4128745655831391306 2 4
3 6 0 2 
6 3 0 2 

334 5205766840117908641 1 5
2 6 3 1 8 

387 3348483409478392672 1 4
1 8 0 7 

408 15704017212081516077 2 4
3 7 8 4 
7 3 8 4 

151 2430372255076873615 1 5
1 4 0 7 2 

393 15023359364158724440 2 4
3 8 0 7 
8 3 0 7 

432 7556829846088060811 4 4
4 8 7 5 
4 8 5 7 
8 4 7 5 
8 4 5 7 

418 15896268698264125057 2 4
1 8 7 5 
1 8 5 7 

394 4270695351041866627 2 4
3 7 1 8 
7 3 1 8 

424 12190912153274299044 2 4
3 8 7 5 
8 3 7 5 

167 17385096386804317367 1 5
1 0 7 5 2 

464 1677071180347565230 2 4
6 7 8 4 
7 6 8 4 

450 15804328657059468321 2 4
6 7 1 8 
7 6 1 8 

456 7885408825531391087 2 4
7 8 6 3 
8 7 6 3 

199 10778811933771972704 1 5
1 6 0 7 2 

449 1412383601402952104 2 4
6 8 7 0 
8 6 7 0 

480 1324427476534020738 2 4
6 8 7 5 
8 6 7 5 

62 11709386935695587718 1 5
3 1 4 5 2 

31 18023839897198639761 1 5
3 1 4 0 2 

61 15803967499506489089 2 5
3 4 0 5 2 
4 3 0 5 2 

47 14912634152506709688 1 5
1 3 0 5 2 

59 13996962127859195945 1 5
3 1 4 0 5 

316 4169205296502076595 1 5
3 4 8 2 5 

94 6426846867972258740 1 5
2 6 3 1 4 

93 5572571508251119746 1 5
4 6 3 2 0 

79 8502594247273798134 1 5
1 6 3 0 2 

91 10468072286589841530 1 5
0 6 3 1 4 

348 1984773669962382838 1 5
2 6 3 4 8 

118 2045390665250012994 1 5
6 1 4 2 5 

124 17725818632165536094 1 5
4 6 3 2 5 

115 5232078259260637557 1 5
6 1 4 0 5 

372 12945076698413370687 1 5
6 4 8 2 5 

117 14392690363387071581 2 5
4 6 2 0 5 
6 4 2 0 5 

110 3974989506130456744 1 5
1 6 3 2 5 

121 10091253456764761251 1 5
4 3 6 0 5 

109 11747528605421070993 2 5
3 6 0 5 2 
6 3 0 5 2 

122 11053553941868806635 2 5
5 3 6 1 4 
5 6 3 1 4 

107 14210339419674088942 1 5
1 6 3 0 5 

364 16028756778548567593 1 5
8 6 3 2 5 

158 65620483041778020 1 5
3 1 4 7 2 

157 4017100713423935615 2 5
3 4 0 7 2 
4 3 0 7 2 

143 5551500102577188874 1 5
1 3 0 7 2 

155 17412753189221796561 1 5
3 1 4 0 7 

412 15397974748116556752 4 5
3 2 7 8 4 
3 4 8 7 2 
3 7 2 4 8 
3 8 4 2 7 

182 757016727125658107 2 5
1 4 2 7 5 
1 4 7 2 5 

179 7876461276465462680 1 5
1 4 0 7 5 

436 143871076794329895 4 5
4 8 7 2 5 
4 8 2 7 5 
8 4 7 2 5 
8 4 2 7 5 

174 8454230288327463145 1 5
1 3 7 5 2 

186 3361935724419732594 1 5
3 1 4 7 5 

188 7262635795690302862 2 5
3 4 2 7 5 
4 3 2 7 5 

185 1139855516957117799 2 5
3 4 0 7 5 
4 3 0 7 5 

214 4596102902320277502 1 5
6 1 4 2 7 

171 13934263155201241836 1 5
1 3 0 7 5 

428 7262635795690302862 2 5
3 8 7 2 5 
8 3 7 2 5 

213 1624179017979376141 2 5
4 6 2 0 7 
6 4 2 0 7 

220 1984773669962382838 1 5
4 6 3 2 7 

211 16785203020382007579 1 5
6 1 4 0 7 

468 2116756502251157976 4 5
6 4 8 7 2 
6 2 7 8 4 
6 7 2 4 8 
6 8 4 2 7 

218 91416987246435478 1 5
7 3 6 1 4 

206 8964066090102790445 2 5
1 3 6 2 7 
1 6 3 7 2 

205 2791563979532683596 2 5
3 6 0 7 2 
6 3 0 7 2 

217 18195308203140106388 1 5
4 3 6 0 7 

203 2790116806703549806 1 5
1 6 3 0 7 

460 1984773669962382838 1 5
8 6 3 7 2 

244 4323769937847979480 2 5
4 6 2 7 5 
6 4 2 7 5 

230 8454230288327463145 1 5
1 6 2 5 7 

242 12571297144265543135 1 5
6 1 4 5 7 

227 3064856988595446456 1 5
1 6 0 7 5 

248 16028756778548567593 1 5
4 6 3 7 5 

241 9021128554090561894 2 5
4 6 0 7 5 
6 4 0 7 5 

236 9336784811720327694 4 5
3 6 2 7 5 
3 6 7 2 5 
6 3 2 7 5 
6 3 7 2 5 

234 3974989506130456744 1 5
1 3 6 7 5 

279 15284184528674545917 1 5
0 2 1 4 8 

233 2677418286730026949 2 5
3 6 0 7 5 
6 3 0 7 5 

283 6947087823609126496 1 5
0 3 1 4 8 

310 7845252661427977046 2 5
2 5 1 4 8 
5 2 1 4 8 

307 15737116792796054556 1 5
0 5 1 4 8 

309 16852774435415835336 2 5
4 8 0 5 2 
8 4 0 5 2 

302 9895371878725026128 1 5
3 1 8 5 2 

301 11604016564520984543 2 5
3 8 0 5 2 
8 3 0 5 2 

339 11390527739254834145 1 5
0 6 1 8 4 

358 3139387622986693569 1 5
6 1 8 2 5 

357 5345560139380388693 2 5
6 8 0 5 2 
8 6 0 5 2 

361 10091253456764761251 1 5
8 6 3 0 5 

376 11591694322167734287 4 5
5 3 6 4 8 
5 3 6 8 4 
5 6 3 4 8 
5 6 3 8 4 

406 4622508568593048949 2 5
2 7 1 4 8 
7 2 1 4 8 

403 16739350732970419527 1 5
0 7 1 4 8 

405 3112471608149931288 2 5
4 8 0 7 2 
8 4 0 7 2 

398 9612578381137890767 1 5
3 1 8 7 2 

397 17979544030532583372 2 5
3 8 0 7 2 
8 3 0 7 2 

409 13039282750607684628 1 5
3 0 7 4 8 

422 7198735148424648000 2 5
1 8 7 2 5 
1 8 2 7 5 

434 7845252661427977046 2 5
5 7 1 4 8 
7 5 1 4 8 

433 12699391797521240723 2 5
4 8 0 7 5 
8 4 0 7 5 

440 4169205296502076595 1 5
3 8 4 7 5 

426 6446652158694015929 1 5
3 1 8 7 5 

454 10711925097737042252 1 5
6 1 8 7 2 

425 1917874536834079239 2 5
3 8 0 7 5 
8 3 0 7 5 

453 165218745886618213 2 5
6 8 7 0 2 
8 6 7 0 2 

