432 11591101788391728525 4 4
4 5 7 8 
4 5 8 7 
5 4 7 8 
5 4 8 7 

418 766893218584057832 1 4
1 5 8 7 

450 3152645674961543315 1 4
1 7 8 6 

456 15236505058129304159 1 4
3 7 8 6 

424 5212208834225348329 2 4
3 5 7 8 
3 5 8 7 

402 13409473765566741689 1 4
1 4 8 7 

408 7262836224129383888 1 4
3 4 8 7 

390 1938834321505587715 2 4
7 8 1 2 
8 7 1 2 

387 17940241017578566294 2 4
1 0 7 8 
1 0 8 7 

354 15370652235367467334 1 4
1 5 8 6 

393 5215022540671273095 2 4
3 0 7 8 
3 0 8 7 

368 3364750820705448782 4 4
4 5 6 8 
4 5 8 6 
5 4 6 8 
5 4 8 6 

360 7150496180077738619 2 4
3 5 6 8 
3 5 8 6 

338 5276811565894103595 1 4
1 4 8 6 

344 3418372805148521270 1 4
3 4 8 6 

326 16392529982263550619 2 4
1 2 6 8 
1 2 8 6 

323 361751201784939093 2 4
1 0 6 8 
1 0 8 6 

329 15669754230730330559 2 4
3 0 6 8 
3 0 8 6 

305 7280204158998552156 2 4
4 5 0 8 
5 4 0 8 

312 311993389089937251 2 4
4 8 3 5 
8 4 3 5 

291 9297158312812667404 1 4
1 5 0 8 

293 17551861176896189898 2 4
2 5 0 8 
5 2 0 8 

297 15406660600063173003 2 4
0 8 3 5 
3 5 0 8 

275 2595207615990918328 1 4
1 4 0 8 

277 5741225646592503447 2 4
2 4 0 8 
4 2 0 8 

284 7861852983353935222 1 4
3 8 4 2 

27 5445562656430866925 1 4
3 0 4 1 

154 15758873779537848133 1 4
3 7 4 1 

281 12152577045520422986 1 4
3 4 0 8 

322 14845211744745982600 2 3
1 6 8 
1 8 6 

195 9716415605067591248 2 4
1 0 6 7 
1 0 7 6 

74 1762681363669438979 1 3
3 1 6 

201 5625766177066252915 2 4
3 0 6 7 
3 0 7 6 

165 4415345656511538872 2 4
2 5 0 7 
5 2 0 7 

290 14065530319751171320 2 3
1 5 8 
1 8 5 

420 7978115995136584964 2 4
2 5 7 8 
5 2 7 8 

163 16324632724984351127 1 4
1 5 0 7 

138 14190781661241119946 1 3
3 1 7 

265 11149028268085365730 1 3
3 0 8 

274 5981547566077241829 1 3
8 1 4 

404 14763096501655265921 2 4
2 4 7 8 
4 2 7 8 

147 2825097443618134894 1 4
1 4 0 7 

149 14192852830042885040 2 4
2 4 0 7 
4 2 0 7 

386 1648772242061484535 2 3
1 7 8 
1 8 7 

259 15462241420311287967 1 3
1 0 8 

11 11092709349338566608 2 3
0 3 1 
3 0 1 

268 14718008852537657457 2 3
3 2 8 
3 8 2 

14 4039936481194117612 1 3
3 1 2 

141 2602917121141140096 1 4
3 2 0 7 

176 6906529405458791006 6 3
4 5 7 
4 7 5 
5 4 7 
5 7 4 
7 5 4 
7 4 5 

306 9134737049216432377 1 4
8 5 1 4 

49 12254329342543767602 2 3
0 4 5 
0 5 4 

26 5223761535308200526 1 3
3 1 4 

153 17894880357480254922 1 4
3 4 0 7 

162 6100239783468552929 2 3
1 5 7 
1 7 5 

292 754205998099296360 6 3
2 5 8 
2 8 5 
5 2 8 
5 8 2 
8 5 2 
8 2 5 

35 1762681363669438979 1 3
0 1 5 

164 14860785610888650053 6 3
2 5 7 
2 7 5 
5 2 7 
5 7 2 
7 5 2 
7 2 5 

294 3202847387657853150 2 4
5 8 1 2 
8 5 1 2 

37 10706753935364593016 2 3
0 2 5 
0 5 2 

396 14306477252083823039 1 4
3 2 7 8 

139 7332727264364223685 1 4
3 1 0 7 

148 2746274521266220642 2 3
7 4 2 
7 2 4 

278 3554617239574727043 1 4
8 4 1 2 

21 2646679150000234221 2 3
0 2 4 
0 4 2 

152 18054779487213094827 2 3
3 4 7 
3 7 4 

282 7422227071670722319 1 4
3 8 4 1 

25 17662388742419376403 2 3
0 3 4 
3 0 4 

140 12769602731266802952 2 3
3 2 7 
3 7 2 

112 6906529405458791006 6 3
4 5 6 
4 6 5 
5 4 6 
5 6 4 
6 5 4 
6 4 5 

146 2944192018127789914 1 3
7 1 4 

276 12200856999056393219 2 3
8 4 2 
8 2 4 

19 11239568360358243254 1 3
0 1 4 

28 6769977200444175653 2 3
3 2 4 
3 4 2 

50 10908488982910985926 1 3
5 1 4 

304 6906529405458791006 6 3
4 5 8 
4 8 5 
5 4 8 
5 8 4 
8 5 4 
8 4 5 

177 7280204158998552156 2 4
4 5 0 7 
5 4 0 7 

394 7875305460096707117 1 4
3 1 8 7 

137 11149028268085365730 1 3
3 0 7 

267 13381821241016236337 1 4
3 1 0 8 

10 5413095913782878028 1 2
3 1 

98 6100239783468552929 2 3
1 5 6 
1 6 5 

131 15462241420311287967 1 3
1 0 7 

42 15462241420311287967 1 3
1 3 5 

169 15406660600063173003 2 4
0 7 3 5 
3 5 0 7 

298 10365016667404096679 1 4
1 8 3 5 

41 11149028268085365730 1 3
0 3 5 

100 2728381371886174304 6 3
2 5 6 
2 6 5 
5 2 6 
5 6 2 
6 5 2 
6 2 5 

7 4039936481194117612 1 3
0 1 2 

3 5413095913782878028 1 2
0 1 

266 7852484998429467961 1 3
3 1 8 

9 17087753756477223945 2 2
0 3 
3 0 

263 2786679408696158804 1 4
0 8 1 2 

67 15462241420311287967 1 3
1 0 6 

194 926576928809163929 2 3
1 6 7 
1 7 6 

84 187015039591281257 2 3
6 4 2 
6 2 4 

52 14954509281544001411 2 3
5 4 2 
5 2 4 

76 10706753935364593016 2 3
3 2 6 
3 6 2 

330 11050891286010420649 1 4
3 1 8 6 

73 11149028268085365730 1 3
3 0 6 

200 17258787824257198352 2 3
3 6 7 
3 7 6 

15 4560979470805077000 2 4
0 3 1 2 
3 0 1 2 

142 13317104127780385956 1 4
3 7 1 2 

269 1470142328109767921 1 4
3 2 0 8 

29 15410467675298359368 1 4
0 3 4 2 

156 1330456466003789952 1 4
3 7 4 2 

88 18207486321558840374 2 3
3 4 6 
3 6 4 

280 16258839135554755291 2 3
3 4 8 
3 8 4 

23 9490324271011106148 1 4
0 4 2 1 

150 2847519771142613185 1 4
7 4 1 2 

82 2944192018127789914 1 3
6 1 4 

30 660901805703185777 1 4
3 4 1 2 

300 3907734590851251535 2 4
2 8 3 5 
8 2 3 5 

43 1495779170573107803 1 4
0 1 3 5 

170 4213114295786820921 1 4
1 7 3 5 

39 1891127826838165910 1 4
0 5 1 2 

166 2768457302593413450 2 4
5 7 1 2 
7 5 1 2 

45 15024369831046084700 1 4
0 2 3 5 

172 3656293589500805796 2 4
2 7 3 5 
7 2 3 5 

46 2786679408696158804 1 4
3 5 1 2 

57 5069303078012082896 1 4
0 4 3 5 

184 11990769028644529110 2 4
4 7 3 5 
7 4 3 5 

53 220082171923980171 1 4
0 5 4 2 

180 2004894570116665803 1 4
7 5 2 4 

60 8375577399533316940 2 4
2 4 3 5 
4 2 3 5 

308 18081868211820616976 1 4
8 5 2 4 

51 13877903281512678660 1 4
0 5 4 1 

178 13961074097231435034 1 4
5 7 1 4 

58 9832084157438901706 1 4
1 4 3 5 

54 15609731166826145598 1 4
5 4 1 2 

77 15024369831046084700 1 4
3 2 0 6 

204 6398757076883575033 1 4
3 2 7 6 

332 3594530558944545459 1 4
3 2 8 6 

75 1495779170573107803 1 4
3 1 0 6 

202 4936898507609450165 1 4
3 1 7 6 

328 12585292063867719537 2 3
3 6 8 
3 8 6 

71 2786679408696158804 1 4
0 6 1 2 

198 13283274235852626827 2 4
1 2 6 7 
1 2 7 6 

89 11829580122578318875 1 4
3 4 0 6 

216 2357200053182921339 1 4
3 4 7 6 

78 1891127826838165910 1 4
3 6 1 2 

92 2505770065154038676 1 4
3 6 4 2 

85 12219527490892606314 2 4
2 4 0 6 
4 2 0 6 

212 1795200902221953266 2 4
2 4 6 7 
4 2 6 7 

340 8598181255574835227 2 4
2 4 6 8 
4 2 6 8 

83 2825097443618134894 1 4
1 4 0 6 

210 15186908849417915356 2 4
1 4 6 7 
1 4 7 6 

86 879599666809758116 1 4
6 4 2 1 

105 15406660600063173003 2 4
0 6 3 5 
3 5 0 6 

232 10083773938285380914 2 4
3 5 6 7 
3 5 7 6 

90 11199504978928115176 1 4
3 6 1 4 

101 15804328657059468321 2 4
2 5 0 6 
5 2 0 6 

228 10220627191361430879 2 4
2 5 6 7 
5 2 6 7 

356 1677071180347565230 2 4
2 5 6 8 
5 2 6 8 

99 16324632724984351127 1 4
1 5 0 6 

226 14734395699390490376 2 4
1 5 6 7 
1 5 7 6 

108 15804328657059468321 2 4
2 6 3 5 
6 2 3 5 

106 16324632724984351127 1 4
1 6 3 5 

113 7280204158998552156 2 4
4 5 0 6 
5 4 0 6 

240 394700380938346138 4 4
4 5 6 7 
4 5 7 6 
5 4 6 7 
5 4 7 6 

102 9269342948696072808 2 4
5 6 2 1 
6 5 2 1 

120 18182591502297370157 2 4
4 6 3 5 
6 4 3 5 

116 2866459512373670592 1 4
6 5 2 4 

114 13961074097231435034 1 4
5 6 1 4 

392 3870621583062396010 2 3
3 7 8 
3 8 7 

135 2786679408696158804 1 4
0 7 1 2 

13 1330854201845664887 2 3
0 3 2 
3 0 2 

270 10105764477456675399 1 4
3 8 1 2 

