464 10220627191361430879 2 4
4 8 7 6 
8 4 7 6 

450 9287865256679228559 2 4
1 8 7 6 
1 8 6 7 

456 1699057898927065156 4 4
6 7 3 8 
6 7 8 3 
7 6 3 8 
7 6 8 3 

424 13150025586414177241 8 4
3 8 7 5 
3 8 5 7 
5 7 3 8 
5 7 8 3 
7 5 3 8 
7 5 8 3 
8 3 7 5 
8 3 5 7 

226 6413954140158752352 1 4
1 6 5 7 

92 16277330418281224939 2 4
4 6 2 3 
6 4 2 3 

85 6570806256634135414 1 4
2 4 0 6 

212 6398757076883575033 1 4
2 4 6 7 

90 9164555186100450858 2 4
4 6 3 1 
6 4 3 1 

344 17015737541233389546 2 4
4 6 3 8 
6 4 3 8 

210 14456995175524520786 2 4
1 4 6 7 
1 4 7 6 

337 4415345656511538872 2 4
4 8 0 6 
8 4 0 6 

60 9515771854054113449 2 4
4 5 2 3 
5 4 2 3 

77 1361567497545663179 1 4
2 3 0 6 

204 2045910373128645647 2 4
2 3 6 7 
2 3 7 6 

71 14495276729010968208 1 4
2 1 0 6 

198 17801189453721561402 2 4
2 1 6 7 
2 1 7 6 

325 15406660600063173003 2 4
0 6 2 8 
2 8 0 6 

54 5910445636666514722 2 4
4 5 2 1 
5 4 2 1 

75 1666437849499697734 1 4
0 6 1 3 

202 9287865256679228559 2 4
1 3 6 7 
1 3 7 6 

329 7150496180077738619 2 4
0 6 3 8 
0 6 8 3 

58 3404538831293044976 2 4
4 5 3 1 
5 4 3 1 

312 1677071180347565230 2 4
4 5 3 8 
5 4 3 8 

53 6570806256634135414 1 4
2 4 0 5 

180 18125736765879375276 1 4
2 4 5 7 

308 5017445520378449331 2 4
4 5 2 8 
5 4 2 8 

51 5785711715439450766 1 4
1 4 0 5 

178 3970828915642962000 2 4
1 4 5 7 
1 4 7 5 

305 17551861176896189898 2 4
4 8 0 5 
8 4 0 5 

432 1677071180347565230 2 4
4 8 7 5 
8 4 7 5 

57 15804328657059468321 2 4
3 4 0 5 
4 3 0 5 

184 1677071180347565230 2 4
3 4 5 7 
4 3 5 7 

45 1361567497545663179 1 4
2 3 0 5 

172 3982813991072387447 2 4
2 3 5 7 
2 3 7 5 

43 1666437849499697734 1 4
0 5 1 3 

170 2540898276100957437 2 4
1 3 5 7 
1 3 7 5 

297 7150496180077738619 2 4
0 5 3 8 
0 5 8 3 

86 5910445636666514722 2 4
4 6 2 1 
6 4 2 1 

83 5785711715439450766 1 4
1 4 0 6 

340 3656293589500805796 2 4
4 6 2 8 
6 4 2 8 

27 1545492995713361057 1 4
0 4 1 3 

154 16747473210904696846 2 4
4 7 1 3 
7 4 1 3 

281 698476773254776664 2 4
0 4 3 8 
0 4 8 3 

408 1677071180347565230 2 4
4 7 8 3 
7 4 8 3 

304 754205998099296360 6 3
4 5 8 
4 8 5 
5 4 8 
5 8 4 
8 5 4 
8 4 5 

50 1511571436509274567 2 3
1 4 5 
1 5 4 

56 2728381371886174304 6 3
3 4 5 
3 5 4 
4 3 5 
4 5 3 
5 4 3 
5 3 4 

21 16574095905003600574 2 3
0 2 4 
2 0 4 

148 10706753935364593016 2 3
2 4 7 
2 7 4 

275 1545492995713361057 1 4
0 4 1 8 

402 3404538831293044976 2 4
4 7 8 1 
7 4 8 1 

35 12118398178183663465 1 3
1 0 5 

162 18174914236395934960 2 3
1 5 7 
1 7 5 

7 1483704839054650357 1 3
0 2 1 

261 11149028268085365730 1 3
0 2 8 

152 754205998099296360 6 3
3 4 7 
3 7 4 
4 3 7 
4 7 3 
7 4 3 
7 3 4 

25 10706753935364593016 2 3
0 3 4 
0 4 3 

400 2728381371886174304 6 3
4 7 8 
4 8 7 
7 4 8 
7 8 4 
8 7 4 
8 4 7 

273 10706753935364593016 2 3
0 4 8 
0 8 4 

146 1511571436509274567 2 3
1 4 7 
1 7 4 

19 13672026976537316312 1 3
0 1 4 

164 12585292063867719537 2 3
2 5 7 
2 7 5 

37 11149028268085365730 1 3
2 0 5 

291 1666437849499697734 1 4
0 5 1 8 

418 2540898276100957437 2 4
1 8 7 5 
1 8 5 7 

52 12769602731266802952 2 3
2 4 5 
2 5 4 

306 16747473210904696846 2 4
4 5 1 8 
5 4 1 8 

336 14860785610888650053 6 3
4 6 8 
4 8 6 
6 4 8 
6 8 4 
8 6 4 
8 4 6 

82 1511571436509274567 2 3
1 4 6 
1 6 4 

100 3870621583062396010 2 3
2 5 6 
2 6 5 

354 4330235324716363482 2 4
5 6 1 8 
6 5 1 8 

11 2150741435829383373 1 3
0 1 3 

265 12585292063867719537 2 3
0 3 8 
0 8 3 

69 11149028268085365730 1 3
2 0 6 

196 17258787824257198352 2 3
2 6 7 
2 7 6 

323 1666437849499697734 1 4
0 6 1 8 

39 14495276729010968208 1 4
2 1 0 5 

166 13163607029326092139 2 4
2 1 5 7 
2 1 7 5 

293 15406660600063173003 2 4
0 5 2 8 
2 8 0 5 

98 460800947400302427 2 3
1 5 6 
1 6 5 

5 17087753756477223945 2 2
0 2 
2 0 

259 2150741435829383373 1 3
0 1 8 

3 6749820438703356068 1 2
0 1 

89 6534630873780932037 2 4
3 4 0 6 
4 3 0 6 

216 2974813683649203891 2 4
3 4 6 7 
4 3 6 7 

67 12118398178183663465 1 3
1 0 6 

194 318753115077998594 2 3
1 6 7 
1 7 6 

23 3169049540384014618 1 4
0 4 2 1 

150 2276503206083499835 2 4
4 7 2 1 
7 4 2 1 

277 12844178937462204567 1 4
0 4 2 8 

84 12769602731266802952 2 3
2 4 6 
2 6 4 

338 17141885570686120049 2 4
4 6 1 8 
6 4 1 8 

29 5036159874697649378 1 4
0 4 2 3 

156 3758550860374928371 2 4
4 7 2 3 
7 4 2 3 

88 13119232308241019096 6 3
3 4 6 
3 6 4 
4 3 6 
4 6 3 
6 4 3 
6 3 4 

13 1100806113672523033 1 3
0 2 3 

267 10600252980852207555 2 4
0 1 3 8 
0 1 8 3 

131 12118398178183663465 1 3
1 0 7 

15 9669033196495163364 1 4
0 2 1 3 

269 8389516611493844045 1 4
0 2 3 8 

133 11149028268085365730 1 3
2 0 7 

387 1666437849499697734 1 4
0 7 1 8 

101 5215022540671273095 2 4
2 0 5 6 
2 0 6 5 

228 15236505058129304159 1 4
2 6 5 7 

108 15175919273973401860 2 4
2 3 5 6 
2 3 6 5 

102 15355942763954421847 2 4
2 1 5 6 
2 1 6 5 

99 5154304583964144038 2 4
1 0 5 6 
1 0 6 5 

356 5212208834225348329 2 4
2 8 6 5 
2 8 5 6 

106 4330235324716363482 2 4
5 6 1 3 
6 5 1 3 

360 12792859129086584636 4 4
5 6 3 8 
5 6 8 3 
6 5 3 8 
6 5 8 3 

114 14137384084851175577 2 4
1 4 5 6 
1 4 6 5 

368 7978115995136584964 2 4
4 8 6 5 
8 4 6 5 

120 78324714845983665 2 4
3 4 5 6 
4 3 5 6 

116 16814981961068993657 2 4
2 4 5 6 
2 4 6 5 

141 1361567497545663179 1 4
2 3 0 7 

135 14495276729010968208 1 4
2 1 0 7 

389 15406660600063173003 2 4
0 7 2 8 
2 8 0 7 

139 1666437849499697734 1 4
0 7 1 3 

393 7150496180077738619 2 4
0 7 3 8 
0 7 8 3 

404 15804328657059468321 2 4
4 7 2 8 
7 4 2 8 

147 5785711715439450766 1 4
1 4 0 7 

401 15804328657059468321 2 4
4 8 0 7 
8 4 0 7 

153 17551861176896189898 2 4
3 4 0 7 
4 3 0 7 

149 12844178937462204567 1 4
2 4 0 7 

420 7150496180077738619 2 4
2 8 7 5 
2 8 5 7 

163 8914845209269978610 2 4
1 0 5 7 
1 0 7 5 

165 15669754230730330559 2 4
2 0 5 7 
2 0 7 5 

452 10083773938285380914 2 4
2 8 7 6 
2 8 6 7 

195 12822103968178840162 2 4
1 0 6 7 
1 0 7 6 

197 5625766177066252915 2 4
2 0 6 7 
2 0 7 6 

263 9873142608026435200 1 4
0 2 1 8 

