392 12260785478939447192 6 3
3 7 8 
3 8 7 
7 3 8 
7 8 3 
8 7 3 
8 3 7 

416 2728381371886174304 6 3
5 7 8 
5 8 7 
7 5 8 
7 8 5 
8 7 5 
8 5 7 

352 754205998099296360 6 3
5 6 8 
5 8 6 
6 5 8 
6 8 5 
8 6 5 
8 5 6 

304 6906529405458791006 6 3
4 5 8 
4 8 5 
5 4 8 
5 8 4 
8 5 4 
8 4 5 

289 2556403723832706817 2 3
0 5 8 
0 8 5 

296 11283220846380389061 2 3
8 5 3 
8 3 5 

259 2231123473344165760 2 3
0 1 8 
0 8 1 

265 7185466636915630792 2 3
0 3 8 
0 8 3 

35 1648682142023281133 2 3
0 1 5 
0 5 1 

42 11283220846380389061 2 3
1 3 5 
1 5 3 

13 327867739371033520 1 3
2 0 3 

37 8481868539277643955 1 3
2 0 5 

11 1148611612121554985 2 3
0 1 3 
0 3 1 

69 16873924392557016906 1 3
2 0 6 

98 14860785610888650053 6 3
1 5 6 
1 6 5 
5 1 6 
5 6 1 
6 5 1 
6 1 5 

100 12769602731266802952 2 3
2 5 6 
2 6 5 

41 15311484384221899405 2 3
0 3 5 
0 5 3 

28 9951756003203208658 2 3
2 3 4 
2 4 3 

7 8387938762811113651 1 3
0 2 1 

21 9828701846255597832 1 3
2 0 4 

52 9951756003203208658 2 3
2 4 5 
2 5 4 

50 6906529405458791006 6 3
1 4 5 
1 5 4 
4 1 5 
4 5 1 
5 4 1 
5 1 4 

168 11283220846380389061 2 3
7 5 3 
7 3 5 

26 6906529405458791006 6 3
1 3 4 
1 4 3 
3 1 4 
3 4 1 
4 3 1 
4 1 3 

280 6906529405458791006 6 3
3 4 8 
3 8 4 
4 3 8 
4 8 3 
8 4 3 
8 3 4 

162 13119232308241019096 6 3
1 5 7 
1 7 5 
5 1 7 
5 7 1 
7 5 1 
7 1 5 

44 9473937741700373895 2 3
2 3 5 
2 5 3 

5 4377786004199497311 1 2
2 0 

76 16258839135554755291 2 3
2 3 6 
2 6 3 

104 11283220846380389061 2 3
6 5 3 
6 3 5 

74 14590248500468714027 6 3
1 3 6 
1 6 3 
3 1 6 
3 6 1 
6 3 1 
6 1 3 

133 5721828730872266431 1 3
2 0 7 

140 8666925077151757690 2 3
2 3 7 
2 7 3 

138 1780203312458342186 6 3
1 3 7 
1 7 3 
3 1 7 
3 7 1 
7 3 1 
7 1 3 

196 12585292063867719537 2 3
2 6 7 
2 7 6 

148 7698985776645440831 2 3
2 4 7 
2 7 4 

164 10706753935364593016 2 3
2 5 7 
2 7 5 

84 7698985776645440831 2 3
2 4 6 
2 6 4 

261 16047514416036043737 1 3
0 2 8 

