bhabha2pb2m[0,0,0,0,-1,0,1,0,0]*(4*a6)
bhabha2pb2m[0,0,0,0,0,0,0,0,0]*(6*a1-6*a8-6*a6+6*a0)
bhabha2pb2m[0,0,0,0,0,0,1,0,0]*(2*a6*eta+4*a6)
bhabha2pb2m[-1,0,0,0,0,0,1,0,0]*(2*a6)
bhabha2pb2m[0,0,0,0,0,0,0,1,0]*(-3*eta*a7-2*a7)
bhabha2pb2m[0,0,0,0,0,0,-1,1,0]*(5*a7)
bhabha2pb2m[0,0,0,-1,0,0,0,0,1]*(2*a8)
bhabha2pb2m[0,0,0,0,-1,0,0,0,1]*(-4*a8)
bhabha2pb2m[0,0,0,0,0,-1,0,0,1]*(2*a8)
bhabha2pb2m[0,0,0,0,-1,0,0,1,0]*(-2*a7)
bhabha2pb2m[0,0,0,0,0,0,0,0,1]*(4*a8)
bhabha2pb2m[0,-1,0,0,0,0,0,0,1]*(2*a8)
bhabha2pb2m[0,0,1,0,0,0,0,0,0]*(-2*a2)
bhabha2pb2m[0,0,1,0,0,-1,0,0,0]*(-a2)
bhabha2pb2m[0,0,1,0,-1,0,0,0,0]*(2*a2)
bhabha2pb2m[0,-1,1,0,0,0,0,0,0]*(9*a2)
bhabha2pb2m[1,0,0,0,-1,0,0,0,0]*(-4*a0)
bhabha2pb2m[1,0,0,0,0,0,-1,0,0]*(-2*a0)
bhabha2pb2m[1,0,0,0,0,0,0,0,0]*(-4*a0+6*eta*a0)
bhabha2pb2m[-1,0,0,0,0,0,0,1,0]*(-3*a7)
bhabha2pb2m[0,0,1,0,0,0,0,0,-1]*(-7*a2)
bhabha2pb2m[0,0,1,-1,0,0,0,0,0]*(-a2)
bhabha2pb2m[0,1,0,-1,0,0,0,0,0]*(-2*a1)
bhabha2pb2m[0,1,0,0,-1,0,0,0,0]*(4*a1)
bhabha2pb2m[0,1,0,0,0,-1,0,0,0]*(-2*a1)
bhabha2pb2m[0,1,0,0,0,0,0,0,-1]*(-2*a1)
bhabha2pb2m[0,1,0,0,0,0,0,0,0]*(-4*a1)

bhabha2pb2m[-1,0,0,0,0,0,1,0,0]*(3*a6)
bhabha2pb2m[0,0,0,0,-1,0,1,0,0]*(-9*a6)
bhabha2pb2m[0,0,0,0,0,0,1,0,0]*(3*a6*eta-9*a6)
bhabha2pb2m[0,0,0,0,0,0,0,1,0]*(-2*eta*a7+7*a7)
bhabha2pb2m[0,0,0,0,0,0,1,-1,0]*(6*a6)
bhabha2pb2m[0,0,0,0,0,0,0,0,0]*(7*a1-7*a2+5*a0-5*a7)
bhabha2pb2m[0,-1,0,0,0,0,0,0,1]*(9*a8)
bhabha2pb2m[0,0,0,-1,0,0,0,0,1]*(-3/2*a8)
bhabha2pb2m[0,0,0,0,-1,0,0,0,1]*(3*a8)
bhabha2pb2m[0,0,0,0,0,-1,0,0,1]*(-3/2*a8)
bhabha2pb2m[0,0,0,0,0,0,0,0,1]*(27*a8)
bhabha2pb2m[0,-1,1,0,0,0,0,0,0]*(14*a2)
bhabha2pb2m[0,0,-1,0,0,0,0,0,1]*(-6*a8)
bhabha2pb2m[0,0,1,0,0,0,0,0,0]*(28*a2)
bhabha2pb2m[0,0,0,0,-1,0,0,1,0]*(7*a7)
bhabha2pb2m[1,0,0,0,-1,0,0,0,0]*(-7*a0)
bhabha2pb2m[1,0,0,0,0,0,0,0,0]*(-7*a0+5*eta*a0)
bhabha2pb2m[0,0,1,-1,0,0,0,0,0]*(-7/2*a2)
bhabha2pb2m[1,0,0,0,0,0,0,-1,0]*(2*a0)
bhabha2pb2m[0,0,1,0,0,-1,0,0,0]*(-7/2*a2)
bhabha2pb2m[0,0,1,0,-1,0,0,0,0]*(7*a2)
bhabha2pb2m[0,1,0,-1,0,0,0,0,0]*(-5/2*a1)
bhabha2pb2m[0,1,0,0,-1,0,0,0,0]*(5*a1)
bhabha2pb2m[0,1,0,0,0,-1,0,0,0]*(-5/2*a1)
bhabha2pb2m[0,1,0,0,0,0,0,0,0]*(5*a1)
bhabha2pb2m[-1,0,0,0,0,0,0,1,0]*(-2*a7)
bhabha2pb2m[0,1,-1,0,0,0,0,0,0]*(-2*a1)

bhabha2pb2m[0,0,0,0,-1,0,1,0,0]*(-5*a6)
bhabha2pb2m[0,0,0,0,0,0,0,0,0]*(6*a1+3*a8-9*a2+3*a6-3*a7)
bhabha2pb2m[0,0,0,0,0,0,1,0,0]*(-5*a6)
bhabha2pb2m[0,0,0,0,0,0,0,1,0]*(5*a7)
bhabha2pb2m[0,0,0,0,0,0,1,-1,0]*(2*a6)
bhabha2pb2m[0,0,1,0,0,0,0,0,0]*(38*a2)
bhabha2pb2m[0,0,0,-1,0,0,0,0,1]*(-3/2*a8)
bhabha2pb2m[0,0,0,0,-1,0,0,0,1]*(3*a8)
bhabha2pb2m[0,0,0,0,0,-1,0,0,1]*(-3/2*a8)
bhabha2pb2m[0,0,0,0,-1,0,0,1,0]*(5*a7)
bhabha2pb2m[0,0,0,0,0,0,0,0,1]*(7*a8)
bhabha2pb2m[0,-1,0,0,0,0,0,0,1]*(2*a8)
bhabha2pb2m[0,0,-1,0,0,0,0,0,1]*(-2*a8)
bhabha2pb2m[0,0,1,0,-1,0,0,0,0]*(7*a2)
bhabha2pb2m[1,0,0,0,-1,0,0,0,0]*(-11*a0)
bhabha2pb2m[1,0,0,0,0,0,-1,0,0]*(5*a0)
bhabha2pb2m[1,0,0,0,0,0,0,0,0]*(-11*a0)
bhabha2pb2m[0,0,1,0,0,0,0,0,-1]*(7*a2)
bhabha2pb2m[1,0,0,0,0,0,0,-1,0]*(6*a0)
bhabha2pb2m[0,0,0,0,0,0,-1,1,0]*(-2*a7)
bhabha2pb2m[0,1,0,-1,0,0,0,0,0]*(-5/2*a1)
bhabha2pb2m[0,1,0,0,-1,0,0,0,0]*(5*a1)
bhabha2pb2m[0,1,0,0,0,-1,0,0,0]*(-5/2*a1)
bhabha2pb2m[0,1,0,0,0,0,0,0,-1]*(5*a1)
bhabha2pb2m[0,1,0,0,0,0,0,0,0]*(25*a1)
bhabha2pb2m[0,0,1,0,0,-1,0,0,0]*(-7/2*a2)
bhabha2pb2m[0,1,-1,0,0,0,0,0,0]*(-6*a1)
bhabha2pb2m[0,0,1,-1,0,0,0,0,0]*(-7/2*a2)
bhabha2pb2m[0,-1,1,0,0,0,0,0,0]*(9*a2)

