bhabha2pb[1,0,1,0,0,0,0,0,0] #   5
bhabha2pb[1,1,1,0,0,0,0,0,0] #   7
bhabha2pb[1,0,0,1,0,0,1,0,0] #  73
bhabha2pb[0,0,1,0,1,2,0,0,0] #  52
bhabha2pb[0,0,0,0,1,2,1,0,0] # 112
bhabha2pb[0,1,1,0,0,2,0,0,0] #  38
bhabha2pb[0,2,1,0,0,1,0,0,0] #  38
bhabha2pb[0,1,0,0,0,2,1,0,0] #  98
bhabha2pb[0,2,0,0,0,1,1,0,0] #  98
bhabha2pb[1,0,1,1,0,0,1,0,0] #  77
bhabha2pb[1,1,1,1,0,0,0,0,0] #  15
bhabha2pb[1,1,0,1,0,0,1,0,0] #  75
bhabha2pb[1,0,0,0,1,2,1,0,0] # 113
bhabha2pb[0,1,1,0,1,2,0,0,0] #  54
bhabha2pb[1,1,0,0,0,2,1,0,0] #  99
bhabha2pb[1,2,0,0,0,1,1,0,0] #  99
bhabha2pb[0,1,1,0,0,2,1,0,0] # 102
bhabha2pb[0,2,1,0,0,1,1,0,0] # 102
bhabha2pb[0,1,0,0,1,2,1,0,0] # 114
bhabha2pb[0,0,1,1,1,2,0,0,0] #  60
bhabha2pb[1,0,0,1,0,2,1,0,0] # 105
bhabha2pb[1,0,0,2,0,1,1,0,0] # 105
bhabha2pb[1,0,0,1,0,1,2,0,0] # 105
bhabha2pb[0,0,0,1,1,2,1,0,0] # 120
bhabha2pb[0,0,0,2,1,1,1,0,0] # 120
bhabha2pb[1,1,1,1,0,0,1,0,0] #  79
bhabha2pb[1,0,1,0,1,1,1,0,0] # 117
bhabha2pb[1,0,1,0,1,2,1,0,0] # 117
bhabha2pb[1,1,1,0,0,1,1,0,0] # 103
bhabha2pb[1,1,1,0,0,2,1,0,0] # 103
bhabha2pb[1,2,1,0,0,1,1,0,0] # 103
bhabha2pb[1,1,0,0,1,2,1,0,0] # 115
bhabha2pb[0,1,1,0,1,2,1,0,0] # 118
bhabha2pb[0,2,1,0,1,1,1,0,0] # 118
bhabha2pb[0,1,1,0,1,1,2,0,0] # 118
bhabha2pb[0,1,1,0,2,1,1,0,0] # 118
bhabha2pb[0,1,1,0,1,3,1,0,0] # 118
bhabha2pb[1,0,1,1,1,1,0,0,0] #  61
bhabha2pb[1,0,1,1,1,2,0,0,0] #  61
bhabha2pb[1,0,0,1,1,2,1,0,0] # 121
bhabha2pb[1,0,0,2,1,1,1,0,0] # 121
bhabha2pb[1,0,0,1,1,1,2,0,0] # 121
bhabha2pb[1,0,0,1,2,1,1,0,0] # 121
bhabha2pb[2,0,0,1,1,1,1,0,0] # 121
bhabha2pb[1,0,0,1,1,3,1,0,0] # 121
bhabha2pb[0,0,1,1,1,2,1,0,0] # 124
bhabha2pb[0,0,1,2,1,1,1,0,0] # 124
bhabha2pb[1,1,0,1,0,1,1,0,0] # 107
bhabha2pb[1,1,0,1,0,2,1,0,0] # 107
bhabha2pb[1,1,0,2,0,1,1,0,0] # 107
bhabha2pb[1,2,0,1,0,1,1,0,0] # 107
bhabha2pb[0,1,0,1,1,1,1,0,0] # 122
bhabha2pb[0,1,0,1,1,2,1,0,0] # 122
bhabha2pb[0,1,0,2,1,1,1,0,0] # 122
bhabha2pb[1,1,1,0,1,1,1,0,0] # 119
bhabha2pb[1,1,1,0,1,2,1,0,0] # 119
bhabha2pb[1,0,1,1,1,1,1,0,0] # 125
bhabha2pb[1,0,1,1,1,2,1,0,0] # 125
bhabha2pb[1,0,1,2,1,1,1,0,0] # 125
bhabha2pb[1,1,0,1,1,1,1,0,0] # 123
bhabha2pb[1,1,0,1,1,2,1,0,0] # 123
bhabha2pb[1,1,0,2,1,1,1,0,0] # 123
bhabha2pb[0,1,1,1,1,1,1,0,0] # 126
bhabha2pb[0,1,1,1,1,2,1,0,0] # 126
bhabha2pb[0,1,1,2,1,1,1,0,0] # 126
bhabha2pb[1,1,1,1,1,1,1,0,0] # 127
bhabha2pb[1,1,1,1,1,2,1,0,0] # 127
bhabha2pb[1,1,1,2,1,1,1,0,0] # 127
bhabha2pb[0,1,1,0,0,0,0,0,0] #   6
bhabha2pb[1,0,1,0,1,0,0,0,0] #  21
bhabha2pb[1,0,1,1,0,0,0,0,0] #  13
bhabha2pb[0,1,1,1,0,0,0,0,0] #  14
bhabha2pb[0,1,0,1,0,0,1,0,0] #  74
bhabha2pb[1,0,1,0,0,1,0,0,0] #  37
bhabha2pb[1,0,0,0,0,2,1,0,0] #  97
bhabha2pb[2,0,0,0,0,1,1,0,0] #  97
bhabha2pb[1,0,0,1,0,2,0,0,0] #  41
bhabha2pb[1,0,0,2,0,1,0,0,0] #  41
bhabha2pb[2,0,0,1,0,1,0,0,0] #  41
bhabha2pb[1,1,1,0,1,0,0,0,0] #  23
bhabha2pb[1,0,1,1,1,0,0,0,0] #  29
bhabha2pb[1,0,0,1,1,0,1,0,0] #  89
bhabha2pb[0,1,1,1,0,0,1,0,0] #  78
bhabha2pb[1,0,1,0,1,1,0,0,0] #  53
bhabha2pb[0,0,1,0,1,2,1,0,0] # 116
bhabha2pb[1,0,0,0,2,1,1,0,0] # 113
bhabha2pb[1,1,1,0,0,1,0,0,0] #  39
bhabha2pb[1,0,1,1,0,1,0,0,0] #  45
bhabha2pb[1,0,0,1,1,2,0,0,0] #  57
bhabha2pb[1,0,0,2,1,1,0,0,0] #  57
bhabha2pb[1,0,0,1,2,1,0,0,0] #  57
bhabha2pb[1,0,1,1,1,0,1,0,0] #  93
bhabha2pb[1,1,1,1,1,0,0,0,0] #  31
bhabha2pb[1,1,0,1,1,0,1,0,0] #  91
bhabha2pb[1,0,1,0,1,1,2,0,0] # 117
bhabha2pb[1,0,1,0,2,1,1,0,0] # 117
bhabha2pb[1,1,1,0,1,1,0,0,0] #  55
bhabha2pb[1,1,1,0,0,1,2,0,0] # 103
bhabha2pb[1,2,0,0,1,1,1,0,0] # 115
bhabha2pb[1,0,1,2,1,1,0,0,0] #  61
bhabha2pb[1,0,1,1,0,1,1,0,0] # 109
bhabha2pb[1,0,0,2,1,2,1,0,0] # 121
bhabha2pb[1,1,1,1,0,1,0,0,0] #  47
bhabha2pb[0,1,1,1,1,1,0,0,0] #  62
bhabha2pb[0,1,1,1,1,2,0,0,0] #  62
bhabha2pb[1,1,1,1,1,0,1,0,0] #  95
bhabha2pb[1,2,1,0,1,1,1,0,0] # 119
bhabha2pb[1,1,1,0,1,1,2,0,0] # 119
bhabha2pb[1,0,1,1,1,1,2,0,0] # 125
bhabha2pb[1,0,1,1,2,1,1,0,0] # 125
bhabha2pb[1,1,1,1,1,1,0,0,0] #  63
bhabha2pb[1,1,1,1,0,1,1,0,0] # 111
bhabha2pb[1,2,0,1,1,1,1,0,0] # 123
bhabha2pb[1,2,1,1,1,1,1,0,0] # 127
bhabha2pb[1,1,1,1,1,3,1,0,0] # 127
