mercedes[0,0,0,0,0,0,0,0,0,0,0,0]*(-2*a3-a6-a10-a4+d-a11)
mercedes[0,0,0,-1,1,0,0,0,0,0,0,0]*(-a4)
mercedes[0,0,0,0,0,0,0,0,0,0,0,1]*(eta*a11)
mercedes[0,0,-1,0,0,0,1,0,0,0,0,0]*(a6)
mercedes[0,0,0,-1,0,0,1,0,0,0,0,0]*(-a6)
mercedes[0,0,0,-1,0,0,0,0,0,0,0,1]*(-a11)
mercedes[0,0,0,-1,0,0,0,1,0,0,0,0]*(-2*a7)
mercedes[0,0,0,0,-1,0,0,1,0,0,0,0]*(-a7)
mercedes[0,0,0,0,0,0,0,1,-1,0,0,0]*(-a7)
mercedes[0,0,0,0,0,0,0,1,0,0,-1,0]*(a7)
mercedes[0,0,0,-1,0,0,0,0,0,0,1,0]*(-a10)
mercedes[0,0,0,0,0,0,0,0,-1,0,1,0]*(a10)
mercedes[0,-1,0,0,0,0,0,0,0,0,0,1]*(a11)

mercedes[0,0,0,0,0,0,0,0,0,0,0,0]*(-a0-a10-a7+d-2*a8-a9)
mercedes[1,0,0,0,0,0,0,0,-1,0,0,0]*(-a0)
mercedes[1,0,0,0,0,0,0,0,0,0,0,0]*(a0)
mercedes[-1,0,0,0,0,1,0,0,0,0,0,0]*(-a5)
mercedes[0,-1,0,0,0,1,0,0,0,0,0,0]*(-a5)
mercedes[0,0,0,0,0,1,0,0,-1,0,0,0]*(-2*a5)
mercedes[0,0,0,0,0,1,0,0,0,-1,0,0]*(a5)
mercedes[0,0,0,0,0,1,0,0,0,0,0,0]*(-eta*a5+a5)
mercedes[0,0,0,0,-1,0,0,1,0,0,0,0]*(a7)
mercedes[0,0,0,0,0,0,0,0,-1,0,1,0]*(-a10)
mercedes[0,0,0,0,0,0,0,1,-1,0,0,0]*(-a7)
mercedes[0,0,0,-1,0,0,0,0,0,0,1,0]*(a10)
mercedes[0,-1,0,0,0,0,0,0,0,1,0,0]*(a9)
mercedes[0,0,0,0,0,0,0,0,-1,1,0,0]*(-a9)
mercedes[0,0,0,0,0,0,0,0,0,1,0,0]*(eta*a9)

mercedes[0,0,0,0,0,0,0,0,0,0,0,0]*(-2*a1+d-a11-a5-a2-a9)
mercedes[0,1,0,0,0,0,0,0,0,0,0,0]*(-2*eta*a1)
mercedes[0,-1,1,0,0,0,0,0,0,0,0,0]*(-a2)
mercedes[0,0,0,0,0,0,0,0,0,0,0,1]*(-eta*a11)
mercedes[0,0,1,0,0,0,0,0,0,0,0,0]*(-eta*a2)
mercedes[-1,0,0,0,0,1,0,0,0,0,0,0]*(a5)
mercedes[0,-1,0,0,0,1,0,0,0,0,0,0]*(-a5)
mercedes[0,0,0,-1,0,0,0,0,0,0,0,1]*(a11)
mercedes[0,0,0,0,0,1,0,0,0,0,0,0]*(-eta*a5)
mercedes[0,-1,0,0,0,0,1,0,0,0,0,0]*(-2*a6)
mercedes[0,0,-1,0,0,0,1,0,0,0,0,0]*(-a6)
mercedes[0,0,0,-1,0,0,1,0,0,0,0,0]*(-a6)
mercedes[0,0,0,0,0,0,1,0,0,0,0,-1]*(a6)
mercedes[0,0,0,0,0,0,1,0,0,0,0,0]*(-2*a6*eta)
mercedes[0,-1,0,0,0,0,0,0,0,1,0,0]*(-a9)
mercedes[0,0,0,0,0,0,0,0,-1,1,0,0]*(a9)
mercedes[0,-1,0,0,0,0,0,0,0,0,0,1]*(-a11)
mercedes[0,0,0,0,0,0,0,0,0,1,0,0]*(-eta*a9)

mercedes[0,0,0,0,0,0,0,0,0,0,0,0]*(a3-a10-a4+a7)
mercedes[0,0,0,1,0,0,0,0,-1,0,0,0]*(a3)
mercedes[0,0,0,1,0,0,0,0,0,0,-1,0]*(-a3)
mercedes[0,0,0,0,0,0,0,0,0,0,0,1]*(eta*a11)
mercedes[0,0,0,0,1,0,0,-1,0,0,0,0]*(a4)
mercedes[0,0,0,0,1,0,0,0,-1,0,0,0]*(-a4)
mercedes[-1,0,0,0,0,0,1,0,0,0,0,0]*(-a6)
mercedes[0,-1,0,0,0,0,1,0,0,0,0,0]*(-a6)
mercedes[0,0,0,0,-1,0,1,0,0,0,0,0]*(-a6)
mercedes[0,0,0,0,0,0,1,-1,0,0,0,0]*(a6)
mercedes[0,0,0,0,0,0,1,0,-1,0,0,0]*(-a6)
mercedes[0,0,0,0,0,0,1,0,0,-1,0,0]*(a6)
mercedes[0,0,0,0,0,0,1,0,0,0,0,0]*(-a6*eta+a6)
mercedes[0,0,0,0,-1,0,0,1,0,0,0,0]*(-a7)
mercedes[0,0,0,0,0,0,0,0,0,0,-1,1]*(-a11)
mercedes[0,0,0,0,0,0,0,1,-1,0,0,0]*(a7)
mercedes[0,0,0,-1,0,0,0,0,0,0,1,0]*(a10)
mercedes[0,0,0,0,0,0,0,0,-1,0,1,0]*(-a10)
mercedes[0,0,0,0,0,0,0,0,0,-1,0,1]*(-a11)
mercedes[0,-1,0,0,0,0,0,0,0,0,0,1]*(a11)
mercedes[0,0,0,-1,0,0,0,0,0,0,0,1]*(a11)
mercedes[0,0,0,0,0,0,0,0,-1,0,0,1]*(2*a11)

mercedes[0,0,0,0,0,0,0,0,0,0,0,0]*(a6+a1-a11-a2)
mercedes[0,1,0,-1,0,0,0,0,0,0,0,0]*(a1)
mercedes[0,1,0,0,0,0,0,0,0,0,0,-1]*(-a1)
mercedes[0,1,0,0,0,0,0,0,0,0,0,0]*(eta*a1)
mercedes[0,0,0,0,0,0,0,0,0,0,0,1]*(eta*a11)
mercedes[0,0,1,-1,0,0,0,0,0,0,0,0]*(-a2)
mercedes[0,0,1,0,0,0,-1,0,0,0,0,0]*(a2)
mercedes[0,0,-1,0,0,1,0,0,0,0,0,0]*(-a5)
mercedes[0,0,0,-1,0,1,0,0,0,0,0,0]*(-a5)
mercedes[0,0,0,0,-1,1,0,0,0,0,0,0]*(-a5)
mercedes[0,0,0,0,0,1,-1,0,0,0,0,0]*(a5)
mercedes[0,0,0,0,0,1,0,0,-1,0,0,0]*(-a5)
mercedes[0,0,0,0,0,1,0,0,0,0,-1,0]*(a5)
mercedes[0,0,-1,0,0,0,1,0,0,0,0,0]*(-a6)
mercedes[0,0,0,-1,0,0,1,0,0,0,0,0]*(a6)
mercedes[0,0,0,-1,0,0,0,0,0,0,0,1]*(-a11)
mercedes[0,-1,0,0,0,0,0,0,0,1,0,0]*(a9)
mercedes[0,0,0,-1,0,0,0,0,0,1,0,0]*(2*a9)
mercedes[0,0,0,0,0,0,0,0,-1,1,0,0]*(a9)
mercedes[0,0,0,0,0,0,0,0,0,1,-1,0]*(-a9)
mercedes[0,0,0,0,0,0,0,0,0,1,0,-1]*(-a9)
mercedes[0,0,0,0,0,0,0,0,0,1,0,0]*(eta*a9)
mercedes[0,-1,0,0,0,0,0,0,0,0,0,1]*(a11)

mercedes[0,0,0,0,0,0,0,0,0,0,0,0]*(-a0+a5+a8-a9)
mercedes[1,-1,0,0,0,0,0,0,0,0,0,0]*(-a0)
mercedes[1,0,0,0,0,-1,0,0,0,0,0,0]*(a0)
mercedes[1,0,0,0,0,0,0,0,0,0,0,0]*(-a0*eta)
mercedes[-1,0,0,0,0,1,0,0,0,0,0,0]*(-a5)
mercedes[0,-1,0,0,0,1,0,0,0,0,0,0]*(a5)
mercedes[0,0,0,0,0,0,0,0,0,0,1,0]*(2*eta*a10)
mercedes[0,0,0,0,0,1,0,0,0,0,0,0]*(eta*a5)
mercedes[-1,0,0,0,0,0,0,1,0,0,0,0]*(-a7)
mercedes[0,-1,0,0,0,0,0,1,0,0,0,0]*(-a7)
mercedes[0,0,-1,0,0,0,0,1,0,0,0,0]*(-a7)
mercedes[0,0,0,-1,0,0,0,1,0,0,0,0]*(-a7)
mercedes[0,0,0,0,0,-1,0,1,0,0,0,0]*(a7)
mercedes[0,0,0,0,0,0,0,1,0,0,0,-1]*(a7)
mercedes[0,0,0,0,0,0,0,1,0,0,0,0]*(-eta*a7)
mercedes[0,-1,0,0,0,0,0,0,1,0,0,0]*(a8)
mercedes[0,0,0,0,0,0,0,0,0,0,1,-1]*(-a10)
mercedes[0,0,0,0,0,0,0,0,1,-1,0,0]*(-a8)
mercedes[0,0,0,0,0,0,0,0,1,0,0,0]*(eta*a8)
mercedes[0,-1,0,0,0,0,0,0,0,1,0,0]*(-a9)
mercedes[0,0,0,0,0,0,0,0,-1,1,0,0]*(a9)
mercedes[0,0,0,0,0,0,0,0,0,-1,1,0]*(-a10)
mercedes[0,0,0,0,0,0,0,0,0,1,0,0]*(-eta*a9)
mercedes[0,-1,0,0,0,0,0,0,0,0,1,0]*(2*a10)
mercedes[0,0,0,-1,0,0,0,0,0,0,1,0]*(a10)
mercedes[0,0,0,0,0,0,0,0,-1,0,1,0]*(a10)

mercedes[1,-1,0,0,0,0,0,0,0,0,0,0]*(a0)
mercedes[1,0,-1,0,0,0,0,0,0,0,0,0]*(a0)
mercedes[1,0,0,-1,0,0,0,0,0,0,0,0]*(2*a0)
mercedes[1,0,0,0,-1,0,0,0,0,0,0,0]*(a0)
mercedes[1,0,0,0,0,0,-1,0,0,0,0,0]*(-a0)
mercedes[1,0,0,0,0,0,0,0,-1,0,0,0]*(a0)
mercedes[1,0,0,0,0,0,0,0,0,0,-1,0]*(-a0)
mercedes[1,0,0,0,0,0,0,0,0,0,0,-1]*(-a0)
mercedes[1,0,0,0,0,0,0,0,0,0,0,0]*(a0*eta)
mercedes[0,0,-1,0,0,1,0,0,0,0,0,0]*(a5)
mercedes[0,0,0,-1,0,1,0,0,0,0,0,0]*(a5)
mercedes[0,0,0,0,-1,1,0,0,0,0,0,0]*(a5)
mercedes[0,0,0,0,0,1,-1,0,0,0,0,0]*(-a5)
mercedes[0,0,0,0,0,1,0,0,-1,0,0,0]*(a5)
mercedes[0,0,0,0,0,1,0,0,0,0,-1,0]*(-a5)
mercedes[0,0,0,-1,0,0,0,1,0,0,0,0]*(2*a7)
mercedes[0,0,0,0,-1,0,0,1,0,0,0,0]*(a7)
mercedes[0,0,0,0,0,0,0,1,-1,0,0,0]*(a7)
mercedes[0,0,0,0,0,0,0,1,0,0,-1,0]*(-a7)
mercedes[0,0,0,-1,0,0,0,0,1,0,0,0]*(a8)
mercedes[0,0,0,0,0,0,0,0,0,0,0,0]*(-a10+a8)
mercedes[0,0,0,0,0,0,0,0,1,0,-1,0]*(-a8)
mercedes[0,-1,0,0,0,0,0,0,0,1,0,0]*(a9)
mercedes[0,0,0,-1,0,0,0,0,0,1,0,0]*(2*a9)
mercedes[0,0,0,0,0,0,0,0,-1,1,0,0]*(a9)
mercedes[0,0,0,0,0,0,0,0,0,1,-1,0]*(-a9)
mercedes[0,0,0,0,0,0,0,0,0,1,0,-1]*(-a9)
mercedes[0,0,0,0,0,0,0,0,0,1,0,0]*(eta*a9)
mercedes[0,0,0,-1,0,0,0,0,0,0,1,0]*(-a10)
mercedes[0,0,0,0,0,0,0,0,-1,0,1,0]*(a10)

mercedes[0,0,0,0,0,0,0,0,0,0,0,0]*(-a6+a1+a11-a2)
mercedes[0,1,-1,0,0,0,0,0,0,0,0,0]*(-a1)
mercedes[0,1,0,0,0,0,0,0,0,0,0,0]*(eta*a1)
mercedes[0,-1,1,0,0,0,0,0,0,0,0,0]*(a2)
mercedes[0,0,0,0,0,0,-1,0,0,0,0,1]*(a11)
mercedes[0,0,1,0,0,0,0,0,0,0,0,0]*(eta*a2)
mercedes[-1,0,0,0,0,1,0,0,0,0,0,0]*(-a5)
mercedes[0,-1,0,0,0,1,0,0,0,0,0,0]*(a5)
mercedes[0,0,-1,0,0,1,0,0,0,0,0,0]*(-a5)
mercedes[0,0,0,-1,0,1,0,0,0,0,0,0]*(-a5)
mercedes[0,0,0,0,-1,1,0,0,0,0,0,0]*(-a5)
mercedes[0,0,0,0,0,1,0,-1,0,0,0,0]*(a5)
mercedes[0,0,0,0,0,1,0,0,-1,0,0,0]*(-a5)
mercedes[0,0,0,0,0,1,0,0,0,0,-1,0]*(a5)
mercedes[0,0,0,0,0,1,0,0,0,0,0,0]*(eta*a5)
mercedes[0,-1,0,0,0,0,1,0,0,0,0,0]*(2*a6)
mercedes[0,0,0,-1,0,0,1,0,0,0,0,0]*(2*a6)
mercedes[0,0,0,-1,0,0,0,0,0,0,0,1]*(-2*a11)
mercedes[0,0,0,0,0,0,1,0,0,0,0,-1]*(-a6)
mercedes[0,0,0,0,0,0,1,0,0,0,0,0]*(2*a6*eta)
mercedes[-1,0,0,0,0,0,0,0,0,1,0,0]*(a9)
mercedes[0,-1,0,0,0,0,0,0,0,1,0,0]*(a9)
mercedes[0,0,-1,0,0,0,0,0,0,1,0,0]*(-a9)
mercedes[0,0,0,-1,0,0,0,0,0,1,0,0]*(a9)
mercedes[0,0,0,0,-1,0,0,0,0,1,0,0]*(a9)
mercedes[0,0,0,0,0,0,0,-1,0,1,0,0]*(-a9)
mercedes[0,0,0,0,0,0,0,0,-1,1,0,0]*(a9)
mercedes[0,0,0,0,0,0,0,0,0,1,-1,0]*(-a9)
mercedes[0,0,0,0,0,0,0,0,0,1,0,0]*(eta*a9-a9)
mercedes[0,0,-1,0,0,0,0,0,0,0,0,1]*(-2*a11)

mercedes[0,0,0,0,0,0,0,0,0,0,0,0]*(-a0-a5+a8+a9)
mercedes[1,0,0,0,0,0,0,0,-1,0,0,0]*(a0)
mercedes[1,0,0,0,0,0,0,0,0,0,0,0]*(-a0)
mercedes[0,-1,0,0,0,1,0,0,0,0,0,0]*(2*a5)
mercedes[0,0,0,0,0,0,0,0,0,0,1,0]*(a10+eta*a10)
mercedes[0,0,0,0,0,1,0,0,-1,0,0,0]*(2*a5)
mercedes[0,0,0,0,0,1,0,0,0,-1,0,0]*(-a5)
mercedes[0,0,0,0,0,1,0,0,0,0,0,0]*(2*eta*a5-a5)
mercedes[-1,0,0,0,0,0,0,1,0,0,0,0]*(-a7)
mercedes[0,-1,0,0,0,0,0,1,0,0,0,0]*(-a7)
mercedes[0,0,-1,0,0,0,0,1,0,0,0,0]*(-a7)
mercedes[0,0,0,-1,0,0,0,1,0,0,0,0]*(-a7)
mercedes[0,0,0,0,-1,0,0,1,0,0,0,0]*(-a7)
mercedes[0,0,0,0,0,0,-1,1,0,0,0,0]*(a7)
mercedes[0,0,0,0,0,0,0,1,-1,0,0,0]*(a7)
mercedes[0,0,0,0,0,0,0,1,0,0,0,-1]*(a7)
mercedes[0,0,0,0,0,0,0,1,0,0,0,0]*(-eta*a7)
mercedes[-1,0,0,0,0,0,0,0,1,0,0,0]*(-a8)
mercedes[0,0,0,0,0,0,0,0,0,0,1,-1]*(-a10)
mercedes[0,0,0,0,0,0,0,0,1,0,0,0]*(a8)
mercedes[-1,0,0,0,0,0,0,0,0,1,0,0]*(-2*a9)
mercedes[0,-1,0,0,0,0,0,0,0,1,0,0]*(-2*a9)
mercedes[0,0,0,0,0,-1,0,0,0,1,0,0]*(a9)
mercedes[0,0,0,0,0,0,0,0,-1,0,1,0]*(a10)
mercedes[0,0,0,0,0,0,0,0,0,1,0,0]*(-2*eta*a9+a9)
mercedes[-1,0,0,0,0,0,0,0,0,0,1,0]*(-a10)
mercedes[0,-1,0,0,0,0,0,0,0,0,1,0]*(a10)
mercedes[0,0,-1,0,0,0,0,0,0,0,1,0]*(a10)
mercedes[0,0,0,-1,0,0,0,0,0,0,1,0]*(a10)
mercedes[0,0,0,0,-1,0,0,0,0,0,1,0]*(a10)
mercedes[0,0,0,0,0,0,-1,0,0,0,1,0]*(-a10)

mercedes[0,0,0,0,0,0,0,0,0,0,0,0]*(a1-a9)
mercedes[0,1,0,0,0,0,0,0,-1,0,0,0]*(a1)
mercedes[0,1,0,0,0,0,0,0,0,-1,0,0]*(-a1)
mercedes[0,1,0,0,0,0,0,0,0,0,0,0]*(eta*a1)
mercedes[-1,0,1,0,0,0,0,0,0,0,0,0]*(a2)
mercedes[0,-1,1,0,0,0,0,0,0,0,0,0]*(a2)
mercedes[0,0,1,-1,0,0,0,0,0,0,0,0]*(a2)
mercedes[0,0,1,0,-1,0,0,0,0,0,0,0]*(a2)
mercedes[0,0,1,0,0,0,0,-1,0,0,0,0]*(-a2)
mercedes[0,0,1,0,0,0,0,0,-1,0,0,0]*(2*a2)
mercedes[0,0,1,0,0,0,0,0,0,-1,0,0]*(-a2)
mercedes[0,0,1,0,0,0,0,0,0,0,-1,0]*(-a2)
mercedes[0,0,1,0,0,0,0,0,0,0,0,0]*(eta*a2-a2)
mercedes[-1,0,0,0,0,1,0,0,0,0,0,0]*(a5)
mercedes[0,-1,0,0,0,1,0,0,0,0,0,0]*(a5)
mercedes[0,0,0,0,0,1,0,0,-1,0,0,0]*(2*a5)
mercedes[0,0,0,0,0,1,0,0,0,-1,0,0]*(-a5)
mercedes[0,0,0,0,0,1,0,0,0,0,0,0]*(eta*a5-a5)
mercedes[-1,0,0,0,0,0,1,0,0,0,0,0]*(a6)
mercedes[0,-1,0,0,0,0,1,0,0,0,0,0]*(a6)
mercedes[0,0,0,0,-1,0,1,0,0,0,0,0]*(a6)
mercedes[0,0,0,0,0,0,1,-1,0,0,0,0]*(-a6)
mercedes[0,0,0,0,0,0,1,0,-1,0,0,0]*(a6)
mercedes[0,0,0,0,0,0,1,0,0,-1,0,0]*(-a6)
mercedes[0,0,0,0,0,0,1,0,0,0,0,0]*(a6*eta-a6)
mercedes[0,-1,0,0,0,0,0,0,0,1,0,0]*(a9)
mercedes[0,0,0,0,0,0,0,0,-1,1,0,0]*(-a9)
mercedes[0,0,0,0,0,0,0,0,0,0,0,1]*(eta*a11)
mercedes[0,0,0,0,0,0,0,0,0,1,0,0]*(eta*a9)
mercedes[0,-1,0,0,0,0,0,0,0,0,0,1]*(a11)
mercedes[0,0,0,-1,0,0,0,0,0,0,0,1]*(a11)
mercedes[0,0,0,0,0,0,0,0,-1,0,0,1]*(2*a11)
mercedes[0,0,0,0,0,0,0,0,0,-1,0,1]*(-a11)
mercedes[0,0,0,0,0,0,0,0,0,0,-1,1]*(-a11)

mercedes[0,-1,0,1,0,0,0,0,0,0,0,0]*(a3)
mercedes[0,0,0,0,0,0,0,0,0,0,0,0]*(a3-a11)
mercedes[0,0,0,1,0,0,0,0,0,0,0,-1]*(-a3)
mercedes[0,0,0,1,0,0,0,0,0,0,0,0]*(a3*eta)
mercedes[-1,0,0,0,1,0,0,0,0,0,0,0]*(a4)
mercedes[0,-1,0,0,1,0,0,0,0,0,0,0]*(2*a4)
mercedes[0,0,-1,0,1,0,0,0,0,0,0,0]*(a4)
mercedes[0,0,0,-1,1,0,0,0,0,0,0,0]*(a4)
mercedes[0,0,0,0,1,-1,0,0,0,0,0,0]*(-a4)
mercedes[0,0,0,0,1,0,0,0,-1,0,0,0]*(a4)
mercedes[0,0,0,0,1,0,0,0,0,-1,0,0]*(-a4)
mercedes[0,0,0,0,1,0,0,0,0,0,0,-1]*(-a4)
mercedes[0,0,0,0,1,0,0,0,0,0,0,0]*(2*eta*a4)
mercedes[0,-1,0,0,0,0,1,0,0,0,0,0]*(2*a6)
mercedes[0,0,-1,0,0,0,1,0,0,0,0,0]*(a6)
mercedes[0,0,0,-1,0,0,1,0,0,0,0,0]*(a6)
mercedes[0,0,0,0,0,0,1,0,0,0,0,-1]*(-a6)
mercedes[0,0,0,0,0,0,1,0,0,0,0,0]*(2*a6*eta)
mercedes[-1,0,0,0,0,0,0,1,0,0,0,0]*(a7)
mercedes[0,-1,0,0,0,0,0,1,0,0,0,0]*(a7)
mercedes[0,0,-1,0,0,0,0,1,0,0,0,0]*(a7)
mercedes[0,0,0,-1,0,0,0,1,0,0,0,0]*(a7)
mercedes[0,0,0,0,0,-1,0,1,0,0,0,0]*(-a7)
mercedes[0,0,0,0,0,0,0,1,0,0,0,-1]*(-a7)
mercedes[0,0,0,0,0,0,0,1,0,0,0,0]*(eta*a7)
mercedes[0,-1,0,0,0,0,0,0,0,0,1,0]*(2*a10)
mercedes[0,0,0,-1,0,0,0,0,0,0,1,0]*(a10)
mercedes[0,0,0,0,0,0,0,0,-1,0,1,0]*(a10)
mercedes[0,0,0,0,0,0,0,0,0,-1,1,0]*(-a10)
mercedes[0,0,0,0,0,0,0,0,0,0,1,-1]*(-a10)
mercedes[0,0,0,0,0,0,0,0,0,0,1,0]*(2*eta*a10)
mercedes[0,-1,0,0,0,0,0,0,0,0,0,1]*(-a11)
mercedes[0,0,0,-1,0,0,0,0,0,0,0,1]*(a11)
mercedes[0,0,0,0,0,0,0,0,0,0,0,1]*(-eta*a11)

mercedes[0,-1,0,1,0,0,0,0,0,0,0,0]*(-a3)
mercedes[0,0,-1,1,0,0,0,0,0,0,0,0]*(-a3)
mercedes[0,0,0,0,0,0,0,0,0,0,0,0]*(-2*a3+a6-a10+a7+a11)
mercedes[0,0,0,1,0,0,-1,0,0,0,0,0]*(a3)
mercedes[0,0,0,1,0,0,0,0,0,0,0,-1]*(a3)
mercedes[0,0,0,1,0,0,0,0,0,0,0,0]*(-a3*eta)
mercedes[0,-1,0,0,1,0,0,0,0,0,0,0]*(-a4)
mercedes[0,0,-1,0,1,0,0,0,0,0,0,0]*(-a4)
mercedes[0,0,0,-1,1,0,0,0,0,0,0,0]*(-2*a4)
mercedes[0,0,0,0,1,0,-1,0,0,0,0,0]*(a4)
mercedes[0,0,0,0,1,0,0,0,0,0,0,-1]*(a4)
mercedes[0,0,0,0,1,0,0,0,0,0,0,0]*(-a4-eta*a4)
mercedes[0,-1,0,0,0,0,1,0,0,0,0,0]*(-2*a6)
mercedes[0,0,0,-1,0,0,1,0,0,0,0,0]*(-2*a6)
mercedes[0,0,0,0,0,0,-1,0,0,0,0,1]*(a11)
mercedes[0,0,0,0,0,0,1,0,0,0,0,-1]*(a6)
mercedes[0,0,0,0,0,0,1,0,0,0,0,0]*(-2*a6*eta)
mercedes[-1,0,0,0,0,0,0,1,0,0,0,0]*(-a7)
mercedes[0,-1,0,0,0,0,0,1,0,0,0,0]*(-a7)
mercedes[0,0,-1,0,0,0,0,1,0,0,0,0]*(-a7)
mercedes[0,0,0,-1,0,0,0,1,0,0,0,0]*(-3*a7)
mercedes[0,0,0,0,-1,0,0,1,0,0,0,0]*(-a7)
mercedes[0,0,0,0,0,0,-1,1,0,0,0,0]*(a7)
mercedes[0,0,0,-1,0,0,0,0,0,0,0,1]*(-2*a11)
mercedes[0,0,0,0,0,0,0,1,-1,0,0,0]*(-a7)
mercedes[0,0,0,0,0,0,0,1,0,0,-1,0]*(a7)
mercedes[0,0,0,0,0,0,0,1,0,0,0,-1]*(a7)
mercedes[0,0,0,0,0,0,0,1,0,0,0,0]*(-eta*a7)
mercedes[-1,0,0,0,0,0,0,0,0,0,1,0]*(a10)
mercedes[0,-1,0,0,0,0,0,0,0,0,1,0]*(-a10)
mercedes[0,0,-1,0,0,0,0,0,0,0,1,0]*(-a10)
mercedes[0,0,0,-1,0,0,0,0,0,0,1,0]*(-a10)
mercedes[0,0,0,0,-1,0,0,0,0,0,1,0]*(a10)
mercedes[0,0,0,0,0,0,-1,0,0,0,1,0]*(a10)
mercedes[0,0,0,0,0,0,0,-1,0,0,1,0]*(-a10)
mercedes[0,0,0,0,0,0,0,0,-1,0,1,0]*(a10)
mercedes[0,0,-1,0,0,0,0,0,0,0,0,1]*(-2*a11)
mercedes[0,0,0,0,0,0,0,0,0,0,1,-1]*(a10)
mercedes[0,0,0,0,0,0,0,0,0,0,1,0]*(-a10-eta*a10)

mercedes[-1,1,0,0,0,0,0,0,0,0,0,0]*(-a1)
mercedes[0,0,0,0,0,0,0,0,0,0,0,0]*(a6-2*a1-a11+a5+a9)
mercedes[0,1,0,0,0,-1,0,0,0,0,0,0]*(a1)
mercedes[0,1,0,0,0,0,0,0,-1,0,0,0]*(-a1)
mercedes[0,1,0,0,0,0,0,0,0,-1,0,0]*(a1)
mercedes[0,1,0,0,0,0,0,0,0,0,0,0]*(-2*eta*a1)
mercedes[-1,0,1,0,0,0,0,0,0,0,0,0]*(-a2)
mercedes[0,-1,1,0,0,0,0,0,0,0,0,0]*(-2*a2)
mercedes[0,0,1,0,0,-1,0,0,0,0,0,0]*(a2)
mercedes[0,0,1,0,0,0,0,0,-1,0,0,0]*(-a2)
mercedes[0,0,1,0,0,0,0,0,0,-1,0,0]*(a2)
mercedes[0,0,1,0,0,0,0,0,0,0,0,0]*(-2*eta*a2+a2)
mercedes[0,-1,0,0,0,1,0,0,0,0,0,0]*(-2*a5)
mercedes[0,0,0,0,0,0,0,0,0,0,0,1]*(-eta*a11)
mercedes[0,0,0,0,0,1,0,0,-1,0,0,0]*(-2*a5)
mercedes[0,0,0,0,0,1,0,0,0,-1,0,0]*(a5)
mercedes[0,0,0,0,0,1,0,0,0,0,0,0]*(-2*eta*a5+a5)
mercedes[-1,0,0,0,0,0,1,0,0,0,0,0]*(-a6)
mercedes[0,-1,0,0,0,0,1,0,0,0,0,0]*(-3*a6)
mercedes[0,0,-1,0,0,0,1,0,0,0,0,0]*(-a6)
mercedes[0,0,0,-1,0,0,1,0,0,0,0,0]*(-a6)
mercedes[0,0,0,0,-1,0,1,0,0,0,0,0]*(-a6)
mercedes[0,0,0,0,0,-1,1,0,0,0,0,0]*(a6)
mercedes[0,0,0,0,0,0,0,0,0,-1,0,1]*(a11)
mercedes[0,0,0,0,0,0,1,0,-1,0,0,0]*(-a6)
mercedes[0,0,0,0,0,0,1,0,0,-1,0,0]*(a6)
mercedes[0,0,0,0,0,0,1,0,0,0,0,-1]*(a6)
mercedes[0,0,0,0,0,0,1,0,0,0,0,0]*(-3*a6*eta+a6)
mercedes[-1,0,0,0,0,0,0,0,0,1,0,0]*(-2*a9)
mercedes[0,-1,0,0,0,0,0,0,0,1,0,0]*(-2*a9)
mercedes[0,0,0,0,0,-1,0,0,0,1,0,0]*(a9)
mercedes[0,0,0,0,0,0,0,0,-1,0,0,1]*(-a11)
mercedes[0,0,0,0,0,0,0,0,0,1,0,0]*(-2*eta*a9+a9)
mercedes[-1,0,0,0,0,0,0,0,0,0,0,1]*(-a11)
mercedes[0,-1,0,0,0,0,0,0,0,0,0,1]*(-a11)
mercedes[0,0,-1,0,0,0,0,0,0,0,0,1]*(a11)
mercedes[0,0,0,-1,0,0,0,0,0,0,0,1]*(a11)
mercedes[0,0,0,0,-1,0,0,0,0,0,0,1]*(a11)
mercedes[0,0,0,0,0,-1,0,0,0,0,0,1]*(a11)
mercedes[0,0,0,0,0,0,-1,0,0,0,0,1]*(-a11)

mercedes[0,0,0,0,0,0,0,0,0,0,0,0]*(a0-a10-a7+a8)
mercedes[1,0,0,-1,0,0,0,0,0,0,0,0]*(a0)
mercedes[1,0,0,0,-1,0,0,0,0,0,0,0]*(a0)
mercedes[1,0,0,0,0,0,0,-1,0,0,0,0]*(-a0)
mercedes[1,0,0,0,0,0,0,0,-1,0,0,0]*(a0)
mercedes[1,0,0,0,0,0,0,0,0,0,-1,0]*(-a0)
mercedes[-1,0,0,0,0,1,0,0,0,0,0,0]*(a5)
mercedes[0,-1,0,0,0,1,0,0,0,0,0,0]*(-a5)
mercedes[0,0,-1,0,0,1,0,0,0,0,0,0]*(a5)
mercedes[0,0,0,-1,0,1,0,0,0,0,0,0]*(a5)
mercedes[0,0,0,0,-1,1,0,0,0,0,0,0]*(a5)
mercedes[0,0,0,0,0,1,0,-1,0,0,0,0]*(-a5)
mercedes[0,0,0,0,0,1,0,0,-1,0,0,0]*(a5)
mercedes[0,0,0,0,0,1,0,0,0,0,-1,0]*(-a5)
mercedes[0,0,0,0,0,1,0,0,0,0,0,0]*(-eta*a5)
mercedes[-1,0,0,0,0,0,0,1,0,0,0,0]*(a7)
mercedes[0,-1,0,0,0,0,0,1,0,0,0,0]*(a7)
mercedes[0,0,-1,0,0,0,0,1,0,0,0,0]*(a7)
mercedes[0,0,0,-1,0,0,0,1,0,0,0,0]*(3*a7)
mercedes[0,0,0,0,-1,0,0,1,0,0,0,0]*(a7)
mercedes[0,0,0,0,0,0,-1,1,0,0,0,0]*(-a7)
mercedes[0,0,0,0,0,0,0,0,0,0,1,0]*(-a10-eta*a10)
mercedes[0,0,0,0,0,0,0,1,-1,0,0,0]*(a7)
mercedes[0,0,0,0,0,0,0,1,0,0,-1,0]*(-a7)
mercedes[0,0,0,0,0,0,0,1,0,0,0,-1]*(-a7)
mercedes[0,0,0,0,0,0,0,1,0,0,0,0]*(eta*a7)
mercedes[-1,0,0,0,0,0,0,0,1,0,0,0]*(a8)
mercedes[0,0,0,-1,0,0,0,0,1,0,0,0]*(a8)
mercedes[0,0,0,0,-1,0,0,0,1,0,0,0]*(a8)
mercedes[0,0,0,0,0,0,0,-1,1,0,0,0]*(-a8)
mercedes[0,0,0,0,0,0,0,0,0,0,1,-1]*(a10)
mercedes[0,0,0,0,0,0,0,0,1,0,-1,0]*(-a8)
mercedes[0,0,0,0,0,0,0,0,1,0,0,0]*(-a8)
mercedes[-1,0,0,0,0,0,0,0,0,1,0,0]*(a9)
mercedes[0,-1,0,0,0,0,0,0,0,1,0,0]*(a9)
mercedes[0,0,-1,0,0,0,0,0,0,1,0,0]*(-a9)
mercedes[0,0,0,-1,0,0,0,0,0,1,0,0]*(a9)
mercedes[0,0,0,0,-1,0,0,0,0,1,0,0]*(a9)
mercedes[0,0,0,0,0,0,0,-1,0,1,0,0]*(-a9)
mercedes[0,0,0,0,0,0,0,0,-1,1,0,0]*(a9)
mercedes[0,0,0,0,0,0,0,0,0,1,-1,0]*(-a9)
mercedes[0,0,0,0,0,0,0,0,0,1,0,0]*(eta*a9-a9)
mercedes[-1,0,0,0,0,0,0,0,0,0,1,0]*(a10)
mercedes[0,-1,0,0,0,0,0,0,0,0,1,0]*(-a10)
mercedes[0,0,-1,0,0,0,0,0,0,0,1,0]*(-a10)
mercedes[0,0,0,-1,0,0,0,0,0,0,1,0]*(-a10)
mercedes[0,0,0,0,-1,0,0,0,0,0,1,0]*(a10)
mercedes[0,0,0,0,0,0,-1,0,0,0,1,0]*(a10)
mercedes[0,0,0,0,0,0,0,-1,0,0,1,0]*(-a10)
mercedes[0,0,0,0,0,0,0,0,-1,0,1,0]*(a10)

mercedes[0,-1,0,1,0,0,0,0,0,0,0,0]*(a3)
mercedes[0,0,-1,1,0,0,0,0,0,0,0,0]*(a3)
mercedes[0,0,0,0,0,0,0,0,0,0,0,0]*(a3-a6+a4-a11)
mercedes[0,0,0,1,-1,0,0,0,0,0,0,0]*(a3)
mercedes[0,0,0,1,0,0,-1,0,0,0,0,0]*(-a3)
mercedes[0,0,0,1,0,0,0,0,0,0,0,-1]*(-a3)
mercedes[0,0,0,1,0,0,0,0,0,0,0,0]*(a3*eta)
mercedes[0,-1,0,0,1,0,0,0,0,0,0,0]*(a4)
mercedes[0,0,-1,0,1,0,0,0,0,0,0,0]*(a4)
mercedes[0,0,0,-1,1,0,0,0,0,0,0,0]*(a4)
mercedes[0,0,0,0,0,0,0,0,0,0,0,1]*(-eta*a11)
mercedes[0,0,0,0,1,0,-1,0,0,0,0,0]*(-a4)
mercedes[0,0,0,0,1,0,0,0,0,0,0,-1]*(-a4)
mercedes[0,0,0,0,1,0,0,0,0,0,0,0]*(a4+eta*a4)
mercedes[-1,0,0,0,0,0,1,0,0,0,0,0]*(a6)
mercedes[0,-1,0,0,0,0,1,0,0,0,0,0]*(3*a6)
mercedes[0,0,-1,0,0,0,1,0,0,0,0,0]*(a6)
mercedes[0,0,0,-1,0,0,1,0,0,0,0,0]*(a6)
mercedes[0,0,0,0,-1,0,1,0,0,0,0,0]*(a6)
mercedes[0,0,0,0,0,-1,1,0,0,0,0,0]*(-a6)
mercedes[0,0,0,0,0,0,0,0,0,-1,0,1]*(a11)
mercedes[0,0,0,0,0,0,1,0,-1,0,0,0]*(a6)
mercedes[0,0,0,0,0,0,1,0,0,-1,0,0]*(-a6)
mercedes[0,0,0,0,0,0,1,0,0,0,0,-1]*(-a6)
mercedes[0,0,0,0,0,0,1,0,0,0,0,0]*(3*a6*eta-a6)
mercedes[-1,0,0,0,0,0,0,1,0,0,0,0]*(a7)
mercedes[0,-1,0,0,0,0,0,1,0,0,0,0]*(a7)
mercedes[0,0,-1,0,0,0,0,1,0,0,0,0]*(a7)
mercedes[0,0,0,-1,0,0,0,1,0,0,0,0]*(a7)
mercedes[0,0,0,0,-1,0,0,1,0,0,0,0]*(a7)
mercedes[0,0,0,0,0,0,-1,1,0,0,0,0]*(-a7)
mercedes[0,0,0,0,0,0,0,1,-1,0,0,0]*(-a7)
mercedes[0,0,0,0,0,0,0,1,0,0,0,-1]*(-a7)
mercedes[0,0,0,0,0,0,0,1,0,0,0,0]*(eta*a7)
mercedes[-1,0,0,0,0,0,0,0,0,0,1,0]*(-a10)
mercedes[0,-1,0,0,0,0,0,0,0,0,1,0]*(a10)
mercedes[0,0,-1,0,0,0,0,0,0,0,1,0]*(a10)
mercedes[0,0,0,-1,0,0,0,0,0,0,1,0]*(a10)
mercedes[0,0,0,0,-1,0,0,0,0,0,1,0]*(a10)
mercedes[0,0,0,0,0,0,-1,0,0,0,1,0]*(-a10)
mercedes[0,0,0,0,0,0,0,0,-1,0,1,0]*(a10)
mercedes[0,0,0,0,0,0,0,0,0,0,1,-1]*(-a10)
mercedes[0,0,0,0,0,0,0,0,0,0,1,0]*(a10+eta*a10)
mercedes[-1,0,0,0,0,0,0,0,0,0,0,1]*(-a11)
mercedes[0,-1,0,0,0,0,0,0,0,0,0,1]*(-a11)
mercedes[0,0,-1,0,0,0,0,0,0,0,0,1]*(a11)
mercedes[0,0,0,-1,0,0,0,0,0,0,0,1]*(a11)
mercedes[0,0,0,0,-1,0,0,0,0,0,0,1]*(a11)
mercedes[0,0,0,0,0,-1,0,0,0,0,0,1]*(a11)
mercedes[0,0,0,0,0,0,-1,0,0,0,0,1]*(-a11)
mercedes[0,0,0,0,0,0,0,0,-1,0,0,1]*(-a11)

