mercedes[0,0,0,0,0,0,0,0,0,0,0,0]*(-a6-a0+a4+a7+a5-a2)
mercedes[1,0,0,0,0,0,0,0,-1,0,0,0]*(-3*a0)
mercedes[1,0,0,0,0,0,0,0,0,0,0,0]*(a0)
mercedes[0,0,0,-1,1,0,0,0,0,0,0,0]*(-a4)
mercedes[1,0,0,-1,0,0,0,0,0,0,0,0]*(-2*a0)
mercedes[1,0,0,0,-1,0,0,0,0,0,0,0]*(-2*a0)
mercedes[1,0,0,0,0,0,0,-1,0,0,0,0]*(2*a0)
mercedes[0,0,0,-1,0,0,0,1,0,0,0,0]*(-2*a7)
mercedes[1,0,0,0,0,0,0,0,0,0,-1,0]*(2*a0)
mercedes[0,0,0,0,0,0,0,1,-1,0,0,0]*(-2*a7)
mercedes[0,-1,0,0,0,0,1,0,0,0,0,0]*(2*a6)
mercedes[0,0,0,-1,0,0,1,0,0,0,0,0]*(2*a6)
mercedes[0,0,0,0,0,0,0,1,0,0,-1,0]*(a7)
mercedes[0,0,0,0,0,0,1,0,0,0,0,0]*(2*a6*eta)
mercedes[0,0,0,0,0,1,0,0,-1,0,0,0]*(-4*a5)
mercedes[0,0,0,0,0,1,0,0,0,0,0,0]*(a5)
mercedes[0,-1,1,0,0,0,0,0,0,0,0,0]*(a2)
mercedes[0,0,0,0,-1,1,0,0,0,0,0,0]*(-2*a5)
mercedes[0,0,0,0,0,0,1,0,0,0,0,-1]*(-a6)
mercedes[0,0,0,-1,0,1,0,0,0,0,0,0]*(-2*a5)
mercedes[0,0,0,0,0,1,0,0,0,0,-1,0]*(2*a5)
mercedes[0,0,-1,0,0,1,0,0,0,0,0,0]*(-2*a5)
mercedes[-1,0,0,0,0,1,0,0,0,0,0,0]*(-2*a5)
mercedes[0,0,1,0,0,0,0,0,0,0,0,0]*(eta*a2)
mercedes[0,0,0,0,0,1,0,-1,0,0,0,0]*(2*a5)
mercedes[0,0,0,0,0,1,0,0,0,-1,0,0]*(a5)

