508 11568300809181820834 1 7
6 2 7 8 4 3 5 

501 14896006707440962017 1 7
6 2 8 7 4 5 0 

502 2242639163159199851 1 7
6 2 4 5 1 8 7 

477 15481751823015419988 1 7
6 2 7 8 4 3 0 

471 503794982554383094 1 7
4 0 6 2 1 7 8 

478 10921355829064279116 1 7
6 2 4 3 1 7 8 

493 8796743381709079060 1 7
6 2 7 8 3 5 0 

487 7979311403027841724 1 7
6 2 5 0 1 8 7 

494 2365190374373006701 1 7
6 2 3 5 1 7 8 

463 10492447822772012467 1 7
6 2 3 0 1 7 8 

506 1824990950170381589 1 7
6 1 7 8 4 3 5 

505 746649827405000282 1 7
6 7 8 4 5 0 3 

499 12197092956457327975 1 7
6 4 5 0 1 7 8 

475 15974489167936660294 1 7
6 1 7 8 4 3 0 

491 9274240022623106191 1 7
6 1 8 7 3 5 0 

445 984899822078382648 1 7
2 7 8 4 3 5 0 

446 18218612591300226226 1 7
2 4 3 5 1 7 8 

415 14995914393255072650 1 7
2 4 3 0 1 7 8 

439 8040532053120841402 1 7
2 4 5 0 1 8 7 

443 13029684316321767814 2 7
1 7 8 4 0 5 3 
1 8 7 4 0 5 3 

381 8485474183386244223 1 7
8 6 2 4 5 0 3 

431 3457278816363715108 1 7
2 1 7 8 3 5 0 

382 7783042572803678712 1 7
6 2 1 8 4 3 5 

375 15447702695378914934 1 7
6 2 1 8 4 5 0 

351 2596296798889102089 1 7
1 8 6 2 4 3 0 

367 3363162029408835935 1 7
6 2 1 8 3 5 0 

379 17044893650371487743 1 7
6 1 8 4 3 5 0 

319 1717355949897778883 1 7
2 1 8 4 5 0 3 

253 9016465018856473184 1 7
7 6 2 4 3 0 5 

254 9495934064119440248 1 7
6 2 1 7 4 3 5 

247 1967995420720237684 1 7
6 2 1 7 4 0 5 

223 2918998120543106454 1 7
6 2 1 7 4 3 0 

239 8583056430652877509 1 7
6 2 1 7 3 0 5 

127 16619139360413114554 1 7
1 6 2 4 3 0 5 

191 7805152560777692636 1 7
2 1 7 4 3 0 5 

251 11173548848167255433 1 7
6 1 7 4 3 0 5 

500 7204244420567824876 1 6
6 2 4 5 8 7 

476 16889758267298843415 1 6
4 3 6 2 7 8 

469 11288305349873075107 1 6
4 0 6 2 7 8 

470 11326802037168385318 1 6
4 6 2 1 7 8 

492 9422474369841902985 1 6
6 2 7 8 3 5 

485 7437951984263699146 1 6
6 2 5 0 8 7 

461 2800100004710671645 1 6
6 2 7 8 3 0 

486 13038076086771827985 1 6
5 6 2 1 8 7 

455 14392471403533764101 1 6
0 6 2 1 7 8 

504 2142846342027909862 1 6
6 7 8 4 5 3 

462 9339015363260666123 1 6
3 6 2 1 7 8 

497 13004066783075639781 1 6
6 7 8 4 5 0 

498 1896600727043237661 1 6
6 4 5 1 7 8 

473 11833022208274093719 1 6
6 7 8 4 0 3 

467 2670176093723245158 1 6
6 4 0 1 7 8 

489 2107498410311088587 1 6
6 8 7 5 0 3 

474 8108987607851121357 1 6
6 4 3 1 7 8 

490 15744897981010048400 1 6
6 3 5 1 8 7 

483 7008886253836818751 1 6
6 5 0 1 8 7 

459 7247895510589578964 1 6
6 3 0 1 7 8 

444 11144317505562206540 1 6
2 7 8 4 3 5 

437 15028083467416578519 1 6
2 8 7 4 5 0 

438 1847967074542465942 1 6
2 4 5 1 8 7 

407 1848696335395491041 1 6
2 4 0 1 8 7 

413 7253747044697822167 1 6
2 7 8 4 3 0 

414 17289936650684479277 1 6
2 4 3 1 7 8 

429 3638636220191348454 1 6
2 7 8 3 5 0 

441 12679092562137171791 2 6
7 8 4 0 5 3 
8 7 4 0 5 3 

399 2913434558914333580 1 6
2 3 0 1 7 8 

430 14519894951318660865 1 6
2 3 5 1 7 8 

423 10760541970550911673 1 6
2 5 0 1 8 7 

442 12756712606776557274 2 6
4 5 3 1 7 8 
4 5 3 1 8 7 

435 13625725762302377091 2 6
4 0 5 1 7 8 
4 0 5 1 8 7 

411 12712201984895126085 2 6
4 0 3 1 7 8 
4 0 3 1 8 7 

427 1970810121270748953 4 6
1 7 8 0 5 3 
1 7 8 0 3 5 
1 8 7 0 3 5 
1 8 7 0 5 3 

380 12787612110124263975 1 6
8 6 2 4 5 3 

373 4880619827914007742 1 6
8 6 2 4 5 0 

374 7521726275308472480 1 6
6 2 4 5 1 8 

349 7198377553125102458 1 6
8 6 2 4 0 3 

350 15245497064398939377 1 6
1 8 6 2 4 3 

343 2591968611986454700 1 6
4 0 1 8 6 2 

365 10094024073565355001 1 6
8 6 2 5 0 3 

366 14893988872619036472 1 6
6 2 1 8 3 5 

335 580026482663558690 1 6
1 8 6 2 3 0 

359 5421250923426793793 1 6
6 2 1 8 5 0 

377 10520964713861080676 1 6
6 8 4 5 0 3 

371 6320020979527874790 1 6
6 1 8 4 5 0 

378 7453187076321706710 1 6
6 1 8 4 3 5 

347 10774112401200167389 1 6
6 1 8 4 3 0 

363 12195603767846593742 1 6
6 1 8 3 5 0 

317 3171406467900953251 2 6
2 8 4 5 0 3 
8 2 4 5 0 3 

311 15216446380500075778 1 6
2 1 8 4 5 0 

318 1958242169090787049 1 6
2 1 8 4 5 3 

287 15374042694919551692 1 6
2 1 8 4 0 3 

303 3790232072526558782 1 6
2 1 8 5 0 3 

315 11373716349768958380 1 6
1 8 4 0 5 3 

252 4627764168647703509 1 6
7 6 2 4 3 5 

245 17126184090242511637 1 6
7 6 2 4 0 5 

246 5830863169817056481 1 6
4 5 6 2 1 7 

215 5001032646455823046 1 6
4 0 6 2 1 7 

222 7457956587215073104 1 6
6 2 1 7 4 3 

237 15989672871285691083 1 6
7 6 2 3 0 5 

221 2908654785219476797 1 6
7 6 2 4 3 0 

207 9454746533217982493 1 6
6 2 1 7 3 0 

249 12096939371855946550 1 6
6 7 4 0 5 3 

238 7082877381760568019 1 6
6 2 1 7 3 5 

231 401503685385248147 1 6
6 2 1 7 0 5 

250 3347533707647605108 1 6
6 1 7 4 3 5 

243 2950058884957448089 1 6
6 1 7 4 0 5 

235 4383581884827609433 1 6
6 1 7 3 0 5 

189 6259316709438658814 2 6
2 7 4 3 0 5 
7 2 4 3 0 5 

219 17740535232425443923 1 6
6 1 7 4 3 0 

159 15783172373761092223 1 6
2 1 7 4 3 0 

183 11648785309256871199 1 6
2 1 7 4 0 5 

190 4437638152719133672 1 6
2 1 7 4 3 5 

175 18123790686957205926 1 6
2 1 7 3 0 5 

126 14144279818478123308 1 6
1 6 2 4 3 5 

187 11373716349768958380 1 6
1 7 4 0 5 3 

119 4890364981572861984 1 6
1 6 2 4 0 5 

125 11373716349768958380 1 6
6 2 4 0 5 3 

123 2819213194645416623 2 6
1 6 4 3 0 5 
6 1 4 3 0 5 

95 9274211117185951739 1 6
1 6 2 4 3 0 

111 11985470310645204296 1 6
1 6 2 3 0 5 

63 2427427829064188679 1 6
1 2 4 0 5 3 

484 13939437611377896114 1 5
5 6 2 8 7 

453 11657455741133045343 1 5
0 6 2 7 8 

468 3217252165401288818 1 5
4 6 2 7 8 

460 15607720264977154344 1 5
3 6 2 7 8 

454 17788491003375796138 2 5
6 2 1 7 8 
6 2 1 8 7 

496 14425966390303192742 1 5
6 4 5 7 8 

466 9648824109054852665 2 5
4 6 1 7 8 
6 4 1 7 8 

465 8239368669020428265 1 5
6 4 0 7 8 

472 4662424266731448128 1 5
6 4 3 7 8 

481 17157331056119678918 1 5
6 5 0 8 7 

488 17183196908209335753 1 5
6 5 3 8 7 

482 7593192566551732959 1 5
6 5 1 8 7 

457 6253383664487037634 1 5
6 0 3 7 8 

458 3957820458289905012 2 5
6 3 1 7 8 
6 3 1 8 7 

451 4939297003831212896 1 5
6 0 1 7 8 

436 18282280123535946705 1 5
2 4 5 8 7 

405 15223663597796473511 1 5
2 4 0 8 7 

412 16314518696237872253 1 5
2 4 3 7 8 

428 6727134359175728711 1 5
2 3 5 7 8 

421 1571006063774488838 1 5
2 5 0 8 7 

406 4556662677216329629 1 5
4 2 1 8 7 

422 15207790335891244739 2 5
2 5 1 8 7 
5 2 1 8 7 

397 9825864198855565064 1 5
2 3 0 7 8 

398 15632246406413029307 2 5
2 3 1 7 8 
3 2 1 7 8 

391 18430046621851202105 2 5
0 2 1 7 8 
0 2 1 8 7 

440 5129083301191390416 2 5
7 8 4 5 3 
8 7 4 5 3 

433 8208905581249475206 2 5
7 8 4 0 5 
8 7 4 0 5 

409 3063285727498815338 2 5
7 8 4 0 3 
8 7 4 0 3 

434 12466888878130331368 2 5
4 5 1 7 8 
4 5 1 8 7 

278 6570806256634135414 1 4
4 2 1 8 

294 6534630873780932037 2 4
2 5 1 8 
5 2 1 8 

270 4415345656511538872 2 4
2 3 1 8 
3 2 1 8 

263 5733874538292651268 1 4
0 2 1 8 

282 15406660600063173003 2 4
1 8 4 3 
4 3 1 8 

306 1361567497545663179 1 4
4 5 1 8 

298 7150496180077738619 2 4
1 8 5 3 
1 8 3 5 

180 3758550860374928371 2 4
2 7 4 5 
7 2 4 5 

156 15804328657059468321 2 4
2 7 4 3 
7 2 4 3 

172 1677071180347565230 2 4
2 7 3 5 
7 2 3 5 

135 5733874538292651268 1 4
0 2 1 7 

163 8039361703429628773 1 4
1 7 0 5 

420 2974813683649203891 2 4
2 5 8 7 
5 2 8 7 

139 8039361703429628773 1 4
1 7 0 3 

396 10220627191361430879 2 4
2 3 7 8 
3 2 7 8 

92 15406660600063173003 2 4
4 3 6 2 
6 2 4 3 

86 17033440425027155532 2 4
1 4 6 2 
4 1 6 2 

116 1361567497545663179 1 4
4 5 6 2 

212 15368499501652111834 1 4
4 7 6 2 

85 810521572161853684 1 4
4 0 6 2 

342 2786230155103512443 1 5
4 1 8 6 2 

108 7150496180077738619 2 4
6 2 5 3 
6 2 3 5 

228 3907734590851251535 2 4
5 7 6 2 
7 5 6 2 

101 8039361703429628773 1 4
6 2 0 5 

358 5946777683810519811 1 5
5 6 2 1 8 

78 12159194040976764615 1 4
1 3 6 2 

102 15024369831046084700 1 4
1 5 6 2 

204 15804328657059468321 2 4
3 7 6 2 
7 3 6 2 

77 8039361703429628773 1 4
6 2 0 3 

334 8249700287224329935 2 5
3 1 8 6 2 
3 6 2 1 8 

198 15406660600063173003 2 4
1 7 6 2 
6 2 1 7 

71 6100706724499057293 1 4
1 0 6 2 

328 10706753935364593016 2 3
6 3 8 
6 8 3 

210 2995300807293622581 2 4
4 6 1 7 
6 4 1 7 

83 2877303327644772899 2 4
1 6 4 0 
6 1 4 0 

340 13921750370067809599 1 4
4 8 6 2 

120 8389516611493844045 1 4
6 4 5 3 

114 7083331739448885094 2 4
1 6 4 5 
6 1 4 5 

240 988429156731256704 1 4
6 7 4 5 

113 10609460885002911461 1 4
6 4 0 5 

370 2364145148934641800 1 5
6 4 5 1 8 

90 3350840979172127825 2 4
1 6 4 3 
6 1 4 3 

216 15368499501652111834 1 4
6 7 4 3 

89 1650851142841256894 1 4
6 4 0 3 

346 11145829841084933874 1 5
6 1 8 4 3 

226 1470142328109767921 1 4
6 5 1 7 

99 12244929733835967852 2 4
1 6 0 5 
6 1 0 5 

356 10983409412583460812 2 4
5 8 6 2 
8 5 6 2 

202 12159194040976764615 1 4
6 3 1 7 

75 1429977617348266862 2 4
1 6 3 0 
6 1 3 0 

332 4415345656511538872 2 4
3 8 6 2 
8 3 6 2 

106 2094639431981163268 2 4
1 6 3 5 
6 1 3 5 

232 3594530558944545459 1 4
6 7 5 3 

105 3015355255510132366 2 4
6 0 5 3 
6 0 3 5 

362 13961414840516053336 1 5
6 1 8 3 5 

54 5036159874697649378 1 4
1 2 4 5 

30 12844178937462204567 1 4
1 2 4 3 

150 12844178937462204567 1 4
4 2 1 7 

23 1801122066661213797 1 4
1 2 4 0 

300 17015737541233389546 2 4
2 8 5 3 
8 2 5 3 

43 3015355255510132366 2 4
1 0 3 5 
1 0 5 3 

46 698476773254776664 2 4
1 2 3 5 
1 2 5 3 

259 16421244571923190592 1 3
0 1 8 

197 5808038840735694754 1 4
0 7 6 2 

70 11149028268085365730 1 3
1 6 2 

327 9733972166794814697 1 5
0 1 8 6 2 

11 14480636711240576365 1 3
1 0 3 

268 14860785610888650053 6 3
2 3 8 
2 8 3 
3 2 8 
3 8 2 
8 3 2 
8 2 3 

112 1100806113672523033 1 3
6 4 5 

369 8943599652622662521 1 5
6 8 4 5 0 

267 8039361703429628773 1 4
1 8 0 3 

140 2728381371886174304 6 3
2 3 7 
2 7 3 
3 2 7 
3 7 2 
7 3 2 
7 2 3 

88 11149028268085365730 1 3
6 4 3 

345 15081495479138785621 1 5
6 8 4 0 3 

104 12585292063867719537 2 3
6 5 3 
6 3 5 

361 7801575405146604444 1 5
6 8 5 0 3 

147 810521572161853684 1 4
4 0 1 7 

404 6398757076883575033 1 4
4 2 8 7 

274 11149028268085365730 1 3
4 1 8 

133 2960999922919671982 2 3
0 2 7 
0 7 2 

269 6588100622220267137 2 4
2 8 0 3 
8 2 0 3 

142 15804328657059468321 2 4
2 3 1 7 
3 2 1 7 

15 5838407494876789226 1 4
1 2 0 3 

200 10706753935364593016 2 3
6 3 7 
6 7 3 

73 14480636711240576365 1 3
6 0 3 

330 12159194040976764615 1 4
6 3 1 8 

3 4236855264783094440 1 2
1 0 

42 12585292063867719537 2 3
1 3 5 
1 5 3 

299 8567535172183515767 2 5
1 8 0 5 3 
1 8 0 3 5 

18 17087753756477223945 2 2
1 4 
4 1 

275 810521572161853684 1 4
4 0 1 8 

80 17087753756477223945 2 2
4 6 
6 4 

337 1887028966154762242 1 4
6 8 4 0 

65 4236855264783094440 1 2
6 0 

322 11149028268085365730 1 3
6 1 8 

84 11149028268085365730 1 3
4 6 2 

341 15246665567960661824 1 5
8 4 0 6 2 

7 14279425244231455788 1 3
1 0 2 

261 2960999922919671982 2 3
0 2 8 
0 8 2 

26 11149028268085365730 1 3
1 4 3 

283 13196655582220933221 1 5
1 8 4 0 3 

69 16421244571923190592 1 3
0 6 2 

326 15406660600063173003 2 4
1 8 6 2 
6 2 1 8 

293 9888362969270268049 2 4
2 8 5 0 
8 2 5 0 

166 17551861176896189898 2 4
2 5 1 7 
5 2 1 7 

39 5838407494876789226 1 4
1 2 0 5 

50 1100806113672523033 1 3
1 4 5 

307 8000302510320556316 1 5
1 8 4 0 5 

35 14480636711240576365 1 3
1 0 5 

292 13119232308241019096 6 3
2 5 8 
2 8 5 
5 2 8 
5 8 2 
8 5 2 
8 2 5 

291 8039361703429628773 1 4
1 8 0 5 

164 754205998099296360 6 3
2 5 7 
2 7 5 
5 2 7 
5 7 2 
7 5 2 
7 2 5 

19 12180167251319611772 1 3
1 4 0 

276 12769602731266802952 2 3
4 2 8 
4 8 2 

146 11149028268085365730 1 3
4 1 7 

403 128110254564238957 2 5
4 0 1 7 8 
4 0 1 8 7 

400 17258787824257198352 2 3
4 7 8 
4 8 7 

143 10262005456641767744 1 5
2 1 7 3 0 

321 2757652244204234256 1 3
6 0 8 

448 17258787824257198352 2 3
6 7 8 
6 8 7 

67 3371035078462266126 2 3
1 6 0 
6 1 0 

194 11149028268085365730 1 3
6 1 7 

148 10706753935364593016 2 3
4 2 7 
4 7 2 

97 14480636711240576365 1 3
6 0 5 

354 2707213394142242189 1 4
6 5 1 8 

224 14718008852537657457 2 3
6 5 7 
6 7 5 

66 17087753756477223945 2 2
1 6 
6 1 

323 8313854014122051627 1 4
6 0 1 8 

193 9357348496091344145 1 3
6 0 7 

450 5625766177066252915 2 4
6 1 7 8 
6 1 8 7 

81 12180167251319611772 1 3
6 4 0 

338 9192673037414984222 2 4
4 6 1 8 
6 4 1 8 

208 2361156492905547982 2 3
4 6 7 
6 4 7 

131 16421244571923190592 1 3
0 1 7 

385 2180535029306995591 2 3
0 7 8 
0 8 7 

149 970350526147589659 2 4
2 7 4 0 
7 2 4 0 

22 16574095905003600574 2 3
1 4 2 
4 1 2 

279 11687490988848632503 1 5
2 4 0 1 8 

195 224684624633153406 1 4
6 0 1 7 

452 10083773938285380914 2 4
6 2 7 8 
6 2 8 7 

154 15406660600063173003 2 4
1 7 4 3 
4 3 1 7 

27 1650851142841256894 1 4
1 4 0 3 

284 3656293589500805796 2 4
2 8 4 3 
8 2 4 3 

141 6854251484048817638 2 4
2 7 3 0 
7 2 3 0 

14 10706753935364593016 2 3
1 2 3 
1 3 2 

271 13584238742121461478 1 5
2 1 8 0 3 

165 17311404249689896827 2 4
2 7 0 5 
7 2 0 5 

38 10706753935364593016 2 3
1 2 5 
1 5 2 

295 10659248510837843857 1 5
2 1 8 5 0 

201 4900886929944041512 1 4
6 7 0 3 

74 3519693191574693728 2 3
1 6 3 
6 1 3 

331 1943149299492477158 1 5
6 1 8 3 0 

225 10011946540815714001 1 4
6 7 0 5 

98 1330854201845664887 2 3
1 6 5 
6 1 5 

355 1045570510374217570 1 5
6 1 8 5 0 

352 2512533711646785065 2 3
6 5 8 
6 8 5 

209 8025204865390930823 1 4
6 7 4 0 

82 10464402029777390164 6 3
1 4 6 
1 6 4 
4 1 6 
4 6 1 
6 4 1 
6 1 4 

339 5193691392817567211 1 5
6 4 0 1 8 

336 5707635945091764290 2 3
4 6 8 
6 4 8 

79 6719483818408134615 1 5
1 6 2 3 0 

170 7150496180077738619 2 4
1 7 5 3 
1 7 3 5 

178 1361567497545663179 1 4
4 5 1 7 

51 10609460885002911461 1 4
1 4 0 5 

308 16277330418281224939 2 4
2 8 4 5 
8 2 4 5 

58 8389516611493844045 1 4
1 4 5 3 

277 15182408252316827636 2 4
2 8 4 0 
8 2 4 0 

329 13680089535740121998 1 4
6 8 0 3 

353 14514646104445004224 1 4
6 8 5 0 

360 11025324576651510866 1 4
6 8 5 3 

103 15035028690356161999 1 5
1 6 2 0 5 

344 12147302030440244333 1 4
6 8 4 3 

87 7378049248823922945 1 5
1 4 0 6 2 

368 9545065420260481377 1 4
6 8 4 5 

325 316511491080834759 1 4
0 8 6 2 

387 14865188603893717203 2 4
0 1 7 8 
0 1 8 7 

417 16294884143509435397 2 4
0 5 7 8 
0 5 8 7 

393 16294884143509435397 2 4
0 3 7 8 
0 3 8 7 

424 1699057898927065156 4 4
7 8 3 5 
7 8 5 3 
8 7 5 3 
8 7 3 5 

167 7923226047608653632 1 5
2 1 7 0 5 

402 5625766177066252915 2 4
4 1 7 8 
4 1 8 7 

401 9161097105769548976 2 4
4 0 7 8 
4 0 8 7 

408 10083773938285380914 2 4
4 3 7 8 
4 3 8 7 

151 15522699432085401670 1 5
2 4 0 1 7 

432 2045910373128645647 2 4
4 5 7 8 
4 5 8 7 

389 18059807700029679864 2 4
0 2 7 8 
0 2 8 7 

449 15652328802482800933 1 4
6 0 7 8 

456 14412209275766129787 2 4
6 3 7 8 
6 3 8 7 

199 3373081430509393883 1 5
0 6 2 1 7 

480 7997573950467556605 1 4
6 5 8 7 

464 391625185477465501 2 4
4 6 7 8 
6 4 7 8 

59 962708355586620232 1 5
1 4 0 5 3 

316 13123082405433924733 2 5
2 8 4 5 3 
8 2 4 5 3 

47 7127444407663082243 2 5
1 2 0 3 5 
1 2 0 5 3 

31 3572500438463061898 1 5
1 2 4 0 3 

62 10080545440292170948 1 5
1 2 4 5 3 

55 15708460085097239548 1 5
1 2 4 0 5 

115 5878530915860925078 2 5
1 6 4 0 5 
6 1 4 0 5 

372 13440385135254042455 1 5
8 6 2 4 5 

91 1180017349448623215 2 5
1 6 4 3 0 
6 1 4 3 0 

348 13952927501455476097 1 5
8 4 3 6 2 

122 1626959030928130058 2 5
1 6 4 3 5 
6 1 4 3 5 

107 1544769688599089918 2 5
1 6 3 0 5 
6 1 3 0 5 

364 740183334877632233 1 5
8 6 2 5 3 

121 962708355586620232 1 5
6 4 0 5 3 

110 7187718677437403762 1 5
1 6 2 3 5 

109 8567535172183515767 2 5
6 2 0 5 3 
6 2 0 3 5 

94 10151104133732085890 1 5
1 6 2 4 3 

93 13196655582220933221 1 5
6 2 4 0 3 

118 14534091388890620093 1 5
1 4 5 6 2 

124 16476275988343549283 1 5
6 2 4 5 3 

117 8000302510320556316 1 5
6 2 4 0 5 

171 8567535172183515767 2 5
1 7 0 5 3 
1 7 0 3 5 

155 13196655582220933221 1 5
1 7 4 0 3 

186 16476275988343549283 1 5
1 7 4 5 3 

179 8000302510320556316 1 5
1 7 4 0 5 

174 379923436499829735 1 5
2 1 7 3 5 

173 534286976665875579 2 5
2 7 3 0 5 
7 2 3 0 5 

158 2156186079903720028 2 5
2 1 7 4 3 
2 4 3 1 7 

157 13376397494185783640 2 5
2 7 4 3 0 
7 2 4 3 0 

182 10046078961121171847 1 5
2 4 5 1 7 

188 18064990090265222733 2 5
2 7 4 3 5 
7 2 4 3 5 

181 7422962487304830668 2 5
2 7 4 0 5 
7 2 4 0 5 

203 2135780235520289733 1 5
6 1 7 3 0 

227 10177311674735202826 1 5
6 1 7 0 5 

234 4575739162538219488 1 5
6 1 7 3 5 

218 8274216949199480764 1 5
6 1 7 4 3 

233 17565140412707003656 1 5
6 7 0 5 3 

211 13200799870331855622 1 5
6 4 0 1 7 

217 8272898402576011288 1 5
6 7 4 0 3 

242 7110494713228506197 1 5
6 4 5 1 7 

241 9976103317086745962 1 5
6 7 4 0 5 

248 16323102943569496337 1 5
6 7 4 5 3 

206 7312885696668073972 2 5
3 1 7 6 2 
3 6 2 1 7 

230 17924674652927904615 1 5
5 6 2 1 7 

205 13913916673757004959 1 5
7 6 2 3 0 

229 6450396321609214216 1 5
7 6 2 0 5 

236 3502193146163856052 1 5
7 6 2 3 5 

214 3583861990886220277 1 5
4 6 2 1 7 

220 6946320677797669053 2 5
7 4 3 6 2 
7 6 2 4 3 

213 10272180452869770151 1 5
7 4 0 6 2 

244 16322526073318479751 1 5
7 4 5 6 2 

314 16476275988343549283 1 5
1 8 4 5 3 

302 17907995096785573956 1 5
2 1 8 5 3 

301 5732911072733149479 2 5
2 8 5 0 3 
8 2 5 0 3 

286 1239388414663996821 1 5
2 4 3 1 8 

285 14660137920724361939 2 5
2 8 4 0 3 
8 2 4 0 3 

310 9058481961428402352 1 5
2 4 5 1 8 

309 17195721521400459748 2 5
2 8 4 5 0 
8 2 4 5 0 

376 7362170159446135060 1 5
6 8 4 5 3 

333 6411644610292163704 1 5
8 6 2 0 3 

357 14866584142024945140 1 5
8 6 2 5 0 

419 16298778662868015050 2 5
0 5 1 7 8 
0 5 1 8 7 

395 16298778662868015050 2 5
0 3 1 7 8 
0 3 1 8 7 

426 16517402263426617062 4 5
3 5 1 7 8 
3 5 1 8 7 
5 3 1 7 8 
5 3 1 8 7 

410 17788491003375796138 2 5
4 3 1 7 8 
4 3 1 8 7 

425 18334968855502114171 4 5
7 8 0 5 3 
7 8 0 3 5 
8 7 0 3 5 
8 7 0 5 3 

