3 2
18 2
66 2
65 2
80 2
11 3
35 3
42 3
19 3
26 3
50 3
7 3
14 3
38 3
22 3
67 3
74 3
73 3
98 3
97 3
104 3
82 3
81 3
88 3
112 3
70 3
69 3
84 3
131 3
146 3
133 3
140 3
164 3
148 3
194 3
193 3
200 3
224 3
208 3
259 3
274 3
261 3
268 3
292 3
276 3
322 3
321 3
328 3
352 3
336 3
385 3
400 3
448 3
43 4
27 4
51 4
58 4
15 4
39 4
46 4
23 4
30 4
54 4
75 4
99 4
106 4
105 4
83 4
90 4
89 4
114 4
113 4
120 4
71 4
78 4
77 4
102 4
101 4
108 4
86 4
85 4
92 4
116 4
139 4
163 4
170 4
147 4
154 4
178 4
135 4
142 4
141 4
166 4
165 4
172 4
150 4
149 4
156 4
180 4
195 4
202 4
201 4
226 4
225 4
232 4
210 4
209 4
216 4
240 4
198 4
197 4
204 4
228 4
212 4
267 4
291 4
298 4
275 4
282 4
306 4
263 4
270 4
269 4
294 4
293 4
300 4
278 4
277 4
284 4
308 4
323 4
330 4
329 4
354 4
353 4
360 4
338 4
337 4
344 4
368 4
326 4
325 4
332 4
356 4
340 4
387 4
393 4
417 4
424 4
402 4
401 4
408 4
432 4
389 4
396 4
420 4
404 4
450 4
449 4
456 4
480 4
464 4
452 4
59 5
47 5
31 5
55 5
62 5
107 5
91 5
115 5
122 5
121 5
79 5
103 5
110 5
109 5
87 5
94 5
93 5
118 5
117 5
124 5
171 5
155 5
179 5
186 5
143 5
167 5
174 5
173 5
151 5
158 5
157 5
182 5
181 5
188 5
203 5
227 5
234 5
233 5
211 5
218 5
217 5
242 5
241 5
248 5
199 5
206 5
205 5
230 5
229 5
236 5
214 5
213 5
220 5
244 5
299 5
283 5
307 5
314 5
271 5
295 5
302 5
301 5
279 5
286 5
285 5
310 5
309 5
316 5
331 5
355 5
362 5
361 5
339 5
346 5
345 5
370 5
369 5
376 5
327 5
334 5
333 5
358 5
357 5
364 5
342 5
341 5
348 5
372 5
395 5
419 5
426 5
425 5
403 5
410 5
409 5
434 5
433 5
440 5
391 5
398 5
397 5
422 5
421 5
428 5
406 5
405 5
412 5
436 5
451 5
458 5
457 5
482 5
481 5
488 5
466 5
465 5
472 5
496 5
454 5
453 5
460 5
484 5
468 5
63 6
123 6
111 6
95 6
119 6
126 6
125 6
187 6
175 6
159 6
183 6
190 6
189 6
235 6
219 6
243 6
250 6
249 6
207 6
231 6
238 6
237 6
215 6
222 6
221 6
246 6
245 6
252 6
315 6
303 6
287 6
311 6
318 6
317 6
363 6
347 6
371 6
378 6
377 6
335 6
359 6
366 6
365 6
343 6
350 6
349 6
374 6
373 6
380 6
427 6
411 6
435 6
442 6
441 6
399 6
423 6
430 6
429 6
407 6
414 6
413 6
438 6
437 6
444 6
459 6
483 6
490 6
489 6
467 6
474 6
473 6
498 6
497 6
504 6
455 6
462 6
461 6
486 6
485 6
492 6
470 6
469 6
476 6
500 6
127 7
191 7
251 7
239 7
223 7
247 7
254 7
253 7
319 7
379 7
367 7
351 7
375 7
382 7
381 7
443 7
431 7
415 7
439 7
446 7
445 7
491 7
475 7
499 7
506 7
505 7
463 7
487 7
494 7
493 7
471 7
478 7
477 7
502 7
501 7
508 7
255 8
383 8
447 8
507 8
495 8
479 8
503 8
510 8
509 8
511 9
