368 11459320056471732761 8 4
4 6 5 8 
4 6 8 5 
5 8 6 4 
5 8 4 6 
6 4 5 8 
6 4 8 5 
8 5 6 4 
8 5 4 6 

340 14772881018774504782 2 4
2 8 6 4 
8 2 6 4 

344 7556829846088060811 4 4
3 8 6 4 
3 8 4 6 
8 3 6 4 
8 3 4 6 

326 2974813683649203891 2 4
2 8 6 1 
8 2 6 1 

306 11459320056471732761 8 4
1 4 5 8 
1 4 8 5 
4 1 5 8 
4 1 8 5 
5 8 1 4 
5 8 4 1 
8 5 4 1 
8 5 1 4 

294 10601132076907988804 2 4
1 2 8 5 
2 1 8 5 

278 10601132076907988804 2 4
2 8 1 4 
8 2 1 4 

390 1677071180347565230 2 4
2 8 7 1 
8 2 7 1 

263 8733758816773089534 2 4
1 2 0 8 
2 1 0 8 

270 1677071180347565230 2 4
1 2 3 8 
2 1 3 8 

225 3853410375625161712 2 4
6 7 0 5 
7 6 0 5 

232 3092465935444304488 4 4
6 7 3 5 
6 7 5 3 
7 6 5 3 
7 6 3 5 

209 5710216271324878809 2 4
0 6 7 4 
0 7 6 4 

201 18429412635761473916 2 4
6 7 0 3 
7 6 0 3 

449 2452762783774908058 2 4
6 7 0 8 
7 6 0 8 

195 10481262239042374620 1 4
0 6 7 1 

177 11793775621032305187 2 4
0 5 4 7 
0 5 7 4 

184 11459320056471732761 8 4
3 5 4 7 
3 5 7 4 
4 7 5 3 
4 7 3 5 
5 3 4 7 
5 3 7 4 
7 4 5 3 
7 4 3 5 

172 10601132076907988804 2 4
2 7 3 5 
7 2 3 5 

432 11459320056471732761 8 4
4 7 5 8 
4 7 8 5 
5 8 7 4 
5 8 4 7 
7 4 5 8 
7 4 8 5 
8 5 7 4 
8 5 4 7 

51 11793775621032305187 2 4
0 5 4 1 
0 5 1 4 

420 1324427476534020738 2 4
2 7 8 5 
7 2 8 5 

166 3364750820705448782 4 4
2 5 1 7 
2 5 7 1 
5 2 1 7 
5 2 7 1 

39 3587327387865386636 2 4
1 2 0 5 
2 1 0 5 

408 7556829846088060811 4 4
3 8 7 4 
3 8 4 7 
8 3 7 4 
8 3 4 7 

27 1995535728290144411 2 4
0 3 1 4 
0 3 4 1 

145 3887233329888318402 2 3
0 4 7 
0 7 4 

197 16131637995889928014 1 4
0 2 7 6 

324 13119232308241019096 6 3
2 6 8 
2 8 6 
6 2 8 
6 8 2 
8 6 2 
8 2 6 

401 14705954250819092296 2 4
0 8 7 4 
0 8 4 7 

147 3789492243223121139 2 4
0 1 7 4 
0 7 1 4 

284 3364750820705448782 4 4
2 4 3 8 
2 4 8 3 
4 2 3 8 
4 2 8 3 

30 1324427476534020738 2 4
2 3 1 4 
3 2 1 4 

89 1995535728290144411 2 4
0 3 4 6 
0 3 6 4 

85 3015424281304798290 1 4
0 2 4 6 

394 13150025586414177241 8 4
1 7 3 8 
1 7 8 3 
3 8 7 1 
3 8 1 7 
7 1 3 8 
7 1 8 3 
8 3 7 1 
8 3 1 7 

140 754205998099296360 6 3
2 3 7 
2 7 3 
3 2 7 
3 7 2 
7 3 2 
7 2 3 

81 3887233329888318402 2 3
0 4 6 
0 6 4 

418 7556829846088060811 4 4
1 7 5 8 
1 7 8 5 
7 1 5 8 
7 1 8 5 

164 6906529405458791006 6 3
2 5 7 
2 7 5 
5 2 7 
5 7 2 
7 5 2 
7 2 5 

46 1324427476534020738 2 4
1 2 3 5 
2 1 3 5 

193 17433826505429928829 2 3
0 6 7 
0 7 6 

456 12792859129086584636 4 4
6 7 3 8 
6 7 8 3 
7 6 3 8 
7 6 8 3 

75 9445240661613972179 2 4
0 3 1 6 
0 3 6 1 

19 3887233329888318402 2 3
0 1 4 
0 4 1 

332 17015737541233389546 2 4
2 6 8 3 
6 2 8 3 

78 10220627191361430879 2 4
2 3 1 6 
3 2 1 6 

387 818929771311508147 2 4
0 8 7 1 
0 8 1 7 

133 2960999922919671982 2 3
0 2 7 
0 7 2 

480 3092465935444304488 4 4
6 7 5 8 
6 7 8 5 
7 6 5 8 
7 6 8 5 

99 15459821928615565176 2 4
0 5 1 6 
0 5 6 1 

131 14528258375710339284 2 3
0 1 7 
0 7 1 

282 7556829846088060811 4 4
3 8 4 1 
3 8 1 4 
8 3 4 1 
8 3 1 4 

28 6906529405458791006 6 3
2 3 4 
2 4 3 
3 2 4 
3 4 2 
4 3 2 
4 2 3 

275 14705954250819092296 2 4
0 8 4 1 
0 8 1 4 

21 13494062746489767561 2 3
0 2 4 
0 4 2 

139 4799294649106893729 2 4
0 3 1 7 
0 3 7 1 

67 2180535029306995591 2 3
0 1 6 
0 6 1 

165 957931337721277990 2 4
2 7 0 5 
7 2 0 5 

38 6906529405458791006 6 3
1 2 5 
1 5 2 
2 1 5 
2 5 1 
5 2 1 
5 1 2 

29 4988529458437024395 2 4
2 4 0 3 
4 2 0 3 

156 10601132076907988804 2 4
2 3 7 4 
3 2 7 4 

7 9024781334079683429 2 3
0 1 2 
0 2 1 

388 2728381371886174304 6 3
2 7 8 
2 8 7 
7 2 8 
7 8 2 
8 7 2 
8 2 7 

323 16294884143509435397 2 4
0 8 6 1 
0 8 1 6 

69 9024781334079683429 2 3
0 2 6 
0 6 2 

330 1699057898927065156 4 4
1 6 3 8 
1 6 8 3 
6 1 3 8 
6 1 8 3 

76 14860785610888650053 6 3
2 3 6 
2 6 3 
3 2 6 
3 6 2 
6 3 2 
6 2 3 

389 6854251484048817638 2 4
2 7 8 0 
7 2 8 0 

262 754205998099296360 6 3
1 2 8 
1 8 2 
2 1 8 
2 8 1 
8 2 1 
8 1 2 

135 4133534516236963880 1 4
0 2 7 1 

404 1324427476534020738 2 4
2 8 7 4 
8 2 7 4 

277 4276754821616856586 2 4
2 4 0 8 
4 2 0 8 

23 3015424281304798290 1 4
0 2 4 1 

14 2728381371886174304 6 3
1 2 3 
1 3 2 
2 1 3 
2 3 1 
3 2 1 
3 1 2 

141 1719569058278251867 2 4
2 7 0 3 
7 2 0 3 

354 9889576315341648160 4 4
1 6 5 8 
1 6 8 5 
6 1 5 8 
6 1 8 5 

100 6906529405458791006 6 3
2 5 6 
2 6 5 
5 2 6 
5 6 2 
6 5 2 
6 2 5 

308 179286298576043391 2 4
2 4 8 5 
4 2 8 5 

54 179286298576043391 2 4
2 5 1 4 
5 2 1 4 

113 11793775621032305187 2 4
0 5 4 6 
0 5 6 4 

58 11459320056471732761 8 4
1 4 3 5 
1 4 5 3 
3 5 4 1 
3 5 1 4 
4 1 3 5 
4 1 5 3 
5 3 4 1 
5 3 1 4 

60 179286298576043391 2 4
2 4 3 5 
4 2 3 5 

180 179286298576043391 2 4
2 5 7 4 
5 2 7 4 

53 2343018368465491292 2 4
2 4 0 5 
4 2 0 5 

452 78324714845983665 2 4
2 8 7 6 
8 2 7 6 

325 10870233600731109741 2 4
2 6 8 0 
6 2 8 0 

71 5144979543653984113 2 4
0 2 1 6 
0 2 6 1 

337 14705954250819092296 2 4
0 8 6 4 
0 8 4 6 

83 14311078471256416205 2 4
0 1 6 4 
0 6 1 4 

396 1677071180347565230 2 4
2 7 8 3 
7 2 8 3 

15 15098044532755168553 2 4
1 2 3 0 
2 1 3 0 

142 1677071180347565230 2 4
2 3 1 7 
3 2 1 7 

204 7978115995136584964 2 4
2 3 6 7 
3 2 6 7 

77 7529397830345172231 2 4
2 6 0 3 
6 2 0 3 

92 16795696787755097424 2 4
2 3 6 4 
3 2 6 4 

106 9889576315341648160 4 4
1 6 5 3 
1 6 3 5 
6 1 5 3 
6 1 3 5 

356 14772881018774504782 2 4
2 6 8 5 
6 2 8 5 

102 394700380938346138 4 4
2 5 1 6 
2 5 6 1 
5 2 1 6 
5 2 6 1 

108 16795696787755097424 2 4
2 6 3 5 
6 2 3 5 

228 11591101788391728525 4 4
2 5 6 7 
2 5 7 6 
5 2 6 7 
5 2 7 6 

101 3587327387865386636 2 4
2 6 0 5 
6 2 0 5 

116 179286298576043391 2 4
2 5 6 4 
5 2 6 4 

120 11459320056471732761 8 4
3 5 4 6 
3 5 6 4 
4 6 5 3 
4 6 3 5 
5 3 4 6 
5 3 6 4 
6 4 5 3 
6 4 3 5 

153 1995535728290144411 2 4
0 3 4 7 
0 3 7 4 

276 6906529405458791006 6 3
2 4 8 
2 8 4 
4 2 8 
4 8 2 
8 4 2 
8 2 4 

149 2929641473205691711 1 4
0 2 7 4 

163 5120451916799059020 2 4
0 5 1 7 
0 5 7 1 

170 7556829846088060811 4 4
1 7 5 3 
1 7 3 5 
7 1 5 3 
7 1 3 5 

