2496 6550893481700717309 6 4
11 7 8 6 
11 7 6 8 
11 8 7 6 
11 8 6 7 
11 6 8 7 
11 6 7 8 

2313 8623097159091425658 6 4
0 3 8 11 
0 3 11 8 
0 8 3 11 
0 8 11 3 
0 11 8 3 
0 11 3 8 

2209 16662186294716879721 6 4
0 5 7 11 
0 5 11 7 
0 7 5 11 
0 7 11 5 
0 11 7 5 
0 11 5 7 

2089 6502632244296645711 6 4
0 3 5 11 
0 3 11 5 
0 5 3 11 
0 5 11 3 
0 11 5 3 
0 11 3 5 

1360 9787307155083580879 24 4
4 6 8 10 
4 6 10 8 
4 8 6 10 
4 8 10 6 
4 10 8 6 
4 10 6 8 
6 4 8 10 
6 4 10 8 
6 8 4 10 
6 8 10 4 
6 10 8 4 
6 10 4 8 
8 6 4 10 
8 6 10 4 
8 4 6 10 
8 4 10 6 
8 10 4 6 
8 10 6 4 
10 6 8 4 
10 6 4 8 
10 8 6 4 
10 8 4 6 
10 4 8 6 
10 4 6 8 

2097 5104284511062308970 6 4
0 4 5 11 
0 4 11 5 
0 5 4 11 
0 5 11 4 
0 11 5 4 
0 11 4 5 

1410 2357580871625128399 6 4
1 7 8 10 
1 7 10 8 
1 8 7 10 
1 8 10 7 
1 10 8 7 
1 10 7 8 

2720 11260338356613486656 24 4
5 7 9 11 
5 7 11 9 
5 9 7 11 
5 9 11 7 
5 11 9 7 
5 11 7 9 
7 5 9 11 
7 5 11 9 
7 9 5 11 
7 9 11 5 
7 11 9 5 
7 11 5 9 
9 7 5 11 
9 7 11 5 
9 5 7 11 
9 5 11 7 
9 11 5 7 
9 11 7 5 
11 7 9 5 
11 7 5 9 
11 9 7 5 
11 9 5 7 
11 5 9 7 
11 5 7 9 

2248 16493867128980194667 24 4
3 6 7 11 
3 6 11 7 
3 7 6 11 
3 7 11 6 
3 11 7 6 
3 11 6 7 
6 3 7 11 
6 3 11 7 
6 7 3 11 
6 7 11 3 
6 11 7 3 
6 11 3 7 
7 6 3 11 
7 6 11 3 
7 3 6 11 
7 3 11 6 
7 11 3 6 
7 11 6 3 
11 6 7 3 
11 6 3 7 
11 7 6 3 
11 7 3 6 
11 3 7 6 
11 3 6 7 

1186 2357580871625128399 6 4
1 5 7 10 
1 5 10 7 
1 7 5 10 
1 7 10 5 
1 10 7 5 
1 10 5 7 

1170 8306782899262042537 6 4
1 4 7 10 
1 4 10 7 
1 7 4 10 
1 7 10 4 
1 10 7 4 
1 10 4 7 

1136 16843014019913416440 24 4
4 5 6 10 
4 5 10 6 
4 6 5 10 
4 6 10 5 
4 10 6 5 
4 10 5 6 
5 4 6 10 
5 4 10 6 
5 6 4 10 
5 6 10 4 
5 10 6 4 
5 10 4 6 
6 5 4 10 
6 5 10 4 
6 4 5 10 
6 4 10 5 
6 10 4 5 
6 10 5 4 
10 5 6 4 
10 5 4 6 
10 6 5 4 
10 6 4 5 
10 4 6 5 
10 4 5 6 

900 16843014019913416440 24 4
2 7 8 9 
2 7 9 8 
2 8 7 9 
2 8 9 7 
2 9 8 7 
2 9 7 8 
7 2 8 9 
7 2 9 8 
7 8 2 9 
7 8 9 2 
7 9 8 2 
7 9 2 8 
8 7 2 9 
8 7 9 2 
8 2 7 9 
8 2 9 7 
8 9 2 7 
8 9 7 2 
9 7 8 2 
9 7 2 8 
9 8 7 2 
9 8 2 7 
9 2 8 7 
9 2 7 8 

960 6550893481700717309 6 4
9 7 8 6 
9 7 6 8 
9 8 7 6 
9 8 6 7 
9 6 8 7 
9 6 7 8 

2256 16843014019913416440 24 4
4 6 7 11 
4 6 11 7 
4 7 6 11 
4 7 11 6 
4 11 7 6 
4 11 6 7 
6 4 7 11 
6 4 11 7 
6 7 4 11 
6 7 11 4 
6 11 7 4 
6 11 4 7 
7 6 4 11 
7 6 11 4 
7 4 6 11 
7 4 11 6 
7 11 4 6 
7 11 6 4 
11 6 7 4 
11 6 4 7 
11 7 6 4 
11 7 4 6 
11 4 7 6 
11 4 6 7 

2433 11273311492949096519 6 4
0 7 8 11 
0 7 11 8 
0 8 7 11 
0 8 11 7 
0 11 8 7 
0 11 7 8 

840 16493867128980194667 24 4
3 6 8 9 
3 6 9 8 
3 8 6 9 
3 8 9 6 
3 9 8 6 
3 9 6 8 
6 3 8 9 
6 3 9 8 
6 8 3 9 
6 8 9 3 
6 9 8 3 
6 9 3 8 
8 6 3 9 
8 6 9 3 
8 3 6 9 
8 3 9 6 
8 9 3 6 
8 9 6 3 
9 6 8 3 
9 6 3 8 
9 8 6 3 
9 8 3 6 
9 3 8 6 
9 3 6 8 

898 2145954446390519049 6 4
1 7 8 9 
1 7 9 8 
1 8 7 9 
1 8 9 7 
1 9 8 7 
1 9 7 8 

291 6282931965405591817 2 4
0 1 5 8 
0 1 8 5 

305 18132444521159743053 2 4
0 4 5 8 
0 4 8 5 

450 17969594454398435853 6 4
1 6 7 8 
1 6 8 7 
1 7 6 8 
1 7 8 6 
1 8 7 6 
1 8 6 7 

275 15356802580231233694 2 4
0 1 4 8 
0 1 8 4 

928 14235802879599606453 4 4
7 9 8 5 
7 9 5 8 
9 7 8 5 
9 7 5 8 

43 15356802580231233694 2 4
0 1 3 5 
0 1 5 3 

2337 11768553866553226221 2 4
0 11 8 5 
0 11 5 8 

449 13343782427266514212 6 4
0 6 7 8 
0 6 8 7 
0 7 6 8 
0 7 8 6 
0 8 7 6 
0 8 6 7 

848 16843014019913416440 24 4
4 6 8 9 
4 6 9 8 
4 8 6 9 
4 8 9 6 
4 9 8 6 
4 9 6 8 
6 4 8 9 
6 4 9 8 
6 8 4 9 
6 8 9 4 
6 9 8 4 
6 9 4 8 
8 6 4 9 
8 6 9 4 
8 4 6 9 
8 4 9 6 
8 9 4 6 
8 9 6 4 
9 6 8 4 
9 6 4 8 
9 8 6 4 
9 8 4 6 
9 4 8 6 
9 4 6 8 

3232 16493867128980194667 24 4
5 7 10 11 
5 7 11 10 
5 10 7 11 
5 10 11 7 
5 11 10 7 
5 11 7 10 
7 5 10 11 
7 5 11 10 
7 10 5 11 
7 10 11 5 
7 11 10 5 
7 11 5 10 
10 7 5 11 
10 7 11 5 
10 5 7 11 
10 5 11 7 
10 11 5 7 
10 11 7 5 
11 7 10 5 
11 7 5 10 
11 10 7 5 
11 10 5 7 
11 5 10 7 
11 5 7 10 

105 11311692471758655814 6 4
0 3 5 6 
0 3 6 5 
0 5 3 6 
0 5 6 3 
0 6 5 3 
0 6 3 5 

163 10967358910001564019 2 4
0 1 5 7 
0 1 7 5 

337 11311692471758655814 6 4
0 4 6 8 
0 4 8 6 
0 6 4 8 
0 6 8 4 
0 8 6 4 
0 8 4 6 

674 15889926699598540934 6 4
1 5 7 9 
1 5 9 7 
1 7 5 9 
1 7 9 5 
1 9 7 5 
1 9 5 7 

202 2357580871625128399 6 4
1 3 6 7 
1 3 7 6 
1 6 3 7 
1 6 7 3 
1 7 6 3 
1 7 3 6 

139 17744789451055593124 2 4
1 0 3 7 
1 0 7 3 

864 3284019631358231332 4 4
6 9 8 5 
6 9 5 8 
9 6 8 5 
9 6 5 8 

165 11311692471758655814 6 4
0 2 5 7 
0 2 7 5 
0 5 2 7 
0 5 7 2 
0 7 5 2 
0 7 2 5 

113 11273311492949096519 6 4
0 4 5 6 
0 4 6 5 
0 5 4 6 
0 5 6 4 
0 6 5 4 
0 6 4 5 

147 17744789451055593124 2 4
1 0 4 7 
1 0 7 4 

51 5092551038970109368 2 4
0 1 4 5 
0 1 5 4 

676 16493867128980194667 24 4
2 5 7 9 
2 5 9 7 
2 7 5 9 
2 7 9 5 
2 9 7 5 
2 9 5 7 
5 2 7 9 
5 2 9 7 
5 7 2 9 
5 7 9 2 
5 9 7 2 
5 9 2 7 
7 5 2 9 
7 5 9 2 
7 2 5 9 
7 2 9 5 
7 9 2 5 
7 9 5 2 
9 5 7 2 
9 5 2 7 
9 7 5 2 
9 7 2 5 
9 2 7 5 
9 2 5 7 

277 8623097159091425658 6 4
0 2 4 8 
0 2 8 4 
0 4 2 8 
0 4 8 2 
0 8 4 2 
0 8 2 4 

267 15356802580231233694 2 4
0 1 3 8 
0 1 8 3 

353 9367776773091008077 2 4
0 6 5 8 
0 6 8 5 

417 9367776773091008077 2 4
0 7 5 8 
0 7 8 5 

210 2357580871625128399 6 4
1 4 6 7 
1 4 7 6 
1 6 4 7 
1 6 7 4 
1 7 6 4 
1 7 4 6 

387 10967358910001564019 2 4
0 1 7 8 
0 1 8 7 

3456 16843014019913416440 24 4
7 8 10 11 
7 8 11 10 
7 10 8 11 
7 10 11 8 
7 11 10 8 
7 11 8 10 
8 7 10 11 
8 7 11 10 
8 10 7 11 
8 10 11 7 
8 11 10 7 
8 11 7 10 
10 8 7 11 
10 8 11 7 
10 7 8 11 
10 7 11 8 
10 11 7 8 
10 11 8 7 
11 8 10 7 
11 8 7 10 
11 10 8 7 
11 10 7 8 
11 7 10 8 
11 7 8 10 

329 11311692471758655814 6 4
0 3 6 8 
0 3 8 6 
0 6 3 8 
0 6 8 3 
0 8 6 3 
0 8 3 6 

212 9787307155083580879 24 4
2 4 6 7 
2 4 7 6 
2 6 4 7 
2 6 7 4 
2 7 6 4 
2 7 4 6 
4 2 6 7 
4 2 7 6 
4 6 2 7 
4 6 7 2 
4 7 6 2 
4 7 2 6 
6 4 2 7 
6 4 7 2 
6 2 4 7 
6 2 7 4 
6 7 2 4 
6 7 4 2 
7 4 6 2 
7 4 2 6 
7 6 4 2 
7 6 2 4 
7 2 6 4 
7 2 4 6 

389 11311692471758655814 6 4
0 2 7 8 
0 2 8 7 
0 7 2 8 
0 7 8 2 
0 8 7 2 
0 8 2 7 

650 8306782899262042537 6 4
1 3 7 9 
1 3 9 7 
1 7 3 9 
1 7 9 3 
1 9 7 3 
1 9 3 7 

