mercedes[0,0,0,0,0,0,0,0,0,0,0,0]*(-a4-a7+d-a5-a8-2*a3)
mercedes[0,0,0,-1,1,0,0,0,0,0,0,0]*(-a4)
mercedes[0,0,0,0,0,0,0,0,1,0,0,0]*(a8*eta)
mercedes[0,0,-1,0,0,1,0,0,0,0,0,0]*(a5)
mercedes[0,0,0,-1,0,1,0,0,0,0,0,0]*(-a5)
mercedes[0,0,0,-1,0,0,0,0,1,0,0,0]*(-a8)
mercedes[-1,0,0,0,0,0,0,1,0,0,0,0]*(a7)
mercedes[0,0,0,-1,0,0,0,1,0,0,0,0]*(-a7)
mercedes[0,-1,0,0,0,0,0,0,1,0,0,0]*(a8)
mercedes[0,0,0,0,0,0,0,1,0,0,0,0]*(a7)

mercedes[0,0,0,0,0,0,0,0,0,0,0,0]*(-a10-a7+d-a9-a6-2*a0)
mercedes[1,0,0,0,0,0,0,0,0,0,0,0]*(-2*a0)
mercedes[-1,0,0,0,0,0,1,0,0,0,0,0]*(-a6)
mercedes[0,-1,0,0,0,0,1,0,0,0,0,0]*(a6)
mercedes[0,0,0,0,0,0,0,0,0,0,1,0]*(-a10)
mercedes[0,0,0,0,0,0,1,0,0,0,0,0]*(a6*eta-a6)
mercedes[-1,0,0,0,0,0,0,1,0,0,0,0]*(-a7)
mercedes[0,0,0,-1,0,0,0,1,0,0,0,0]*(a7)
mercedes[-1,0,0,0,0,0,0,0,0,0,1,0]*(-a10)
mercedes[0,0,0,0,0,0,0,1,0,0,0,0]*(-a7)
mercedes[-1,0,0,0,0,0,0,0,0,1,0,0]*(-a9)

mercedes[0,0,0,0,0,0,0,0,0,0,0,0]*(-2*a1+d-a11-a8-a2-a6)
mercedes[0,1,0,0,0,0,0,0,0,0,0,0]*(-2*a1*eta)
mercedes[0,-1,1,0,0,0,0,0,0,0,0,0]*(-a2)
mercedes[0,0,0,0,0,0,0,0,0,0,0,1]*(-a11*eta+a11)
mercedes[0,0,1,0,0,0,0,0,0,0,0,0]*(-a2*eta)
mercedes[0,-1,0,0,0,1,0,0,0,0,0,0]*(-2*a5)
mercedes[0,0,-1,0,0,1,0,0,0,0,0,0]*(-a5)
mercedes[0,0,0,-1,0,1,0,0,0,0,0,0]*(-a5)
mercedes[0,0,0,0,0,1,0,0,-1,0,0,0]*(a5)
mercedes[0,0,0,0,0,1,0,0,0,0,0,0]*(-2*a5*eta)
mercedes[-1,0,0,0,0,0,1,0,0,0,0,0]*(a6)
mercedes[0,-1,0,0,0,0,1,0,0,0,0,0]*(-a6)
mercedes[0,-1,0,0,0,0,0,0,0,0,0,1]*(-a11)
mercedes[0,0,0,0,0,0,1,0,0,0,0,0]*(-a6*eta+a6)
mercedes[0,-1,0,0,0,0,0,0,1,0,0,0]*(-a8)
mercedes[0,0,0,-1,0,0,0,0,1,0,0,0]*(a8)
mercedes[0,0,0,0,0,0,0,0,1,0,0,0]*(-a8*eta)

mercedes[0,0,0,0,0,0,0,0,0,0,0,0]*(a1-a5+a8-a2)
mercedes[0,1,-1,0,0,0,0,0,0,0,0,0]*(-a1)
mercedes[0,1,0,0,0,0,0,0,0,0,0,0]*(a1*eta)
mercedes[0,-1,1,0,0,0,0,0,0,0,0,0]*(a2)
mercedes[0,0,0,0,0,0,0,0,0,0,0,1]*(a11*eta+a11)
mercedes[0,0,1,0,0,0,0,0,0,0,0,0]*(a2*eta)
mercedes[0,-1,0,0,0,1,0,0,0,0,0,0]*(2*a5)
mercedes[0,0,0,-1,0,1,0,0,0,0,0,0]*(2*a5)
mercedes[0,0,-1,0,0,0,0,0,0,0,0,1]*(-a11)
mercedes[0,0,0,0,0,1,0,0,-1,0,0,0]*(-a5)
mercedes[0,0,0,0,0,1,0,0,0,0,0,0]*(2*a5*eta)
mercedes[-1,0,0,0,0,0,1,0,0,0,0,0]*(a6)
mercedes[0,-1,0,0,0,0,1,0,0,0,0,0]*(a6)
mercedes[0,0,-1,0,0,0,1,0,0,0,0,0]*(-a6)
mercedes[0,0,0,0,0,0,1,0,0,0,-1,0]*(-a6)
mercedes[0,0,0,0,0,0,1,0,0,0,0,0]*(a6*eta+a6)
mercedes[0,0,-1,0,0,0,0,0,1,0,0,0]*(-2*a8)
mercedes[0,0,0,-1,0,0,0,0,1,0,0,0]*(-2*a8)
mercedes[0,0,0,0,0,-1,0,0,1,0,0,0]*(a8)
mercedes[0,-1,0,0,0,0,0,0,0,0,0,1]*(a11)

mercedes[0,0,0,0,0,0,0,0,0,0,0,0]*(-a9+a0)
mercedes[1,0,0,0,0,0,0,0,0,-1,0,0]*(-a0)
mercedes[1,0,0,0,0,0,0,0,0,0,0,0]*(2*a0)
mercedes[-1,0,0,0,0,0,1,0,0,0,0,0]*(a6)
mercedes[0,-1,0,0,0,0,1,0,0,0,0,0]*(a6)
mercedes[0,0,0,0,0,0,1,0,0,-1,0,0]*(-a6)
mercedes[0,0,0,0,0,0,1,0,0,0,0,-1]*(-a6)
mercedes[0,0,0,0,0,0,1,0,0,0,0,0]*(a6*eta+3*a6)
mercedes[-1,0,0,0,0,0,0,1,0,0,0,0]*(a7)
mercedes[0,-1,0,0,0,0,0,1,0,0,0,0]*(a7)
mercedes[0,0,-1,0,0,0,0,1,0,0,0,0]*(a7)
mercedes[0,0,0,-1,0,0,0,1,0,0,0,0]*(a7)
mercedes[0,0,0,0,-1,0,0,1,0,0,0,0]*(a7)
mercedes[0,0,0,0,0,-1,0,1,0,0,0,0]*(-a7)
mercedes[0,0,0,0,0,0,0,1,-1,0,0,0]*(-a7)
mercedes[0,0,0,0,0,0,0,1,0,-1,0,0]*(-a7)
mercedes[0,0,0,0,0,0,0,1,0,0,0,0]*(2*a7+a7*eta)
mercedes[-1,0,0,0,0,0,0,0,0,1,0,0]*(a9)
mercedes[0,0,0,0,0,0,0,0,0,0,1,0]*(3*a10)
mercedes[-1,0,0,0,0,0,0,0,0,0,1,0]*(a10)
mercedes[0,0,0,0,0,0,0,0,0,-1,1,0]*(-a10)

mercedes[0,0,0,0,0,0,0,0,0,0,0,0]*(-a10+a0)
mercedes[1,0,0,0,0,0,0,0,0,0,-1,0]*(-a0)
mercedes[1,0,0,0,0,0,0,0,0,0,0,0]*(a0)
mercedes[-1,0,0,0,0,0,1,0,0,0,0,0]*(a6)
mercedes[0,-1,0,0,0,0,1,0,0,0,0,0]*(a6)
mercedes[0,0,-1,0,0,0,1,0,0,0,0,0]*(-a6)
mercedes[0,0,0,0,0,0,1,0,0,0,-1,0]*(-a6)
mercedes[0,0,0,0,0,0,1,0,0,0,0,0]*(a6*eta+a6)
mercedes[-1,0,0,0,0,0,0,1,0,0,0,0]*(a7)
mercedes[0,-1,0,0,0,0,0,1,0,0,0,0]*(-a7)
mercedes[0,0,-1,0,0,0,0,1,0,0,0,0]*(-a7)
mercedes[0,0,0,-1,0,0,0,1,0,0,0,0]*(-2*a7)
mercedes[0,0,0,0,0,-1,0,1,0,0,0,0]*(a7)
mercedes[0,0,0,0,0,0,0,1,-1,0,0,0]*(a7)
mercedes[0,0,0,0,0,0,0,1,0,0,-1,0]*(-a7)
mercedes[0,0,0,0,0,0,0,1,0,0,0,0]*(a7-a7*eta)
mercedes[-1,0,0,0,0,0,0,0,0,1,0,0]*(a9)
mercedes[0,0,0,0,0,0,0,0,0,1,-1,0]*(-a9)
mercedes[0,0,0,0,0,0,0,0,0,1,0,0]*(2*a9)
mercedes[-1,0,0,0,0,0,0,0,0,0,1,0]*(a10)
mercedes[0,0,0,0,0,0,0,0,0,0,1,0]*(a10)

mercedes[0,0,0,0,0,0,0,0,0,0,0,0]*(-a6+a0)
mercedes[1,-1,0,0,0,0,0,0,0,0,0,0]*(a0)
mercedes[1,0,0,0,0,0,-1,0,0,0,0,0]*(-a0)
mercedes[1,0,0,0,0,0,0,0,0,0,0,0]*(a0*eta+a0)
mercedes[-1,0,0,0,0,0,1,0,0,0,0,0]*(a6)
mercedes[0,-1,0,0,0,0,1,0,0,0,0,0]*(-a6)
mercedes[0,0,0,0,0,0,0,0,0,0,1,0]*(a10+2*a10*eta)
mercedes[0,0,0,0,0,0,1,0,0,0,0,0]*(-a6*eta+a6)
mercedes[-1,0,0,0,0,0,0,1,0,0,0,0]*(a7)
mercedes[0,-1,0,0,0,0,0,1,0,0,0,0]*(2*a7)
mercedes[0,0,0,-1,0,0,0,1,0,0,0,0]*(a7)
mercedes[0,0,0,0,0,0,-1,1,0,0,0,0]*(-a7)
mercedes[0,0,0,0,0,0,0,1,-1,0,0,0]*(-a7)
mercedes[0,0,0,0,0,0,0,1,0,0,0,0]*(a7+2*a7*eta)
mercedes[-1,0,0,0,0,0,0,0,0,1,0,0]*(a9)
mercedes[0,-1,0,0,0,0,0,0,0,1,0,0]*(2*a9)
mercedes[0,0,0,0,0,0,-1,0,0,1,0,0]*(-a9)
mercedes[0,0,0,0,0,0,0,0,0,1,0,-1]*(-a9)
mercedes[0,0,0,0,0,0,0,0,0,1,0,0]*(2*a9*eta+2*a9)
mercedes[-1,0,0,0,0,0,0,0,0,0,1,0]*(a10)
mercedes[0,-1,0,0,0,0,0,0,0,0,1,0]*(2*a10)
mercedes[0,0,-1,0,0,0,0,0,0,0,1,0]*(-a10)
mercedes[0,0,0,0,0,0,-1,0,0,0,1,0]*(-a10)

mercedes[0,-1,0,1,0,0,0,0,0,0,0,0]*(a3)
mercedes[0,0,0,0,0,0,0,0,0,0,0,0]*(-a8+a3)
mercedes[0,0,0,1,0,0,0,0,-1,0,0,0]*(-a3)
mercedes[0,0,0,1,0,0,0,0,0,0,0,0]*(a3*eta)
mercedes[0,-1,0,0,1,0,0,0,0,0,0,0]*(-a4)
mercedes[0,0,-1,0,1,0,0,0,0,0,0,0]*(a4)
mercedes[0,0,0,-1,1,0,0,0,0,0,0,0]*(a4)
mercedes[0,0,0,0,1,0,0,0,-1,0,0,0]*(-a4)
mercedes[0,0,0,0,1,0,0,0,0,0,0,-1]*(a4)
mercedes[0,0,0,0,1,0,0,0,0,0,0,0]*(-a4-a4*eta)
mercedes[0,-1,0,0,0,1,0,0,0,0,0,0]*(2*a5)
mercedes[0,0,-1,0,0,1,0,0,0,0,0,0]*(a5)
mercedes[0,0,0,-1,0,1,0,0,0,0,0,0]*(a5)
mercedes[0,0,0,0,0,1,0,0,-1,0,0,0]*(-a5)
mercedes[0,0,0,0,0,1,0,0,0,0,0,0]*(2*a5*eta)
mercedes[-1,0,0,0,0,0,0,1,0,0,0,0]*(a7)
mercedes[0,-1,0,0,0,0,0,1,0,0,0,0]*(2*a7)
mercedes[0,0,0,-1,0,0,0,1,0,0,0,0]*(a7)
mercedes[0,0,0,0,0,0,-1,1,0,0,0,0]*(-a7)
mercedes[0,0,0,0,0,0,0,1,-1,0,0,0]*(-a7)
mercedes[0,0,0,0,0,0,0,1,0,0,0,0]*(a7+2*a7*eta)
mercedes[0,-1,0,0,0,0,0,0,1,0,0,0]*(-a8)
mercedes[0,0,0,-1,0,0,0,0,1,0,0,0]*(a8)
mercedes[0,0,0,0,0,0,0,0,1,0,0,0]*(-a8*eta)

mercedes[0,0,0,0,0,0,0,0,0,0,0,0]*(a1+a5-a8-a2)
mercedes[0,1,0,-1,0,0,0,0,0,0,0,0]*(a1)
mercedes[0,1,0,0,0,0,0,0,-1,0,0,0]*(-a1)
mercedes[0,1,0,0,0,0,0,0,0,0,0,0]*(a1*eta)
mercedes[0,0,0,0,0,0,0,0,0,0,0,1]*(2*a11*eta)
mercedes[0,0,1,-1,0,0,0,0,0,0,0,0]*(-a2)
mercedes[0,0,1,0,0,-1,0,0,0,0,0,0]*(a2)
mercedes[0,0,-1,0,0,1,0,0,0,0,0,0]*(-a5)
mercedes[0,0,0,-1,0,1,0,0,0,0,0,0]*(a5)
mercedes[0,0,0,0,0,0,0,0,-1,0,0,1]*(-2*a11)
mercedes[-1,0,0,0,0,0,1,0,0,0,0,0]*(a6)
mercedes[0,-1,0,0,0,0,1,0,0,0,0,0]*(a6)
mercedes[0,0,0,-1,0,0,1,0,0,0,0,0]*(2*a6)
mercedes[0,0,0,0,0,0,1,-1,0,0,0,0]*(-a6)
mercedes[0,0,0,0,0,0,1,0,-1,0,0,0]*(-a6)
mercedes[0,0,0,0,0,0,1,0,0,0,0,0]*(a6*eta+a6)
mercedes[0,-1,0,0,0,0,0,0,1,0,0,0]*(a8)
mercedes[0,0,0,-1,0,0,0,0,1,0,0,0]*(-a8)
mercedes[0,0,0,0,0,-1,0,0,0,0,0,1]*(-a11)
mercedes[0,0,0,0,0,0,0,0,1,0,0,0]*(a8*eta)
mercedes[0,-1,0,0,0,0,0,0,0,0,0,1]*(2*a11)
mercedes[0,0,-1,0,0,0,0,0,0,0,0,1]*(a11)
mercedes[0,0,0,-1,0,0,0,0,0,0,0,1]*(2*a11)
mercedes[0,0,0,0,-1,0,0,0,0,0,0,1]*(a11)

mercedes[-1,0,0,1,0,0,0,0,0,0,0,0]*(a3)
mercedes[0,0,0,0,0,0,0,0,0,0,0,0]*(-a7+a3)
mercedes[0,0,0,1,0,0,0,-1,0,0,0,0]*(-a3)
mercedes[0,0,0,1,0,0,0,0,0,0,0,0]*(a3)
mercedes[-1,0,0,0,1,0,0,0,0,0,0,0]*(-a4)
mercedes[0,0,0,-1,1,0,0,0,0,0,0,0]*(a4)
mercedes[0,0,0,0,1,0,0,-1,0,0,0,0]*(-a4)
mercedes[0,0,0,0,1,0,0,0,0,-1,0,0]*(a4)
mercedes[0,0,0,0,1,0,0,0,0,0,-1,0]*(a4)
mercedes[0,0,0,0,1,0,0,0,0,0,0,0]*(-2*a4)
mercedes[-1,0,0,0,0,1,0,0,0,0,0,0]*(-a5)
mercedes[0,-1,0,0,0,1,0,0,0,0,0,0]*(-a5)
mercedes[0,0,0,-1,0,1,0,0,0,0,0,0]*(a5)
mercedes[0,0,0,0,0,1,-1,0,0,0,0,0]*(a5)
mercedes[0,0,0,0,0,1,0,-1,0,0,0,0]*(-a5)
mercedes[0,0,0,0,0,1,0,0,0,0,-1,0]*(a5)
mercedes[0,0,0,0,0,1,0,0,0,0,0,0]*(-a5*eta-a5)
mercedes[-1,0,0,0,0,0,0,1,0,0,0,0]*(-a7)
mercedes[0,0,0,-1,0,0,0,1,0,0,0,0]*(a7)
mercedes[0,0,0,0,0,0,0,0,1,0,0,0]*(2*a8+a8*eta)
mercedes[0,0,0,0,0,0,0,1,0,0,0,0]*(-a7)
mercedes[-1,0,0,0,0,0,0,0,1,0,0,0]*(2*a8)
mercedes[0,-1,0,0,0,0,0,0,1,0,0,0]*(a8)
mercedes[0,0,0,-1,0,0,0,0,1,0,0,0]*(a8)
mercedes[0,0,0,0,0,0,-1,0,1,0,0,0]*(-a8)
mercedes[0,0,0,0,0,0,0,-1,1,0,0,0]*(-a8)

mercedes[0,0,0,0,0,0,0,0,0,0,0,0]*(a1-a11+a5-a8)
mercedes[0,1,0,0,0,0,0,0,0,0,0,-1]*(-a1)
mercedes[0,1,0,0,0,0,0,0,0,0,0,0]*(a1+a1*eta)
mercedes[0,-1,1,0,0,0,0,0,0,0,0,0]*(a2)
mercedes[0,0,1,0,0,0,0,0,0,0,0,-1]*(-a2)
mercedes[0,0,1,0,0,0,0,0,0,0,0,0]*(2*a2+a2*eta)
mercedes[0,0,-1,0,0,1,0,0,0,0,0,0]*(-a5)
mercedes[0,0,0,-1,0,1,0,0,0,0,0,0]*(-a5)
mercedes[0,0,0,0,-1,1,0,0,0,0,0,0]*(-a5)
mercedes[0,0,0,0,0,0,0,0,0,0,0,1]*(a11*eta-a11)
mercedes[0,0,0,0,0,1,0,0,-1,0,0,0]*(a5)
mercedes[0,0,0,0,0,1,0,0,0,0,0,-1]*(-a5)
mercedes[0,0,0,0,0,1,0,0,0,0,0,0]*(2*a5)
mercedes[-1,0,0,0,0,0,1,0,0,0,0,0]*(a6)
mercedes[0,-1,0,0,0,0,1,0,0,0,0,0]*(a6)
mercedes[0,0,0,0,0,0,1,0,0,-1,0,0]*(-a6)
mercedes[0,0,0,0,0,0,1,0,0,0,0,-1]*(-a6)
mercedes[0,0,0,0,0,0,1,0,0,0,0,0]*(a6*eta+3*a6)
mercedes[0,-1,0,0,0,0,0,0,1,0,0,0]*(2*a8)
mercedes[0,0,-1,0,0,0,0,0,1,0,0,0]*(a8)
mercedes[0,0,0,-1,0,0,0,0,1,0,0,0]*(a8)
mercedes[0,0,0,0,-1,0,0,0,1,0,0,0]*(a8)
mercedes[0,0,0,0,0,-1,0,0,1,0,0,0]*(-a8)
mercedes[0,-1,0,0,0,0,0,0,0,0,0,1]*(a11)
mercedes[0,0,0,0,0,0,0,0,1,0,0,-1]*(-a8)
mercedes[0,0,0,0,0,0,0,0,1,0,0,0]*(a8+2*a8*eta)

mercedes[0,-1,0,1,0,0,0,0,0,0,0,0]*(-a3)
mercedes[0,0,-1,1,0,0,0,0,0,0,0,0]*(-a3)
mercedes[0,0,0,0,0,0,0,0,0,0,0,0]*(a5+a8-2*a3)
mercedes[0,0,0,1,0,-1,0,0,0,0,0,0]*(a3)
mercedes[0,0,0,1,0,0,0,0,-1,0,0,0]*(a3)
mercedes[0,0,0,1,0,0,0,0,0,0,0,0]*(-a3*eta)
mercedes[0,-1,0,0,1,0,0,0,0,0,0,0]*(-a4)
mercedes[0,0,-1,0,1,0,0,0,0,0,0,0]*(-a4)
mercedes[0,0,0,-1,1,0,0,0,0,0,0,0]*(-2*a4)
mercedes[0,0,0,0,1,-1,0,0,0,0,0,0]*(a4)
mercedes[0,0,0,0,1,0,0,0,-1,0,0,0]*(a4)
mercedes[0,0,0,0,1,0,0,0,0,0,0,0]*(-a4-a4*eta)
mercedes[0,-1,0,0,0,1,0,0,0,0,0,0]*(-2*a5)
mercedes[0,0,0,-1,0,1,0,0,0,0,0,0]*(-2*a5)
mercedes[0,0,0,0,0,-1,0,0,1,0,0,0]*(a8)
mercedes[0,0,0,0,0,1,0,0,-1,0,0,0]*(a5)
mercedes[0,0,0,0,0,1,0,0,0,0,0,0]*(-2*a5*eta)
mercedes[-1,0,0,0,0,0,0,1,0,0,0,0]*(a7)
mercedes[0,-1,0,0,0,0,0,1,0,0,0,0]*(-a7)
mercedes[0,0,-1,0,0,0,0,1,0,0,0,0]*(-a7)
mercedes[0,0,0,-1,0,0,0,1,0,0,0,0]*(-2*a7)
mercedes[0,0,0,0,0,-1,0,1,0,0,0,0]*(a7)
mercedes[0,0,0,0,0,0,0,1,-1,0,0,0]*(a7)
mercedes[0,0,0,0,0,0,0,1,0,0,-1,0]*(-a7)
mercedes[0,0,0,0,0,0,0,1,0,0,0,0]*(a7-a7*eta)
mercedes[0,0,-1,0,0,0,0,0,1,0,0,0]*(-2*a8)
mercedes[0,0,0,-1,0,0,0,0,1,0,0,0]*(-2*a8)

mercedes[-1,1,0,0,0,0,0,0,0,0,0,0]*(a1)
mercedes[0,0,0,0,0,0,0,0,0,0,0,0]*(a1-a6)
mercedes[0,1,0,0,0,0,-1,0,0,0,0,0]*(-a1)
mercedes[0,1,0,0,0,0,0,0,0,0,0,0]*(a1+a1*eta)
mercedes[-1,0,1,0,0,0,0,0,0,0,0,0]*(2*a2)
mercedes[0,-1,1,0,0,0,0,0,0,0,0,0]*(a2)
mercedes[0,0,1,0,0,0,-1,0,0,0,0,0]*(-a2)
mercedes[0,0,1,0,0,0,0,0,0,0,-1,0]*(-a2)
mercedes[0,0,1,0,0,0,0,0,0,0,0,0]*(2*a2+a2*eta)
mercedes[-1,0,0,0,0,1,0,0,0,0,0,0]*(a5)
mercedes[0,-1,0,0,0,1,0,0,0,0,0,0]*(a5)
mercedes[0,0,0,-1,0,1,0,0,0,0,0,0]*(-a5)
mercedes[0,0,0,0,0,1,-1,0,0,0,0,0]*(-a5)
mercedes[0,0,0,0,0,1,0,-1,0,0,0,0]*(a5)
mercedes[0,0,0,0,0,1,0,0,0,0,-1,0]*(-a5)
mercedes[0,0,0,0,0,1,0,0,0,0,0,0]*(a5*eta+a5)
mercedes[-1,0,0,0,0,0,1,0,0,0,0,0]*(-a6)
mercedes[0,-1,0,0,0,0,1,0,0,0,0,0]*(a6)
mercedes[0,0,0,0,0,0,0,0,0,0,0,1]*(a11*eta+3*a11)
mercedes[0,0,0,0,0,0,1,0,0,0,0,0]*(a6*eta-a6)
mercedes[-1,0,0,0,0,0,0,0,1,0,0,0]*(2*a8)
mercedes[0,-1,0,0,0,0,0,0,1,0,0,0]*(a8)
mercedes[0,0,0,-1,0,0,0,0,1,0,0,0]*(a8)
mercedes[0,0,0,0,0,0,-1,0,1,0,0,0]*(-a8)
mercedes[0,0,0,0,0,0,0,-1,1,0,0,0]*(-a8)
mercedes[0,0,0,0,0,0,0,0,1,0,0,0]*(2*a8+a8*eta)
mercedes[-1,0,0,0,0,0,0,0,0,0,0,1]*(2*a11)
mercedes[0,-1,0,0,0,0,0,0,0,0,0,1]*(a11)
mercedes[0,0,0,0,0,0,-1,0,0,0,0,1]*(-a11)
mercedes[0,0,0,0,0,0,0,0,0,-1,0,1]*(-a11)

mercedes[0,0,0,0,0,0,0,0,0,0,0,0]*(-a7+a0)
mercedes[1,0,0,-1,0,0,0,0,0,0,0,0]*(a0)
mercedes[1,0,0,0,0,0,0,-1,0,0,0,0]*(-a0)
mercedes[1,0,0,0,0,0,0,0,0,0,0,0]*(a0)
mercedes[-1,0,0,0,0,0,1,0,0,0,0,0]*(a6)
mercedes[0,-1,0,0,0,0,1,0,0,0,0,0]*(a6)
mercedes[0,0,0,-1,0,0,1,0,0,0,0,0]*(2*a6)
mercedes[0,0,0,0,0,0,1,-1,0,0,0,0]*(-a6)
mercedes[0,0,0,0,0,0,1,0,-1,0,0,0]*(-a6)
mercedes[0,0,0,0,0,0,1,0,0,0,0,0]*(a6*eta+a6)
mercedes[-1,0,0,0,0,0,0,1,0,0,0,0]*(a7)
mercedes[0,0,0,-1,0,0,0,1,0,0,0,0]*(-a7)
mercedes[0,0,0,0,0,0,0,0,0,0,1,0]*(a10-a10*eta)
mercedes[0,0,0,0,0,0,0,1,0,0,0,0]*(a7)
mercedes[-1,0,0,0,0,0,0,0,0,1,0,0]*(a9)
mercedes[0,-1,0,0,0,0,0,0,0,1,0,0]*(a9)
mercedes[0,0,-1,0,0,0,0,0,0,1,0,0]*(a9)
mercedes[0,0,0,-1,0,0,0,0,0,1,0,0]*(2*a9)
mercedes[0,0,0,0,-1,0,0,0,0,1,0,0]*(a9)
mercedes[0,0,0,0,0,-1,0,0,0,1,0,0]*(-a9)
mercedes[0,0,0,0,0,0,0,-1,0,1,0,0]*(-a9)
mercedes[0,0,0,0,0,0,0,0,-1,1,0,0]*(-a9)
mercedes[0,0,0,0,0,0,0,0,0,1,0,0]*(a9*eta+a9)
mercedes[-1,0,0,0,0,0,0,0,0,0,1,0]*(a10)
mercedes[0,-1,0,0,0,0,0,0,0,0,1,0]*(-a10)
mercedes[0,0,-1,0,0,0,0,0,0,0,1,0]*(-a10)
mercedes[0,0,0,-1,0,0,0,0,0,0,1,0]*(-a10)
mercedes[0,0,0,0,0,-1,0,0,0,0,1,0]*(a10)
mercedes[0,0,0,0,0,0,0,-1,0,0,1,0]*(-a10)
mercedes[0,0,0,0,0,0,0,0,-1,0,1,0]*(a10)

mercedes[0,-1,0,1,0,0,0,0,0,0,0,0]*(a3)
mercedes[0,0,-1,1,0,0,0,0,0,0,0,0]*(a3)
mercedes[0,0,0,0,0,0,0,0,0,0,0,0]*(a4-a5-a8+a3)
mercedes[0,0,0,1,-1,0,0,0,0,0,0,0]*(a3)
mercedes[0,0,0,1,0,-1,0,0,0,0,0,0]*(-a3)
mercedes[0,0,0,1,0,0,0,0,-1,0,0,0]*(-a3)
mercedes[0,0,0,1,0,0,0,0,0,0,0,0]*(a3*eta)
mercedes[0,-1,0,0,1,0,0,0,0,0,0,0]*(a4)
mercedes[0,0,-1,0,1,0,0,0,0,0,0,0]*(a4)
mercedes[0,0,0,-1,1,0,0,0,0,0,0,0]*(a4)
mercedes[0,0,0,0,0,0,0,0,1,0,0,0]*(a8+2*a8*eta)
mercedes[0,0,0,0,1,-1,0,0,0,0,0,0]*(-a4)
mercedes[0,0,0,0,1,0,0,0,-1,0,0,0]*(-a4)
mercedes[0,0,0,0,1,0,0,0,0,0,0,0]*(a4+a4*eta)
mercedes[0,0,-1,0,0,1,0,0,0,0,0,0]*(a5)
mercedes[0,0,0,-1,0,1,0,0,0,0,0,0]*(a5)
mercedes[0,0,0,0,-1,1,0,0,0,0,0,0]*(a5)
mercedes[0,0,0,0,0,0,0,0,1,0,0,-1]*(-a8)
mercedes[0,0,0,0,0,1,0,0,-1,0,0,0]*(-a5)
mercedes[0,0,0,0,0,1,0,0,0,0,0,-1]*(a5)
mercedes[0,0,0,0,0,1,0,0,0,0,0,0]*(-2*a5)
mercedes[-1,0,0,0,0,0,0,1,0,0,0,0]*(a7)
mercedes[0,-1,0,0,0,0,0,1,0,0,0,0]*(a7)
mercedes[0,0,-1,0,0,0,0,1,0,0,0,0]*(a7)
mercedes[0,0,0,-1,0,0,0,1,0,0,0,0]*(a7)
mercedes[0,0,0,0,-1,0,0,1,0,0,0,0]*(a7)
mercedes[0,0,0,0,0,-1,0,1,0,0,0,0]*(-a7)
mercedes[0,0,0,0,0,0,0,1,-1,0,0,0]*(-a7)
mercedes[0,0,0,0,0,0,0,1,0,-1,0,0]*(-a7)
mercedes[0,0,0,0,0,0,0,1,0,0,0,0]*(2*a7+a7*eta)
mercedes[0,-1,0,0,0,0,0,0,1,0,0,0]*(2*a8)
mercedes[0,0,-1,0,0,0,0,0,1,0,0,0]*(a8)
mercedes[0,0,0,-1,0,0,0,0,1,0,0,0]*(a8)
mercedes[0,0,0,0,-1,0,0,0,1,0,0,0]*(a8)
mercedes[0,0,0,0,0,-1,0,0,1,0,0,0]*(-a8)

