mercedes[-1,0,0,0,0,0,0,0,0,0,1,0]*(a10)
mercedes[0,0,0,0,0,0,0,0,0,0,0,0]*(-a10+a4+a11-a5-a2+a9)
mercedes[0,0,0,-1,1,0,0,0,0,0,0,0]*(-a4)
mercedes[0,0,0,-1,0,1,0,0,0,0,0,0]*(2*a5)
mercedes[0,0,-1,0,0,0,0,0,0,0,0,1]*(2*a11)
mercedes[0,-1,1,0,0,0,0,0,0,0,0,0]*(a2)
mercedes[0,0,0,0,0,0,0,0,0,0,0,1]*(-3*a11*eta-a11)
mercedes[0,0,0,0,0,0,0,0,0,0,1,0]*(a10)
mercedes[0,0,0,0,0,1,0,0,0,0,0,0]*(2*a5*eta)
mercedes[0,0,0,0,0,1,0,0,-1,0,0,0]*(-a5)
mercedes[0,0,1,0,0,0,0,0,0,0,0,0]*(a2*eta)
mercedes[0,-1,0,0,0,0,0,0,0,0,0,1]*(-3*a11)
mercedes[0,0,0,0,0,0,0,0,0,1,0,0]*(-4*a9)
mercedes[-1,0,0,0,0,0,0,0,0,1,0,0]*(-3*a9)
mercedes[0,-1,0,0,0,1,0,0,0,0,0,0]*(2*a5)
mercedes[0,0,0,0,0,0,0,0,0,1,-1,0]*(2*a9)

