51 4
43 4
113 4
105 4
147 4
163 4
165 4
139 4
210 4
212 4
202 4
275 4
291 4
305 4
277 4
267 4
337 4
353 4
329 4
387 4
417 4
389 4
449 4
450 4
674 4
676 4
650 4
848 4
864 4
840 4
898 4
928 4
900 4
960 4
1136 4
1170 4
1186 4
1360 4
1410 4
2097 4
2089 4
2209 4
2256 4
2248 4
2337 4
2313 4
2433 4
2496 4
2720 4
3232 4
3456 4
55 5
59 5
47 5
115 5
117 5
107 5
121 5
109 5
179 5
151 5
167 5
181 5
155 5
171 5
143 5
173 5
211 5
227 5
241 5
242 5
213 5
214 5
229 5
244 5
203 5
218 5
233 5
234 5
205 5
206 5
220 5
307 5
279 5
295 5
309 5
283 5
299 5
313 5
271 5
285 5
339 5
355 5
369 5
341 5
357 5
331 5
345 5
361 5
333 5
403 5
419 5
433 5
391 5
405 5
421 5
395 5
425 5
397 5
451 5
465 5
466 5
481 5
482 5
496 5
453 5
454 5
468 5
457 5
458 5
563 5
555 5
625 5
626 5
617 5
618 5
659 5
675 5
690 5
677 5
678 5
692 5
651 5
666 5
682 5
654 5
684 5
722 5
738 5
724 5
740 5
714 5
744 5
716 5
787 5
803 5
817 5
789 5
779 5
849 5
850 5
865 5
866 5
880 5
852 5
868 5
841 5
842 5
856 5
872 5
844 5
899 5
914 5
929 5
930 5
944 5
901 5
902 5
916 5
932 5
906 5
936 5
908 5
961 5
962 5
976 5
992 5
964 5
968 5
1075 5
1067 5
1137 5
1138 5
1140 5
1129 5
1130 5
1144 5
1171 5
1187 5
1202 5
1174 5
1189 5
1190 5
1204 5
1163 5
1178 5
1194 5
1234 5
1250 5
1264 5
1236 5
1226 5
1299 5
1315 5
1329 5
1301 5
1291 5
1361 5
1362 5
1377 5
1378 5
1392 5
1364 5
1353 5
1354 5
1368 5
1411 5
1426 5
1441 5
1442 5
1456 5
1413 5
1414 5
1428 5
1418 5
1473 5
1474 5
1488 5
1586 5
1578 5
1648 5
1640 5
1682 5
1698 5
1700 5
1674 5
1810 5
1826 5
1840 5
1812 5
1802 5
1872 5
1888 5
1864 5
1922 5
1952 5
1924 5
1984 5
2099 5
2101 5
2091 5
2105 5
2093 5
2161 5
2153 5
2195 5
2211 5
2225 5
2197 5
2213 5
2187 5
2217 5
2189 5
2257 5
2258 5
2273 5
2288 5
2260 5
2249 5
2250 5
2264 5
2280 5
2252 5
2323 5
2339 5
2353 5
2325 5
2341 5
2315 5
2329 5
2345 5
2317 5
2385 5
2401 5
2377 5
2435 5
2449 5
2465 5
2437 5
2441 5
2497 5
2498 5
2512 5
2528 5
2500 5
2504 5
2609 5
2601 5
2672 5
2664 5
2721 5
2722 5
2736 5
2724 5
2698 5
2728 5
2700 5
2768 5
2784 5
2760 5
2849 5
2825 5
2896 5
2912 5
2888 5
2945 5
2946 5
2976 5
2948 5
2952 5
3008 5
3121 5
3113 5
3184 5
3176 5
3218 5
3233 5
3234 5
3248 5
3220 5
3236 5
3240 5
3280 5
3296 5
3272 5
3361 5
3337 5
3408 5
3424 5
3400 5
3457 5
3458 5
3472 5
3488 5
3460 5
3464 5
3520 5
3632 5
3624 5
3744 5
3872 5
3848 5
3968 5
63 6
119 6
123 6
111 6
125 6
183 6
187 6
159 6
175 6
189 6
243 6
215 6
231 6
245 6
246 6
219 6
235 6
249 6
250 6
207 6
221 6
222 6
237 6
238 6
252 6
311 6
315 6
287 6
303 6
317 6
371 6
343 6
359 6
373 6
347 6
363 6
377 6
335 6
349 6
365 6
435 6
407 6
423 6
437 6
411 6
427 6
441 6
399 6
413 6
429 6
467 6
483 6
497 6
498 6
455 6
469 6
470 6
485 6
486 6
500 6
459 6
473 6
474 6
489 6
490 6
504 6
461 6
462 6
476 6
567 6
571 6
559 6
627 6
629 6
630 6
619 6
633 6
634 6
621 6
622 6
691 6
663 6
679 6
693 6
694 6
667 6
683 6
698 6
655 6
670 6
685 6
686 6
700 6
723 6
739 6
753 6
754 6
725 6
726 6
741 6
742 6
756 6
715 6
730 6
745 6
746 6
760 6
717 6
718 6
732 6
748 6
819 6
791 6
807 6
821 6
795 6
811 6
825 6
783 6
797 6
851 6
867 6
881 6
882 6
853 6
854 6
869 6
870 6
884 6
843 6
857 6
858 6
873 6
874 6
888 6
845 6
846 6
860 6
876 6
915 6
931 6
945 6
946 6
903 6
917 6
918 6
933 6
934 6
948 6
907 6
922 6
937 6
938 6
952 6
909 6
910 6
924 6
940 6
963 6
977 6
978 6
993 6
994 6
1008 6
965 6
966 6
980 6
996 6
969 6
970 6
984 6
1000 6
972 6
1079 6
1083 6
1071 6
1139 6
1141 6
1142 6
1131 6
1145 6
1146 6
1133 6
1134 6
1148 6
1203 6
1175 6
1191 6
1205 6
1206 6
1179 6
1195 6
1210 6
1167 6
1182 6
1197 6
1198 6
1212 6
1235 6
1251 6
1265 6
1266 6
1237 6
1238 6
1253 6
1254 6
1268 6
1227 6
1242 6
1257 6
1258 6
1272 6
1229 6
1230 6
1244 6
1331 6
1303 6
1319 6
1333 6
1307 6
1323 6
1337 6
1295 6
1309 6
1363 6
1379 6
1393 6
1394 6
1365 6
1366 6
1381 6
1382 6
1396 6
1355 6
1369 6
1370 6
1385 6
1386 6
1400 6
1357 6
1358 6
1372 6
1427 6
1443 6
1457 6
1458 6
1415 6
1429 6
1430 6
1445 6
1446 6
1460 6
1419 6
1434 6
1449 6
1450 6
1464 6
1421 6
1422 6
1436 6
1475 6
1489 6
1490 6
1505 6
1506 6
1520 6
1477 6
1478 6
1492 6
1481 6
1482 6
1496 6
1587 6
1590 6
1579 6
1594 6
1582 6
1649 6
1650 6
1652 6
1641 6
1642 6
1656 6
1644 6
1683 6
1699 6
1714 6
1686 6
1701 6
1702 6
1716 6
1675 6
1690 6
1706 6
1678 6
1708 6
1746 6
1762 6
1776 6
1748 6
1764 6
1738 6
1768 6
1740 6
1811 6
1827 6
1841 6
1842 6
1813 6
1814 6
1830 6
1844 6
1803 6
1818 6
1834 6
1848 6
1806 6
1820 6
1873 6
1874 6
1889 6
1890 6
1904 6
1876 6
1892 6
1865 6
1866 6
1880 6
1896 6
1868 6
1923 6
1938 6
1953 6
1954 6
1968 6
1925 6
1926 6
1940 6
1956 6
1930 6
1960 6
1932 6
1985 6
1986 6
2000 6
2016 6
1988 6
1992 6
2103 6
2107 6
2095 6
2109 6
2163 6
2165 6
2155 6
2169 6
2157 6
2227 6
2199 6
2215 6
2229 6
2203 6
2219 6
2233 6
2191 6
2205 6
2221 6
2259 6
2275 6
2289 6
2290 6
2261 6
2262 6
2277 6
2292 6
2251 6
2265 6
2266 6
2281 6
2282 6
2296 6
2253 6
2254 6
2268 6
2284 6
2355 6
2327 6
2343 6
2357 6
2331 6
2347 6
2361 6
2319 6
2333 6
2349 6
2387 6
2403 6
2417 6
2389 6
2405 6
2379 6
2393 6
2409 6
2381 6
2451 6
2467 6
2481 6
2439 6
2453 6
2469 6
2443 6
2457 6
2473 6
2445 6
2499 6
2513 6
2514 6
2529 6
2530 6
2544 6
2501 6
2502 6
2516 6
2532 6
2505 6
2506 6
2520 6
2536 6
2508 6
2611 6
2613 6
2603 6
2617 6
2605 6
2673 6
2674 6
2676 6
2665 6
2666 6
2680 6
2668 6
2707 6
2723 6
2737 6
2738 6
2709 6
2725 6
2726 6
2740 6
2699 6
2714 6
2729 6
2730 6
2744 6
2701 6
2702 6
2716 6
2732 6
2769 6
2770 6
2785 6
2786 6
2800 6
2772 6
2788 6
2761 6
2762 6
2776 6
2792 6
2764 6
2835 6
2851 6
2865 6
2837 6
2853 6
2827 6
2841 6
2857 6
2829 6
2897 6
2898 6
2913 6
2914 6
2928 6
2900 6
2916 6
2889 6
2890 6
2904 6
2920 6
2892 6
2947 6
2961 6
2962 6
2977 6
2978 6
2992 6
2949 6
2950 6
2964 6
2980 6
2953 6
2954 6
2968 6
2984 6
2956 6
3009 6
3010 6
3024 6
3040 6
3012 6
3016 6
3123 6
3125 6
3115 6
3129 6
3117 6
3185 6
3186 6
3188 6
3177 6
3178 6
3192 6
3180 6
3219 6
3235 6
3249 6
3250 6
3221 6
3222 6
3237 6
3238 6
3252 6
3211 6
3226 6
3241 6
3242 6
3256 6
3213 6
3228 6
3244 6
3281 6
3282 6
3297 6
3298 6
3312 6
3284 6
3300 6
3273 6
3274 6
3288 6
3304 6
3276 6
3347 6
3363 6
3377 6
3349 6
3365 6
3339 6
3353 6
3369 6
3341 6
3409 6
3410 6
3425 6
3426 6
3440 6
3412 6
3428 6
3401 6
3402 6
3416 6
3432 6
3404 6
3459 6
3473 6
3474 6
3489 6
3490 6
3504 6
3461 6
3462 6
3476 6
3492 6
3465 6
3466 6
3480 6
3496 6
3468 6
3521 6
3522 6
3536 6
3552 6
3524 6
3528 6
3633 6
3634 6
3636 6
3625 6
3626 6
3640 6
3628 6
3696 6
3688 6
3730 6
3745 6
3746 6
3760 6
3732 6
3748 6
3722 6
3752 6
3724 6
3792 6
3808 6
3784 6
3858 6
3873 6
3874 6
3888 6
3860 6
3876 6
3849 6
3850 6
3864 6
3880 6
3852 6
3920 6
3936 6
3912 6
3969 6
3970 6
3984 6
4000 6
3972 6
3976 6
4032 6
127 7
191 7
247 7
251 7
223 7
239 7
253 7
254 7
319 7
375 7
379 7
351 7
367 7
381 7
439 7
443 7
415 7
431 7
445 7
499 7
471 7
487 7
501 7
502 7
475 7
491 7
505 7
506 7
463 7
477 7
478 7
493 7
494 7
508 7
575 7
631 7
635 7
623 7
637 7
638 7
695 7
699 7
671 7
687 7
701 7
702 7
755 7
727 7
743 7
757 7
758 7
731 7
747 7
761 7
762 7
719 7
733 7
734 7
749 7
750 7
764 7
823 7
827 7
799 7
815 7
829 7
883 7
855 7
871 7
885 7
886 7
859 7
875 7
889 7
890 7
847 7
861 7
862 7
877 7
878 7
892 7
947 7
919 7
935 7
949 7
950 7
923 7
939 7
953 7
954 7
911 7
925 7
926 7
941 7
942 7
956 7
979 7
995 7
1009 7
1010 7
967 7
981 7
982 7
997 7
998 7
1012 7
971 7
985 7
986 7
1001 7
1002 7
1016 7
973 7
974 7
988 7
1004 7
1087 7
1143 7
1147 7
1135 7
1149 7
1150 7
1207 7
1211 7
1183 7
1199 7
1213 7
1214 7
1267 7
1239 7
1255 7
1269 7
1270 7
1243 7
1259 7
1273 7
1274 7
1231 7
1245 7
1246 7
1261 7
1262 7
1276 7
1335 7
1339 7
1311 7
1327 7
1341 7
1395 7
1367 7
1383 7
1397 7
1398 7
1371 7
1387 7
1401 7
1402 7
1359 7
1373 7
1374 7
1389 7
1390 7
1404 7
1459 7
1431 7
1447 7
1461 7
1462 7
1435 7
1451 7
1465 7
1466 7
1423 7
1437 7
1438 7
1453 7
1454 7
1468 7
1491 7
1507 7
1521 7
1522 7
1479 7
1493 7
1494 7
1509 7
1510 7
1524 7
1483 7
1497 7
1498 7
1513 7
1514 7
1528 7
1485 7
1486 7
1500 7
1591 7
1595 7
1583 7
1598 7
1651 7
1653 7
1654 7
1643 7
1657 7
1658 7
1645 7
1646 7
1660 7
1715 7
1687 7
1703 7
1717 7
1718 7
1691 7
1707 7
1722 7
1679 7
1694 7
1709 7
1710 7
1724 7
1747 7
1763 7
1777 7
1778 7
1749 7
1750 7
1765 7
1766 7
1780 7
1739 7
1754 7
1769 7
1770 7
1784 7
1741 7
1742 7
1756 7
1772 7
1843 7
1815 7
1831 7
1845 7
1846 7
1819 7
1835 7
1849 7
1850 7
1807 7
1821 7
1822 7
1838 7
1852 7
1875 7
1891 7
1905 7
1906 7
1877 7
1878 7
1893 7
1894 7
1908 7
1867 7
1881 7
1882 7
1897 7
1898 7
1912 7
1869 7
1870 7
1884 7
1900 7
1939 7
1955 7
1969 7
1970 7
1927 7
1941 7
1942 7
1957 7
1958 7
1972 7
1931 7
1946 7
1961 7
1962 7
1976 7
1933 7
1934 7
1948 7
1964 7
1987 7
2001 7
2002 7
2017 7
2018 7
2032 7
1989 7
1990 7
2004 7
2020 7
1993 7
1994 7
2008 7
2024 7
1996 7
2111 7
2167 7
2171 7
2159 7
2173 7
2231 7
2235 7
2207 7
2223 7
2237 7
2291 7
2263 7
2279 7
2293 7
2294 7
2267 7
2283 7
2297 7
2298 7
2255 7
2269 7
2270 7
2285 7
2286 7
2300 7
2359 7
2363 7
2335 7
2351 7
2365 7
2419 7
2391 7
2407 7
2421 7
2395 7
2411 7
2425 7
2383 7
2397 7
2413 7
2483 7
2455 7
2471 7
2485 7
2459 7
2475 7
2489 7
2447 7
2461 7
2477 7
2515 7
2531 7
2545 7
2546 7
2503 7
2517 7
2518 7
2533 7
2534 7
2548 7
2507 7
2521 7
2522 7
2537 7
2538 7
2552 7
2509 7
2510 7
2524 7
2540 7
2615 7
2619 7
2607 7
2621 7
2675 7
2677 7
2678 7
2667 7
2681 7
2682 7
2669 7
2670 7
2684 7
2739 7
2711 7
2727 7
2741 7
2742 7
2715 7
2731 7
2745 7
2746 7
2703 7
2717 7
2718 7
2733 7
2734 7
2748 7
2771 7
2787 7
2801 7
2802 7
2773 7
2774 7
2789 7
2790 7
2804 7
2763 7
2777 7
2778 7
2793 7
2794 7
2808 7
2765 7
2766 7
2780 7
2796 7
2867 7
2839 7
2855 7
2869 7
2843 7
2859 7
2873 7
2831 7
2845 7
2861 7
2899 7
2915 7
2929 7
2930 7
2901 7
2902 7
2917 7
2918 7
2932 7
2891 7
2905 7
2906 7
2921 7
2922 7
2936 7
2893 7
2894 7
2908 7
2924 7
2963 7
2979 7
2993 7
2994 7
2951 7
2965 7
2966 7
2981 7
2982 7
2996 7
2955 7
2969 7
2970 7
2985 7
2986 7
3000 7
2957 7
2958 7
2972 7
2988 7
3011 7
3025 7
3026 7
3041 7
3042 7
3056 7
3013 7
3014 7
3028 7
3044 7
3017 7
3018 7
3032 7
3048 7
3020 7
3127 7
3131 7
3119 7
3133 7
3187 7
3189 7
3190 7
3179 7
3193 7
3194 7
3181 7
3182 7
3196 7
3251 7
3223 7
3239 7
3253 7
3254 7
3227 7
3243 7
3257 7
3258 7
3215 7
3229 7
3230 7
3245 7
3246 7
3260 7
3283 7
3299 7
3313 7
3314 7
3285 7
3286 7
3301 7
3302 7
3316 7
3275 7
3289 7
3290 7
3305 7
3306 7
3320 7
3277 7
3278 7
3292 7
3308 7
3379 7
3351 7
3367 7
3381 7
3355 7
3371 7
3385 7
3343 7
3357 7
3373 7
3411 7
3427 7
3441 7
3442 7
3413 7
3414 7
3429 7
3430 7
3444 7
3403 7
3417 7
3418 7
3433 7
3434 7
3448 7
3405 7
3406 7
3420 7
3436 7
3475 7
3491 7
3505 7
3506 7
3463 7
3477 7
3478 7
3493 7
3494 7
3508 7
3467 7
3481 7
3482 7
3497 7
3498 7
3512 7
3469 7
3470 7
3484 7
3500 7
3523 7
3537 7
3538 7
3553 7
3554 7
3568 7
3525 7
3526 7
3540 7
3556 7
3529 7
3530 7
3544 7
3560 7
3532 7
3635 7
3637 7
3638 7
3627 7
3641 7
3642 7
3629 7
3630 7
3644 7
3697 7
3698 7
3700 7
3689 7
3690 7
3704 7
3692 7
3731 7
3747 7
3761 7
3762 7
3733 7
3734 7
3749 7
3750 7
3764 7
3723 7
3738 7
3753 7
3754 7
3768 7
3725 7
3726 7
3740 7
3756 7
3793 7
3794 7
3809 7
3810 7
3824 7
3796 7
3812 7
3785 7
3786 7
3800 7
3816 7
3788 7
3859 7
3875 7
3889 7
3890 7
3861 7
3862 7
3877 7
3878 7
3892 7
3851 7
3865 7
3866 7
3881 7
3882 7
3896 7
3853 7
3854 7
3868 7
3884 7
3921 7
3922 7
3937 7
3938 7
3952 7
3924 7
3940 7
3913 7
3914 7
3928 7
3944 7
3916 7
3971 7
3985 7
3986 7
4001 7
4002 7
4016 7
3973 7
3974 7
3988 7
4004 7
3977 7
3978 7
3992 7
4008 7
3980 7
4033 7
4034 7
4048 7
4064 7
4036 7
4040 7
255 8
383 8
447 8
503 8
507 8
479 8
495 8
509 8
510 8
639 8
703 8
759 8
763 8
735 8
751 8
765 8
766 8
831 8
887 8
891 8
863 8
879 8
893 8
894 8
951 8
955 8
927 8
943 8
957 8
958 8
1011 8
983 8
999 8
1013 8
1014 8
987 8
1003 8
1017 8
1018 8
975 8
989 8
990 8
1005 8
1006 8
1020 8
1151 8
1215 8
1271 8
1275 8
1247 8
1263 8
1277 8
1278 8
1343 8
1399 8
1403 8
1375 8
1391 8
1405 8
1406 8
1463 8
1467 8
1439 8
1455 8
1469 8
1470 8
1523 8
1495 8
1511 8
1525 8
1526 8
1499 8
1515 8
1529 8
1530 8
1487 8
1501 8
1502 8
1517 8
1518 8
1532 8
1599 8
1655 8
1659 8
1647 8
1661 8
1662 8
1719 8
1723 8
1695 8
1711 8
1725 8
1726 8
1779 8
1751 8
1767 8
1781 8
1782 8
1755 8
1771 8
1785 8
1786 8
1743 8
1757 8
1758 8
1773 8
1774 8
1788 8
1847 8
1851 8
1823 8
1839 8
1853 8
1854 8
1907 8
1879 8
1895 8
1909 8
1910 8
1883 8
1899 8
1913 8
1914 8
1871 8
1885 8
1886 8
1901 8
1902 8
1916 8
1971 8
1943 8
1959 8
1973 8
1974 8
1947 8
1963 8
1977 8
1978 8
1935 8
1949 8
1950 8
1965 8
1966 8
1980 8
2003 8
2019 8
2033 8
2034 8
1991 8
2005 8
2006 8
2021 8
2022 8
2036 8
1995 8
2009 8
2010 8
2025 8
2026 8
2040 8
1997 8
1998 8
2012 8
2028 8
2175 8
2239 8
2295 8
2299 8
2271 8
2287 8
2301 8
2302 8
2367 8
2423 8
2427 8
2399 8
2415 8
2429 8
2487 8
2491 8
2463 8
2479 8
2493 8
2547 8
2519 8
2535 8
2549 8
2550 8
2523 8
2539 8
2553 8
2554 8
2511 8
2525 8
2526 8
2541 8
2542 8
2556 8
2623 8
2679 8
2683 8
2671 8
2685 8
2686 8
2743 8
2747 8
2719 8
2735 8
2749 8
2750 8
2803 8
2775 8
2791 8
2805 8
2806 8
2779 8
2795 8
2809 8
2810 8
2767 8
2781 8
2782 8
2797 8
2798 8
2812 8
2871 8
2875 8
2847 8
2863 8
2877 8
2931 8
2903 8
2919 8
2933 8
2934 8
2907 8
2923 8
2937 8
2938 8
2895 8
2909 8
2910 8
2925 8
2926 8
2940 8
2995 8
2967 8
2983 8
2997 8
2998 8
2971 8
2987 8
3001 8
3002 8
2959 8
2973 8
2974 8
2989 8
2990 8
3004 8
3027 8
3043 8
3057 8
3058 8
3015 8
3029 8
3030 8
3045 8
3046 8
3060 8
3019 8
3033 8
3034 8
3049 8
3050 8
3064 8
3021 8
3022 8
3036 8
3052 8
3135 8
3191 8
3195 8
3183 8
3197 8
3198 8
3255 8
3259 8
3231 8
3247 8
3261 8
3262 8
3315 8
3287 8
3303 8
3317 8
3318 8
3291 8
3307 8
3321 8
3322 8
3279 8
3293 8
3294 8
3309 8
3310 8
3324 8
3383 8
3387 8
3359 8
3375 8
3389 8
3443 8
3415 8
3431 8
3445 8
3446 8
3419 8
3435 8
3449 8
3450 8
3407 8
3421 8
3422 8
3437 8
3438 8
3452 8
3507 8
3479 8
3495 8
3509 8
3510 8
3483 8
3499 8
3513 8
3514 8
3471 8
3485 8
3486 8
3501 8
3502 8
3516 8
3539 8
3555 8
3569 8
3570 8
3527 8
3541 8
3542 8
3557 8
3558 8
3572 8
3531 8
3545 8
3546 8
3561 8
3562 8
3576 8
3533 8
3534 8
3548 8
3564 8
3639 8
3643 8
3631 8
3645 8
3646 8
3699 8
3701 8
3702 8
3691 8
3705 8
3706 8
3693 8
3694 8
3708 8
3763 8
3735 8
3751 8
3765 8
3766 8
3739 8
3755 8
3769 8
3770 8
3727 8
3741 8
3742 8
3757 8
3758 8
3772 8
3795 8
3811 8
3825 8
3826 8
3797 8
3798 8
3813 8
3814 8
3828 8
3787 8
3801 8
3802 8
3817 8
3818 8
3832 8
3789 8
3790 8
3804 8
3820 8
3891 8
3863 8
3879 8
3893 8
3894 8
3867 8
3883 8
3897 8
3898 8
3855 8
3869 8
3870 8
3885 8
3886 8
3900 8
3923 8
3939 8
3953 8
3954 8
3925 8
3926 8
3941 8
3942 8
3956 8
3915 8
3929 8
3930 8
3945 8
3946 8
3960 8
3917 8
3918 8
3932 8
3948 8
3987 8
4003 8
4017 8
4018 8
3975 8
3989 8
3990 8
4005 8
4006 8
4020 8
3979 8
3993 8
3994 8
4009 8
4010 8
4024 8
3981 8
3982 8
3996 8
4012 8
4035 8
4049 8
4050 8
4065 8
4066 8
4080 8
4037 8
4038 8
4052 8
4068 8
4041 8
4042 8
4056 8
4072 8
4044 8
511 9
767 9
895 9
959 9
1015 9
1019 9
991 9
1007 9
1021 9
1022 9
1279 9
1407 9
1471 9
1527 9
1531 9
1503 9
1519 9
1533 9
1534 9
1663 9
1727 9
1783 9
1787 9
1759 9
1775 9
1789 9
1790 9
1855 9
1911 9
1915 9
1887 9
1903 9
1917 9
1918 9
1975 9
1979 9
1951 9
1967 9
1981 9
1982 9
2035 9
2007 9
2023 9
2037 9
2038 9
2011 9
2027 9
2041 9
2042 9
1999 9
2013 9
2014 9
2029 9
2030 9
2044 9
2303 9
2431 9
2495 9
2551 9
2555 9
2527 9
2543 9
2557 9
2558 9
2687 9
2751 9
2807 9
2811 9
2783 9
2799 9
2813 9
2814 9
2879 9
2935 9
2939 9
2911 9
2927 9
2941 9
2942 9
2999 9
3003 9
2975 9
2991 9
3005 9
3006 9
3059 9
3031 9
3047 9
3061 9
3062 9
3035 9
3051 9
3065 9
3066 9
3023 9
3037 9
3038 9
3053 9
3054 9
3068 9
3199 9
3263 9
3319 9
3323 9
3295 9
3311 9
3325 9
3326 9
3391 9
3447 9
3451 9
3423 9
3439 9
3453 9
3454 9
3511 9
3515 9
3487 9
3503 9
3517 9
3518 9
3571 9
3543 9
3559 9
3573 9
3574 9
3547 9
3563 9
3577 9
3578 9
3535 9
3549 9
3550 9
3565 9
3566 9
3580 9
3647 9
3703 9
3707 9
3695 9
3709 9
3710 9
3767 9
3771 9
3743 9
3759 9
3773 9
3774 9
3827 9
3799 9
3815 9
3829 9
3830 9
3803 9
3819 9
3833 9
3834 9
3791 9
3805 9
3806 9
3821 9
3822 9
3836 9
3895 9
3899 9
3871 9
3887 9
3901 9
3902 9
3955 9
3927 9
3943 9
3957 9
3958 9
3931 9
3947 9
3961 9
3962 9
3919 9
3933 9
3934 9
3949 9
3950 9
3964 9
4019 9
3991 9
4007 9
4021 9
4022 9
3995 9
4011 9
4025 9
4026 9
3983 9
3997 9
3998 9
4013 9
4014 9
4028 9
4051 9
4067 9
4081 9
4082 9
4039 9
4053 9
4054 9
4069 9
4070 9
4084 9
4043 9
4057 9
4058 9
4073 9
4074 9
4088 9
4045 9
4046 9
4060 9
4076 9
1023 10
1535 10
1791 10
1919 10
1983 10
2039 10
2043 10
2015 10
2031 10
2045 10
2046 10
2559 10
2815 10
2943 10
3007 10
3063 10
3067 10
3039 10
3055 10
3069 10
3070 10
3327 10
3455 10
3519 10
3575 10
3579 10
3551 10
3567 10
3581 10
3582 10
3711 10
3775 10
3831 10
3835 10
3807 10
3823 10
3837 10
3838 10
3903 10
3959 10
3963 10
3935 10
3951 10
3965 10
3966 10
4023 10
4027 10
3999 10
4015 10
4029 10
4030 10
4083 10
4055 10
4071 10
4085 10
4086 10
4059 10
4075 10
4089 10
4090 10
4047 10
4061 10
4062 10
4077 10
4078 10
4092 10
2047 11
3071 11
3583 11
3839 11
3967 11
4031 11
4087 11
4091 11
4063 11
4079 11
4093 11
4094 11
4095 12
