500 9684032029097152897 1 6
5 6 4 2 7 8 

504 14029391078030801790 1 6
5 6 4 3 7 8 

498 11576132848662583868 1 6
4 5 6 7 1 8 

497 5759133088121733338 1 6
4 5 6 0 7 8 

492 9371728400009995370 1 6
6 5 3 2 8 7 

486 10253133350251564826 1 6
2 5 6 1 7 8 

485 7039502384837780287 1 6
2 6 5 0 8 7 

490 18441178261630737327 1 6
3 6 5 8 7 1 

489 3099945192206314102 1 6
3 6 5 0 8 7 

483 2181962771972861473 2 6
5 6 0 1 7 8 
6 5 0 1 7 8 

470 117049532719274587 1 6
6 4 2 7 1 8 

476 5033986967411442106 1 6
6 8 7 4 3 2 

469 10848648787639236415 1 6
6 4 2 0 8 7 

474 8769650945097628028 1 6
6 4 3 8 7 1 

473 5263466873133831383 1 6
6 4 3 0 8 7 

462 5212767526604724878 1 6
6 3 2 8 7 1 

467 6248268129177701844 1 6
4 6 0 7 1 8 

461 3939193785178288617 1 6
6 3 2 0 8 7 

455 14063423724529417492 1 6
2 6 0 7 1 8 

459 12129275744581810057 2 6
3 6 0 8 7 1 
6 3 0 8 7 1 

444 4011027895724011438 1 6
5 7 8 4 3 2 

438 13642489813763672739 1 6
5 4 2 7 1 8 

437 4726193875913163415 1 6
5 4 2 0 7 8 

442 3379015653345129917 1 6
5 4 3 7 1 8 

441 2991407265397074718 1 6
5 4 3 0 7 8 

435 18236453188574730886 1 6
4 5 0 7 1 8 

430 9317789056420999728 1 6
5 3 2 7 1 8 

429 3549720851122241001 1 6
5 3 2 0 7 8 

423 12416634589274614061 1 6
2 5 0 1 7 8 

427 8345404029737073525 2 6
3 5 0 7 1 8 
5 3 0 7 1 8 

414 3340835756141420157 1 6
4 2 3 1 7 8 

413 1376501400201249507 2 6
4 2 3 0 7 8 
4 2 3 0 8 7 

407 7876343643010785747 1 6
4 2 0 1 7 8 

411 8708064433960984980 1 6
4 3 0 1 7 8 

380 1254435786490794016 1 6
8 6 5 4 3 2 

374 1514368911474378398 1 6
5 6 4 2 1 8 

399 11891223920404677722 1 6
2 3 0 1 7 8 

373 12586586963659746619 1 6
6 5 0 8 4 2 

378 3001717181928009145 1 6
6 5 4 3 8 1 

371 7179341853739669064 2 6
4 5 6 0 1 8 
4 6 5 0 8 1 

377 13702563814425336927 1 6
6 5 0 8 4 3 

366 1023657644147555291 1 6
6 5 3 2 8 1 

365 9282674132631567841 1 6
6 5 0 8 3 2 

359 9383502869114247009 1 6
2 5 6 0 1 8 

363 14942505778998425332 1 6
3 6 5 0 8 1 

350 12527823310687724922 1 6
6 8 1 4 3 2 

349 258424305438879700 1 6
6 0 8 4 3 2 

343 17902182291672095954 1 6
6 4 2 0 8 1 

347 2848437991697240309 1 6
6 4 3 0 8 1 

335 577372694190614076 1 6
6 3 2 0 8 1 

318 6946336684650070385 1 6
5 1 8 4 2 3 

311 16316834203833265452 1 6
5 4 2 0 1 8 

317 18303667428432419106 1 6
5 0 8 4 2 3 

303 15696188193240146886 1 6
5 2 3 0 1 8 

315 16756137777368344573 1 6
5 4 3 0 8 1 

252 2802379361156538763 1 6
7 5 6 4 3 2 

287 17989246624736345831 2 6
4 2 3 0 1 8 
4 2 3 0 8 1 

246 15676196687756346963 1 6
5 6 4 2 7 1 

245 14387129683656885266 1 6
5 6 4 2 0 7 

249 4031389601513504878 1 6
5 6 4 3 0 7 

250 18248356975673872922 1 6
5 6 4 3 7 1 

238 4730502684117860264 1 6
5 6 7 1 3 2 

237 6653077757233605459 1 6
5 6 0 7 3 2 

243 8432392860896242365 1 6
4 5 6 0 7 1 

231 1387888210211854599 1 6
2 5 6 0 1 7 

222 15280926505447573174 1 6
6 7 1 4 2 3 

221 580310045971651669 1 6
6 0 7 4 2 3 

235 9762315288916528668 1 6
3 5 6 0 7 1 

215 11139343246920652991 1 6
6 4 2 0 7 1 

219 4083165153539258127 1 6
6 4 3 0 7 1 

190 16792211328196222585 1 6
5 7 1 4 3 2 

207 3779192153268417410 1 6
6 2 3 0 7 1 

189 6672608468989095302 1 6
5 0 7 4 3 2 

183 13878318818808122144 1 6
5 4 2 0 7 1 

175 4242328075068515468 1 6
5 3 2 0 7 1 

187 18364085304369801951 1 6
5 4 3 0 7 1 

125 16328445356435743276 2 6
0 5 6 4 2 3 
0 6 5 4 2 3 

159 9391942456407063363 2 6
4 2 3 0 1 7 
4 2 3 0 7 1 

119 12329776711724879862 1 6
5 6 0 1 4 2 

126 11602638669170818414 1 6
1 5 6 4 2 3 

111 12535759758661473046 1 6
5 6 0 1 2 3 

123 857788700436314947 1 6
6 5 0 1 4 3 

95 6629206314096087634 1 6
6 0 1 4 2 3 

63 14791829482140464700 1 6
5 0 1 4 2 3 

496 3279351965773113846 1 5
4 5 6 7 8 

484 16245803227715113936 1 5
2 6 5 8 7 

488 16990069662827405584 1 5
3 6 5 8 7 

482 10003363766066939319 2 5
5 6 1 7 8 
6 5 1 7 8 

481 18360351758154396682 4 5
5 6 0 7 8 
5 6 0 8 7 
6 5 0 7 8 
6 5 0 8 7 

468 7588023418182439983 1 5
6 4 2 8 7 

472 2569383802085552287 1 5
6 4 3 8 7 

466 5865648677003046637 1 5
4 6 7 1 8 

465 6692525575165568178 1 5
4 6 0 7 8 

460 7415367527599738202 1 5
6 3 2 8 7 

454 4810430565595901668 1 5
2 6 7 1 8 

458 8568392270807121372 2 5
3 6 8 7 1 
6 3 8 7 1 

453 5051256342186855588 1 5
2 6 0 8 7 

457 4643913384819275632 2 5
3 6 0 8 7 
6 3 0 8 7 

436 10397543436823771972 1 5
5 4 2 7 8 

440 13475630103291284317 1 5
5 4 3 7 8 

434 6390567556443487704 1 5
4 5 7 1 8 

428 3608221239888510226 1 5
5 3 2 7 8 

422 837240307092095440 1 5
2 5 1 7 8 

433 7659084670414255243 1 5
4 5 0 7 8 

426 8219797171344022969 2 5
3 5 7 1 8 
5 3 7 1 8 

306 6715984003799477414 1 4
4 5 8 1 

49 17034127061060784930 2 3
0 4 5 
4 0 5 

294 15705872623044317197 1 4
2 5 1 8 

37 365950895112199912 1 3
0 2 5 

298 4203977922869772278 2 4
3 5 8 1 
5 3 8 1 

41 10706753935364593016 2 3
0 3 5 
0 5 3 

278 6747915095670240600 2 4
4 2 1 8 
4 2 8 1 

21 17107081108745141754 1 3
0 4 2 

282 10083773938285380914 2 4
4 3 1 8 
4 3 8 1 

25 11149028268085365730 1 3
0 4 3 

270 15097445315580746232 2 4
2 3 1 8 
2 3 8 1 

13 4070130591350275775 1 3
0 2 3 

263 1468505418982855792 2 4
2 0 1 8 
2 0 8 1 

149 4925474494825886809 1 4
4 2 0 7 

406 4121739264081517920 1 5
4 2 1 7 8 

153 15406660600063173003 2 4
0 7 4 3 
4 3 0 7 

410 6089213516061521075 1 5
4 3 1 7 8 

141 7446557636666954436 1 4
0 7 2 3 

398 14550683756590236393 1 5
2 3 1 7 8 

116 3002894134128304086 2 4
5 6 4 2 
6 5 4 2 

120 8370605069443973321 2 4
5 6 4 3 
6 5 4 3 

114 2974034241685862189 1 4
4 1 6 5 

108 11553649895370191127 2 4
5 6 2 3 
6 5 2 3 

240 14723623575890196320 1 4
4 7 5 6 

113 12049033621978538171 2 4
0 4 5 6 
0 4 6 5 

370 13288409680962758449 2 5
4 5 6 1 8 
4 6 5 8 1 

102 7109039831554383088 1 4
2 1 5 6 

228 1312945561984332145 1 4
2 7 5 6 

101 7492308586370109033 2 4
0 2 5 6 
0 2 6 5 

358 919868848498802116 1 5
2 5 6 1 8 

106 15183985570863556182 2 4
1 3 6 5 
3 1 6 5 

86 8963446372276582949 2 4
1 6 4 2 
6 1 4 2 

232 4247939009769351187 2 4
3 7 5 6 
7 3 5 6 

105 5319217811757418118 2 4
0 3 5 6 
0 3 6 5 

362 11420930645251342159 1 5
3 6 5 8 1 

226 11197286858225558775 4 4
5 6 1 7 
5 6 7 1 
6 5 1 7 
6 5 7 1 

99 2590347168206459124 2 4
5 6 0 1 
6 5 0 1 

356 14105867764648075506 1 4
2 8 6 5 

212 9750027230564424401 2 4
6 7 4 2 
7 6 4 2 

85 59445330469268071 1 4
0 6 4 2 

342 6819858429227394024 1 5
6 4 2 8 1 

90 6436561202648490140 2 4
1 6 4 3 
6 1 4 3 

78 14039392737018186028 2 4
1 6 2 3 
6 1 2 3 

216 3656293589500805796 2 4
6 7 4 3 
7 6 4 3 

89 10678243750605623333 1 4
0 6 4 3 

346 11192765136232413617 1 5
6 4 3 8 1 

210 14966590157583354970 1 4
4 6 7 1 

83 11066489244232509742 1 4
4 6 0 1 

340 15775131437986770132 2 4
6 8 4 2 
8 6 4 2 

54 6474167046508206277 2 4
1 5 4 2 
5 1 4 2 

204 17173052846352309766 2 4
6 7 2 3 
7 6 2 3 

77 10308740449977717897 1 4
0 6 2 3 

334 4404317804567162103 1 5
6 3 2 8 1 

198 11698335485273091529 1 4
2 6 7 1 

71 10344859845301200336 1 4
2 6 0 1 

328 13119232308241019096 6 3
3 6 8 
3 8 6 
6 3 8 
6 8 3 
8 6 3 
8 3 6 

180 7719671962317029844 2 4
5 7 4 2 
7 5 4 2 

53 59445330469268071 1 4
0 5 4 2 

310 17927571673753565428 1 5
5 4 2 1 8 

145 11149028268085365730 1 3
4 0 7 

402 15236505058129304159 1 4
4 1 7 8 

281 15406660600063173003 2 4
0 8 4 3 
4 3 0 8 

154 5212208834225348329 2 4
4 3 1 7 
4 3 7 1 

27 15406660600063173003 2 4
0 1 4 3 
4 3 0 1 

329 6534630873780932037 2 4
3 6 0 8 
6 3 0 8 

202 7978115995136584964 2 4
3 6 7 1 
6 3 7 1 

75 17551861176896189898 2 4
3 6 0 1 
6 3 0 1 

332 979740011192340858 2 4
6 8 3 2 
8 6 3 2 

147 5215022540671273095 2 4
4 0 1 7 
4 0 7 1 

404 12520958291811926180 2 4
4 2 7 8 
4 2 8 7 

274 17258787824257198352 2 3
4 1 8 
4 8 1 

17 17087753756477223945 2 2
0 4 
4 0 

277 4925474494825886809 1 4
4 2 0 8 

150 17412844559048322563 2 4
4 2 1 7 
4 2 7 1 

23 4925474494825886809 1 4
4 2 0 1 

133 3452836694390216900 1 3
2 0 7 

390 15451852832272604736 1 4
2 1 7 8 

269 7446557636666954436 1 4
0 8 2 3 

142 7258163778130291531 2 4
1 7 2 3 
7 1 2 3 

15 7446557636666954436 1 4
0 1 2 3 

293 8963940789032925407 1 4
2 5 0 8 

166 7259346301183763528 1 4
2 5 1 7 

39 2063497240527521772 1 4
2 5 0 1 

296 1780203312458342186 6 3
3 5 8 
3 8 5 
5 3 8 
5 8 3 
8 5 3 
8 3 5 

104 11283220846380389061 2 3
3 5 6 
3 6 5 

361 17283828241110858853 1 5
3 6 5 0 8 

172 12225443821763890661 2 4
5 7 3 2 
7 5 3 2 

45 10308740449977717897 1 4
0 5 2 3 

302 8057735663463947765 1 5
5 2 3 1 8 

5 14348962063608867451 1 2
0 2 

262 16855916945314738306 2 3
2 1 8 
2 8 1 

300 2885665795636376475 2 4
5 8 2 3 
8 5 2 3 

43 6925972535638963533 2 4
3 5 0 1 
5 3 0 1 

46 10591708912350089027 2 4
1 5 2 3 
5 1 2 3 

69 365950895112199912 1 3
0 2 6 

326 4888159042926140977 1 4
2 6 8 1 

196 3414325899092659325 2 3
2 6 7 
2 7 6 

112 9473937741700373895 2 3
4 5 6 
4 6 5 

369 1463172023042695091 1 5
4 5 6 0 8 

200 14860785610888650053 6 3
3 6 7 
3 7 6 
6 3 7 
6 7 3 
7 6 3 
7 3 6 

73 10706753935364593016 2 3
0 3 6 
0 6 3 

330 2974813683649203891 2 4
3 6 8 1 
6 3 8 1 

168 14590248500468714027 6 3
3 5 7 
3 7 5 
5 3 7 
5 7 3 
7 5 3 
7 3 5 

425 1764380526012385433 2 5
3 5 0 7 8 
5 3 0 7 8 

100 2626172503616488871 2 3
2 5 6 
2 6 5 

357 18023029347022377052 1 5
2 6 5 0 8 

209 5790440775842555603 1 4
4 6 0 7 

82 8666925077151757690 2 3
4 1 6 
4 6 1 

339 88512077102624744 1 5
4 6 0 1 8 

336 10706753935364593016 2 3
4 6 8 
4 8 6 

79 18106407327511523153 1 5
6 0 1 2 3 

164 72167144898209111 2 3
2 5 7 
2 7 5 

421 3801368957284373018 1 5
2 5 0 7 8 

146 3870621583062396010 2 3
4 1 7 
4 7 1 

403 6672129407013007123 1 5
4 0 1 7 8 

400 12585292063867719537 2 3
4 7 8 
4 8 7 

143 7746497998696567920 2 5
2 3 0 1 7 
2 3 0 7 1 

19 11149028268085365730 1 3
4 0 1 

273 11149028268085365730 1 3
4 0 8 

275 5625766177066252915 2 4
4 0 1 8 
4 0 8 1 

176 16258839135554755291 2 3
4 5 7 
4 7 5 

312 17065607942865884096 2 4
5 8 4 3 
8 5 4 3 

55 3960626578394972376 1 5
5 4 2 0 1 

58 6925972535638963533 2 4
1 5 4 3 
5 1 4 3 

81 17034127061060784930 2 3
0 4 6 
4 0 6 

338 6715984003799477414 1 4
4 6 1 8 

208 12769602731266802952 2 3
4 6 7 
4 7 6 

97 12879693098386585922 2 3
0 5 6 
0 6 5 

354 808532758221848463 4 4
5 6 1 8 
5 6 8 1 
6 5 1 8 
6 5 8 1 

224 11283220846380389061 2 3
7 6 5 
7 5 6 

135 14570014815237657482 2 4
2 0 1 7 
2 0 7 1 

165 8480801086287645143 1 4
2 5 0 7 

38 436784383464823051 2 3
2 1 5 
2 5 1 

295 4774330932019273872 1 5
2 5 0 1 8 

292 9713973698939819375 2 3
2 5 8 
2 8 5 

177 4371207259318435742 1 4
4 5 0 7 

50 10706753935364593016 2 3
4 1 5 
4 5 1 

307 88512077102624744 1 5
4 5 0 8 1 

304 8666925077151757690 2 3
4 5 8 
4 8 5 

47 7555933284992182466 1 5
5 0 1 2 3 

169 16372862971607241679 2 4
3 5 0 7 
5 3 0 7 

201 4415345656511538872 2 4
3 6 0 7 
6 3 0 7 

74 754205998099296360 6 3
1 3 6 
1 6 3 
3 1 6 
3 6 1 
6 3 1 
6 1 3 

331 15207790335891244739 2 5
3 6 0 8 1 
6 3 0 8 1 

225 2590347168206459124 2 4
5 6 0 7 
6 5 0 7 

98 11283220846380389061 2 3
1 5 6 
1 6 5 

355 10038813378203498130 4 5
5 6 0 1 8 
5 6 0 8 1 
6 5 0 1 8 
6 5 0 8 1 

352 11283220846380389061 2 3
8 6 5 
8 5 6 

184 369532976787244944 2 4
5 7 4 3 
7 5 4 3 

57 10678243750605623333 1 4
0 5 4 3 

314 5794470613774394554 1 5
5 4 3 8 1 

197 15958313905125484963 1 4
2 6 0 7 

70 3585938100966390332 2 3
2 1 6 
2 6 1 

327 1021045438357384050 1 5
2 6 0 8 1 

324 7046611945120864492 2 3
2 6 8 
2 8 6 

29 5426960624566137639 1 4
0 4 2 3 

286 718002682039345200 2 5
1 8 4 2 3 
8 1 4 2 3 

134 15859317235844097280 2 3
2 1 7 
2 7 1 

391 11523417051807587791 1 5
2 0 1 7 8 

7 3452836694390216900 1 3
2 0 1 

261 3452836694390216900 1 3
2 0 8 

388 17643345585975422253 2 3
2 7 8 
2 8 7 

297 478251313684996637 2 4
3 5 0 8 
5 3 0 8 

170 9227379641990250253 2 4
3 5 7 1 
5 3 7 1 

305 11066489244232509742 1 4
4 5 0 8 

178 125969937635585562 1 4
4 5 7 1 

51 10678243750605623333 1 4
4 5 0 1 

308 3503905375327746893 2 4
5 8 4 2 
8 5 4 2 

325 10219869829598526856 1 4
2 6 0 8 

337 10678243750605623333 1 4
4 6 0 8 

344 6534630873780932037 2 4
6 8 4 3 
8 6 4 3 

87 17210342986793288339 1 5
6 4 2 0 1 

353 2590347168206459124 2 4
5 6 0 8 
6 5 0 8 

360 10247633285845319962 2 4
3 8 6 5 
8 3 6 5 

103 7525005918660326200 1 5
2 5 6 0 1 

389 1740628914952821173 2 4
2 0 7 8 
2 0 8 7 

368 2974034241685862189 1 4
4 8 5 6 

396 11544569439355165545 2 4
2 3 7 8 
2 3 8 7 

401 15669754230730330559 2 4
4 0 7 8 
4 0 8 7 

408 7150496180077738619 2 4
4 3 7 8 
4 3 8 7 

151 14030436810928682567 2 5
4 2 0 1 7 
4 2 0 7 1 

420 4816126272271678830 1 4
2 5 7 8 

432 14219444897841257376 1 4
4 5 7 8 

424 3570514013793875461 2 4
3 5 7 8 
5 3 7 8 

167 7476286490735707367 1 5
2 5 0 1 7 

452 10004492164373579426 1 4
2 6 8 7 

456 17015737541233389546 2 4
3 6 8 7 
6 3 8 7 

199 15965214491834608654 1 5
2 6 0 7 1 

464 18125736765879375276 1 4
4 6 7 8 

480 9182445166795294852 4 4
5 6 7 8 
5 6 8 7 
6 5 7 8 
6 5 8 7 

31 5823033484649233214 1 5
0 1 4 2 3 

59 14101386073281614423 2 5
5 4 3 0 1 
5 0 1 4 3 

316 4394368891301433910 2 5
5 8 4 2 3 
8 5 4 2 3 

61 11439005428150086975 1 5
0 5 4 2 3 

91 3760152792729912778 1 5
6 4 3 0 1 

348 15163727418507523369 2 5
6 8 4 3 2 
8 6 4 3 2 

62 9165752066665749241 2 5
1 5 4 2 3 
5 1 4 2 3 

107 4212801334358916287 1 5
3 6 5 0 1 

364 7922684749789712239 1 5
8 6 5 3 2 

93 11439005428150086975 1 5
0 6 4 2 3 

94 13220435962706494807 2 5
1 6 4 2 3 
6 1 4 2 3 

110 9145143768119493204 1 5
1 5 6 2 3 

115 1463172023042695091 1 5
4 6 5 0 1 

372 1625494171390802647 1 5
8 6 5 4 2 

109 946749703377189278 2 5
0 5 6 2 3 
0 6 5 2 3 

121 18024809954129893830 2 5
0 5 6 4 3 
0 6 5 4 3 

122 12135173208877064631 1 5
1 6 5 4 3 

118 14083479114633896997 1 5
1 5 6 4 2 

124 11352313167552007796 2 5
5 6 4 2 3 
6 5 4 2 3 

155 16426964197223592242 2 5
4 3 0 1 7 
4 3 0 7 1 

412 4065695855465952003 2 5
7 8 4 2 3 
8 7 4 2 3 

117 11295909261772252652 2 5
0 5 6 4 2 
0 6 5 4 2 

157 5823033484649233214 1 5
0 7 4 2 3 

158 17085979985712553573 2 5
1 7 4 2 3 
7 1 4 2 3 

171 3228604939244722632 2 5
3 5 0 7 1 
5 3 0 7 1 

173 11930556449371868085 1 5
5 0 7 3 2 

186 8306237147010589666 1 5
5 4 3 7 1 

179 1417990608142343166 1 5
4 5 0 7 1 

174 11628098417604851572 1 5
5 7 1 3 2 

185 4528018944250098529 1 5
5 4 3 0 7 

182 578233509510446701 1 5
5 4 2 7 1 

181 1558442333078644166 1 5
5 4 2 0 7 

203 17788255648278127647 2 5
3 6 0 7 1 
6 3 0 7 1 

188 10812932034975788197 2 5
5 7 4 3 2 
7 5 4 3 2 

205 15076540244497506485 1 5
6 0 7 2 3 

206 4940916764594619715 1 5
6 7 1 2 3 

211 16615798190543217373 1 5
4 6 0 7 1 

217 10118561873234284183 1 5
6 4 3 0 7 

218 2777425228107064383 1 5
6 4 3 7 1 

213 1811612426305150220 1 5
6 4 2 0 7 

214 10957583611995892080 1 5
6 4 2 7 1 

220 14541272297068212808 2 5
6 7 4 2 3 
7 6 4 2 3 

233 203718896512337090 1 5
3 5 6 0 7 

227 16008869278490615878 4 5
5 6 0 1 7 
5 6 0 7 1 
6 5 0 1 7 
6 5 0 7 1 

234 3220813728252967273 1 5
3 5 6 7 1 

229 4176743044883413629 1 5
2 5 6 0 7 

230 12337589740859127868 1 5
2 5 6 1 7 

236 4761444952640406548 1 5
7 5 6 3 2 

241 14178588651577787041 1 5
4 5 6 0 7 

242 6079734504302127448 1 5
4 5 6 7 1 

248 3569336385613337124 1 5
7 5 6 4 3 

271 16103981165999661851 2 5
2 3 0 1 8 
2 3 0 8 1 

244 7140063662284305090 1 5
7 5 6 4 2 

283 17788491003375796138 2 5
4 3 0 1 8 
4 3 0 8 1 

285 5823033484649233214 1 5
0 8 4 2 3 

279 14761203931261497057 2 5
4 2 0 1 8 
4 2 0 8 1 

299 8343673672166374860 2 5
3 5 0 8 1 
5 3 0 8 1 

301 1952167296134357678 1 5
5 0 8 2 3 

313 876729025071605520 1 5
5 4 3 0 8 

309 15355875248083511876 1 5
5 4 2 0 8 

333 5189915430476069753 1 5
6 0 8 3 2 

345 10988017121293555584 2 5
6 4 3 0 8 
6 0 8 4 3 

341 6515415170716265541 1 5
6 4 2 0 8 

376 14849027137022793673 1 5
8 6 5 4 3 

397 12183561245766326652 2 5
2 3 0 7 8 
2 3 0 8 7 

409 1170858302316114891 2 5
4 3 0 7 8 
4 3 0 8 7 

405 18108969397685615501 2 5
4 2 0 7 8 
4 2 0 8 7 

