bhabha2pb2m[0,0,0,0,0,0,0,0,0]*(-a7+d-a1-a8-1/2*a5-1/2*a6-2*a0)
bhabha2pb2m[1,0,0,0,0,0,0,0,0]*(-2*a0)
bhabha2pb2m[-1,1,0,0,0,0,0,0,0]*(-a1)
bhabha2pb2m[-1,0,0,0,0,0,0,0,1]*(-a8)
bhabha2pb2m[-1,0,0,0,0,1,0,0,0]*(-2*a5)
bhabha2pb2m[-1,0,0,0,0,0,0,1,0]*(-a7)
bhabha2pb2m[0,0,0,0,0,1,-1,0,0]*(1/2*a5)
bhabha2pb2m[0,0,0,0,0,1,0,0,0]*(-2*a5)
bhabha2pb2m[-1,0,0,0,0,0,1,0,0]*(-2*a6)
bhabha2pb2m[0,0,0,0,0,-1,1,0,0]*(1/2*a6)
bhabha2pb2m[0,0,0,0,0,0,1,0,0]*(-2*a6)

bhabha2pb2m[0,0,1,-1,0,0,0,0,0]*(-a2)
bhabha2pb2m[0,0,1,0,-1,0,0,0,0]*(a2)
bhabha2pb2m[0,0,1,0,0,0,0,0,0]*(-8*a2)
bhabha2pb2m[0,0,0,0,0,0,0,0,0]*(a4-a3)
bhabha2pb2m[0,0,0,1,-1,0,0,0,0]*(a3)
bhabha2pb2m[0,0,0,-1,1,0,0,0,0]*(-a4)
bhabha2pb2m[0,0,0,0,0,0,1,0,0]*(-3*a6)
bhabha2pb2m[0,0,0,0,1,0,0,0,0]*(2*a4)
bhabha2pb2m[-1,0,0,0,0,1,0,0,0]*(-a5)
bhabha2pb2m[0,0,0,-1,0,1,0,0,0]*(-a5)
bhabha2pb2m[0,0,0,0,-1,1,0,0,0]*(a5)
bhabha2pb2m[0,0,0,0,0,1,0,0,-1]*(a5)
bhabha2pb2m[0,0,0,0,0,1,0,0,0]*(-7*a5)
bhabha2pb2m[-1,0,0,0,0,0,1,0,0]*(a6)
bhabha2pb2m[0,0,0,-1,0,0,1,0,0]*(-a6)
bhabha2pb2m[0,0,0,0,-1,0,1,0,0]*(a6)
bhabha2pb2m[0,0,0,0,0,0,1,0,-1]*(-a6)

bhabha2pb2m[-1,0,1,0,0,0,0,0,0]*(a2)
bhabha2pb2m[0,0,0,0,0,0,0,0,0]*(-a4+d-3/2*a5-a2-3/2*a6-a3)
bhabha2pb2m[0,0,1,0,0,-1,0,0,0]*(-1/2*a2)
bhabha2pb2m[0,0,1,0,0,0,-1,0,0]*(-1/2*a2)
bhabha2pb2m[0,0,1,0,0,0,0,0,0]*(2*a2-a2*eta)
bhabha2pb2m[-1,0,0,1,0,0,0,0,0]*(a3)
bhabha2pb2m[0,0,0,0,0,0,1,0,0]*(2*a6)
bhabha2pb2m[0,0,0,1,0,-1,0,0,0]*(-1/2*a3)
bhabha2pb2m[0,0,0,1,0,0,-1,0,0]*(-1/2*a3)
bhabha2pb2m[0,0,0,1,0,0,0,0,0]*(2*a3)
bhabha2pb2m[-1,0,0,0,1,0,0,0,0]*(a4)
bhabha2pb2m[0,0,0,0,0,-1,1,0,0]*(-1/2*a6)
bhabha2pb2m[0,0,0,0,1,-1,0,0,0]*(-1/2*a4)
bhabha2pb2m[0,0,0,0,1,0,-1,0,0]*(-1/2*a4)
bhabha2pb2m[0,0,0,0,1,0,0,0,0]*(7*a4)
bhabha2pb2m[-1,0,0,0,0,1,0,0,0]*(2*a5)
bhabha2pb2m[-1,0,0,0,0,0,1,0,0]*(2*a6)
bhabha2pb2m[0,0,0,0,0,1,-1,0,0]*(-1/2*a5)
bhabha2pb2m[0,0,0,0,0,1,0,0,0]*(2*a5)

bhabha2pb2m[0,0,0,0,0,0,0,0,0]*(-a7+1/2*a5-1/2*a6+a0)
bhabha2pb2m[1,0,0,0,0,0,0,-1,0]*(-a0)
bhabha2pb2m[1,0,0,0,0,0,0,0,0]*(2*a0)
bhabha2pb2m[-1,1,0,0,0,0,0,0,0]*(a1)
bhabha2pb2m[0,1,0,0,0,0,0,-1,0]*(-a1)
bhabha2pb2m[0,1,0,0,0,0,0,0,0]*(-4*a1)
bhabha2pb2m[0,0,-1,0,0,1,0,0,0]*(-a5)
bhabha2pb2m[0,0,0,0,0,0,0,0,1]*(5*a8)
bhabha2pb2m[0,0,0,0,0,1,-1,0,0]*(1/2*a5)
bhabha2pb2m[0,0,0,0,0,1,0,-1,0]*(-a5)
bhabha2pb2m[0,0,0,0,0,1,0,0,0]*(2*a5-a5*eta)
bhabha2pb2m[-1,0,0,0,0,0,1,0,0]*(2*a6)
bhabha2pb2m[0,0,-1,0,0,0,1,0,0]*(a6)
bhabha2pb2m[0,0,0,0,0,-1,1,0,0]*(-1/2*a6)
bhabha2pb2m[0,0,0,0,0,0,0,-1,1]*(-a8)
bhabha2pb2m[0,0,0,0,0,0,1,-1,0]*(-a6)
bhabha2pb2m[0,0,0,0,0,0,1,0,0]*(a6*eta+2*a6)
bhabha2pb2m[-1,0,0,0,0,0,0,1,0]*(a7)
bhabha2pb2m[-1,0,0,0,0,0,0,0,1]*(a8)

bhabha2pb2m[0,0,0,0,0,0,0,0,0]*(-a1-1/2*a5+1/2*a6+a0)
bhabha2pb2m[1,-1,0,0,0,0,0,0,0]*(-a0)
bhabha2pb2m[1,0,0,0,0,0,0,0,0]*(2*a0)
bhabha2pb2m[-1,1,0,0,0,0,0,0,0]*(a1)
bhabha2pb2m[0,0,0,0,0,0,0,0,1]*(7*a8)
bhabha2pb2m[-1,0,0,0,0,1,0,0,0]*(2*a5)
bhabha2pb2m[0,-1,0,0,0,1,0,0,0]*(-a5)
bhabha2pb2m[0,0,0,-1,0,1,0,0,0]*(a5)
bhabha2pb2m[0,-1,0,0,0,0,0,0,1]*(-a8)
bhabha2pb2m[0,0,0,0,0,1,-1,0,0]*(-1/2*a5)
bhabha2pb2m[0,0,0,0,0,1,0,0,0]*(2*a5)
bhabha2pb2m[0,-1,0,0,0,0,1,0,0]*(-a6)
bhabha2pb2m[0,0,0,-1,0,0,1,0,0]*(-a6)
bhabha2pb2m[0,0,0,0,0,-1,1,0,0]*(1/2*a6)
bhabha2pb2m[-1,0,0,0,0,0,0,0,1]*(a8)
bhabha2pb2m[0,0,0,0,0,0,1,0,0]*(2*a6)
bhabha2pb2m[-1,0,0,0,0,0,0,1,0]*(a7)
bhabha2pb2m[0,-1,0,0,0,0,0,1,0]*(-a7)
bhabha2pb2m[0,0,0,0,0,0,0,1,0]*(-4*a7)

bhabha2pb2m[0,0,0,0,0,0,0,0,0]*(-a8+a0)
bhabha2pb2m[1,0,0,0,0,0,0,0,-1]*(-a0)
bhabha2pb2m[1,0,0,0,0,0,0,0,0]*(2*a0)
bhabha2pb2m[-1,1,0,0,0,0,0,0,0]*(a1)
bhabha2pb2m[0,1,0,0,0,0,0,0,-1]*(-a1)
bhabha2pb2m[0,1,0,0,0,0,0,0,0]*(7*a1)
bhabha2pb2m[-1,0,0,0,0,1,0,0,0]*(a5)
bhabha2pb2m[0,0,0,-1,0,1,0,0,0]*(a5)
bhabha2pb2m[0,0,0,0,-1,1,0,0,0]*(-a5)
bhabha2pb2m[0,0,0,0,0,1,0,0,-1]*(-a5)
bhabha2pb2m[0,0,0,0,0,1,0,0,0]*(7*a5)
bhabha2pb2m[-1,0,0,0,0,0,1,0,0]*(a6)
bhabha2pb2m[0,0,0,-1,0,0,1,0,0]*(-a6)
bhabha2pb2m[0,0,0,0,-1,0,1,0,0]*(a6)
bhabha2pb2m[0,0,0,0,0,0,1,0,-1]*(-a6)
bhabha2pb2m[0,0,0,0,0,0,1,0,0]*(-3*a6)
bhabha2pb2m[-1,0,0,0,0,0,0,1,0]*(a7)
bhabha2pb2m[0,0,0,0,0,0,0,1,-1]*(-a7)
bhabha2pb2m[0,0,0,0,0,0,0,1,0]*(5*a7)
bhabha2pb2m[-1,0,0,0,0,0,0,0,1]*(a8)

bhabha2pb2m[-1,0,1,0,0,0,0,0,0]*(-a2)
bhabha2pb2m[0,0,1,0,0,-1,0,0,0]*(1/2*a2)
bhabha2pb2m[0,0,1,0,0,0,-1,0,0]*(-1/2*a2)
bhabha2pb2m[0,0,1,0,0,0,0,-1,0]*(a2)
bhabha2pb2m[0,0,1,0,0,0,0,0,0]*(-2*a2)
bhabha2pb2m[-1,0,0,1,0,0,0,0,0]*(a3)
bhabha2pb2m[0,-1,0,1,0,0,0,0,0]*(-a3)
bhabha2pb2m[0,0,0,1,0,-1,0,0,0]*(1/2*a3)
bhabha2pb2m[0,0,0,1,0,0,-1,0,0]*(-1/2*a3)
bhabha2pb2m[0,0,0,1,0,0,0,0,0]*(2*a3)
bhabha2pb2m[0,-1,0,0,1,0,0,0,0]*(-a4)
bhabha2pb2m[0,0,0,0,1,-1,0,0,0]*(1/2*a4)
bhabha2pb2m[0,0,0,0,1,0,-1,0,0]*(-1/2*a4)
bhabha2pb2m[0,0,0,0,1,0,0,0,-1]*(a4)
bhabha2pb2m[-1,0,0,0,0,1,0,0,0]*(2*a5)
bhabha2pb2m[0,0,0,0,0,0,0,0,0]*(1/2*a5-1/2*a6)
bhabha2pb2m[0,0,0,0,0,1,-1,0,0]*(-1/2*a5)
bhabha2pb2m[0,0,0,0,0,1,0,0,0]*(2*a5)
bhabha2pb2m[-1,0,0,0,0,0,1,0,0]*(-2*a6)
bhabha2pb2m[0,0,0,0,0,-1,1,0,0]*(1/2*a6)
bhabha2pb2m[0,0,0,0,0,0,1,0,0]*(-2*a6)

bhabha2pb2m[1,0,0,0,0,-1,0,0,0]*(1/2*a0)
bhabha2pb2m[1,0,0,0,0,0,-1,0,0]*(-1/2*a0)
bhabha2pb2m[-1,1,0,0,0,0,0,0,0]*(-a1)
bhabha2pb2m[0,1,0,-1,0,0,0,0,0]*(-a1)
bhabha2pb2m[0,1,0,0,0,-1,0,0,0]*(a1)
bhabha2pb2m[-1,0,0,0,0,1,0,0,0]*(-2*a5)
bhabha2pb2m[0,0,0,0,0,0,0,0,0]*(3/2*a5-3/2*a6)
bhabha2pb2m[0,0,0,0,0,1,-1,0,0]*(1/2*a5)
bhabha2pb2m[0,0,0,0,0,1,0,0,0]*(-2*a5)
bhabha2pb2m[-1,0,0,0,0,0,1,0,0]*(2*a6)
bhabha2pb2m[0,0,0,0,0,-1,1,0,0]*(-1/2*a6)
bhabha2pb2m[0,0,0,0,0,0,0,0,1]*(-5*a8)
bhabha2pb2m[0,0,0,0,0,0,1,0,0]*(2*a6)
bhabha2pb2m[-1,0,0,0,0,0,0,1,0]*(a7)
bhabha2pb2m[0,0,-1,0,0,0,0,1,0]*(a7)
bhabha2pb2m[0,0,0,0,0,0,-1,1,0]*(-a7)
bhabha2pb2m[0,0,0,0,0,0,0,1,0]*(a7*eta)
bhabha2pb2m[0,0,0,-1,0,0,0,0,1]*(-a8)
bhabha2pb2m[0,0,0,0,-1,0,0,0,1]*(a8)
bhabha2pb2m[0,0,0,0,0,-1,0,0,1]*(1/2*a8)
bhabha2pb2m[0,0,0,0,0,0,-1,0,1]*(-1/2*a8)

bhabha2pb2m[-1,0,1,0,0,0,0,0,0]*(a2)
bhabha2pb2m[0,0,0,0,0,0,0,0,0]*(-1/2*a5+a2-1/2*a6)
bhabha2pb2m[0,0,1,0,0,-1,0,0,0]*(-1/2*a2)
bhabha2pb2m[0,0,1,0,0,0,-1,0,0]*(-1/2*a2)
bhabha2pb2m[0,0,1,0,0,0,0,0,0]*(2*a2+a2*eta)
bhabha2pb2m[-1,0,0,1,0,0,0,0,0]*(a3)
bhabha2pb2m[0,0,-1,1,0,0,0,0,0]*(a3)
bhabha2pb2m[0,0,0,1,0,-1,0,0,0]*(-1/2*a3)
bhabha2pb2m[0,0,0,1,0,0,-1,0,0]*(-1/2*a3)
bhabha2pb2m[0,0,0,1,0,0,0,0,0]*(a3*eta-6*a3)
bhabha2pb2m[-1,0,0,0,1,0,0,0,0]*(a4)
bhabha2pb2m[0,0,-1,0,1,0,0,0,0]*(a4)
bhabha2pb2m[0,0,0,0,1,-1,0,0,0]*(-1/2*a4)
bhabha2pb2m[0,0,0,0,1,0,-1,0,0]*(-1/2*a4)
bhabha2pb2m[0,0,0,0,1,0,0,0,0]*(-9*a4+a4*eta)
bhabha2pb2m[0,0,-1,0,0,1,0,0,0]*(a5)
bhabha2pb2m[0,0,0,0,0,0,1,0,0]*(a6*eta+2*a6)
bhabha2pb2m[0,0,0,0,0,1,-1,0,0]*(-1/2*a5)
bhabha2pb2m[0,0,0,0,0,1,0,-1,0]*(a5)
bhabha2pb2m[0,0,0,0,0,1,0,0,0]*(-2*a5+a5*eta)
bhabha2pb2m[-1,0,0,0,0,0,1,0,0]*(2*a6)
bhabha2pb2m[0,0,-1,0,0,0,1,0,0]*(a6)
bhabha2pb2m[0,0,0,0,0,-1,1,0,0]*(-1/2*a6)
bhabha2pb2m[0,0,0,0,0,0,1,-1,0]*(-a6)

bhabha2pb2m[-1,0,1,0,0,0,0,0,0]*(-a2)
bhabha2pb2m[0,0,1,-1,0,0,0,0,0]*(-a2)
bhabha2pb2m[0,0,1,0,0,-1,0,0,0]*(1/2*a2)
bhabha2pb2m[0,0,1,0,0,0,-1,0,0]*(1/2*a2)
bhabha2pb2m[0,0,1,0,0,0,0,0,0]*(6*a2)
bhabha2pb2m[-1,0,0,1,0,0,0,0,0]*(-a3)
bhabha2pb2m[0,0,0,0,0,0,0,0,0]*(1/2*a5+1/2*a6-a3)
bhabha2pb2m[0,0,0,1,0,-1,0,0,0]*(1/2*a3)
bhabha2pb2m[0,0,0,1,0,0,-1,0,0]*(1/2*a3)
bhabha2pb2m[0,0,0,1,0,0,0,0,0]*(-2*a3)
bhabha2pb2m[-1,0,0,0,1,0,0,0,0]*(-a4)
bhabha2pb2m[0,0,0,-1,1,0,0,0,0]*(-a4)
bhabha2pb2m[0,0,0,0,1,-1,0,0,0]*(1/2*a4)
bhabha2pb2m[0,0,0,0,1,0,-1,0,0]*(1/2*a4)
bhabha2pb2m[0,0,0,0,1,0,0,0,0]*(-7*a4)
bhabha2pb2m[-1,0,0,0,0,1,0,0,0]*(-2*a5)
bhabha2pb2m[0,-1,0,0,0,1,0,0,0]*(a5)
bhabha2pb2m[0,0,0,-1,0,1,0,0,0]*(-a5)
bhabha2pb2m[0,0,0,0,0,0,1,0,0]*(2*a6)
bhabha2pb2m[0,0,0,0,0,1,-1,0,0]*(1/2*a5)
bhabha2pb2m[0,0,0,0,0,1,0,0,0]*(-2*a5)
bhabha2pb2m[0,-1,0,0,0,0,1,0,0]*(-a6)
bhabha2pb2m[0,0,0,-1,0,0,1,0,0]*(-a6)
bhabha2pb2m[0,0,0,0,0,-1,1,0,0]*(1/2*a6)

