3912 14498150133182066701 4 6
3 6 8 9 10 11 
3 8 6 10 9 11 
3 9 10 6 8 11 
3 10 9 8 6 11 

3976 9427137380926696412 1 6
11 9 8 10 7 3 

3905 3359107526563390407 2 6
9 10 8 11 0 6 
10 9 8 11 0 6 

3880 15246289277208013841 1 6
9 11 3 10 5 8 

3888 9227903648484236682 2 6
9 11 8 5 4 10 
9 11 5 8 4 10 

3873 10667022047880947140 2 6
9 10 0 11 8 5 
10 9 0 11 8 5 

3874 6696902358858700597 2 6
10 11 8 5 1 9 
10 11 5 8 1 9 

3852 14410549859363100494 2 6
3 8 9 10 11 2 
8 3 9 10 11 2 

3864 1565099782556397695 2 6
3 8 9 11 4 10 
8 3 9 11 4 10 

3850 14410549859363100494 2 6
3 8 11 10 9 1 
8 3 11 10 9 1 

825 4803048481007999944 1 6
9 0 4 3 8 5 

1923 218737036580913614 2 6
8 10 0 7 1 9 
10 8 0 7 1 9 

811 15265142760233979876 2 6
3 0 5 8 9 1 
3 0 8 5 9 1 

797 13590383111590657849 1 6
4 8 2 3 9 0 

798 15963195480403064570 2 6
3 8 2 4 9 1 
8 3 2 4 9 1 

3016 7299371132456860034 2 6
8 11 9 6 3 7 
11 8 9 6 3 7 

741 10991837434179000896 8 6
2 5 7 9 0 6 
2 5 9 7 0 6 
5 2 7 9 0 6 
5 2 9 7 0 6 
7 9 5 2 0 6 
7 9 2 5 0 6 
9 7 5 2 0 6 
9 7 2 5 0 6 

725 3673803661722553984 2 6
2 4 7 9 0 6 
4 2 7 9 0 6 

1834 6986991807214128782 2 6
3 10 1 9 5 8 
10 3 9 1 5 8 

732 9893114502396560860 2 6
2 4 6 9 3 7 
4 2 6 9 3 7 

1841 3956611797043500800 1 6
0 9 8 5 4 10 

2950 15171283773302135386 4 6
7 8 1 9 2 11 
7 8 2 11 1 9 
8 7 2 11 1 9 
8 7 1 9 2 11 

685 13445555009392837602 2 6
2 5 9 0 7 3 
5 2 9 0 7 3 

686 16948241270047012933 2 6
2 5 3 7 1 9 
5 2 3 7 1 9 

1795 2418907155155573803 2 5
0 8 10 1 9 
0 10 8 1 9 

2904 16815116916099736238 1 6
3 8 6 4 9 11 

693 14751254669915036941 2 6
5 7 0 4 2 9 
7 5 0 4 9 2 

694 7453787561935463879 2 6
5 7 2 4 1 9 
7 5 2 4 1 9 

1803 10401381716098496490 2 6
8 10 0 3 1 9 
10 8 0 3 1 9 

679 8601154298588281070 2 6
2 5 7 0 9 1 
5 2 7 0 9 1 

2897 11925002935398886526 2 6
4 9 8 11 0 6 
9 4 8 11 0 6 

691 12249309288723600167 2 6
4 5 0 7 1 9 
5 4 0 7 1 9 

670 15942836027308780807 4 6
2 4 3 7 1 9 
2 4 7 3 1 9 
4 2 3 7 1 9 
4 2 7 3 1 9 

2888 12090042794949843262 4 5
3 9 8 11 6 
3 9 11 8 6 
9 3 8 11 6 
9 3 11 8 6 

629 3673803661722553984 2 6
4 9 5 2 0 6 
9 4 5 2 0 6 

492 4062557009722690976 2 6
2 6 3 7 8 5 
2 6 7 3 8 5 

497 5853165825730181357 2 6
4 7 0 6 5 8 
7 4 0 6 5 8 

486 5136729984035079861 2 6
1 7 2 6 8 5 
7 1 2 6 8 5 

1582 15130850328330171349 2 6
3 5 2 10 1 9 
5 3 2 10 1 9 

462 8291241132421332429 2 6
2 8 1 6 7 3 
8 2 1 6 7 3 

1571 10365060297115323586 4 5
0 5 10 9 1 
0 5 10 1 9 
0 10 5 9 1 
0 10 5 1 9 

2680 15996805703364594649 2 6
6 9 11 3 5 4 
9 6 11 3 4 5 

1579 7358953843833420865 4 6
5 10 0 3 9 1 
5 10 0 3 1 9 
10 5 0 3 9 1 
10 5 0 3 1 9 

444 3474373843633548201 1 6
2 4 7 3 8 5 

442 15118142179685797106 1 6
1 4 5 8 3 7 

1551 3416859244632547901 2 6
0 3 2 10 1 9 
0 3 10 2 1 9 

430 13740381302636371033 1 6
1 2 7 3 8 5 

2648 10535858816521210636 4 5
3 6 4 11 9 
3 6 11 4 9 
6 3 4 11 9 
6 3 11 4 9 

427 17671518757523409544 2 6
1 0 5 8 7 3 
1 0 8 5 7 3 

2645 4249986586193911958 2 6
4 9 0 6 2 11 
9 4 0 6 2 11 

423 7526591993402376074 2 6
1 7 2 0 8 5 
7 1 2 0 8 5 

438 8025615982875142388 1 6
1 2 7 4 5 8 

399 4691040851320904675 2 6
2 8 1 0 7 3 
8 2 1 0 7 3 

2617 10889224146490177801 4 6
0 3 5 9 11 4 
0 5 3 11 9 4 
0 9 11 3 5 4 
0 11 9 5 3 4 

413 16445830848543103829 1 6
2 0 4 8 3 7 

407 5013997882650537605 2 6
1 2 0 4 7 8 
8 7 0 4 2 1 

414 17398791633996584773 1 6
2 1 8 4 3 7 

363 17792121978887357066 4 6
1 3 5 8 0 6 
1 3 8 5 0 6 
3 1 5 8 0 6 
3 1 8 5 0 6 

2581 998105468070412274 2 5
0 4 9 2 11 
0 9 4 2 11 

377 1154862938453007223 2 6
3 4 0 6 8 5 
4 3 0 6 8 5 

349 11263046363976132597 2 6
3 4 2 8 0 6 
4 3 2 8 0 6 

1458 10075217038068057260 1 6
1 7 5 8 10 4 

1937 1210899605068051333 1 6
0 9 8 7 10 4 

287 2128481415411894180 2 6
4 3 1 8 2 0 
4 8 2 3 1 0 

1396 5173134186639292760 2 6
6 2 4 10 5 8 
6 2 10 4 5 8 

2505 12682631600966390507 4 6
8 11 7 3 0 6 
8 11 3 7 0 6 
11 8 7 3 0 6 
11 8 3 7 0 6 

237 12682631600966390507 4 6
2 5 3 7 0 6 
2 5 7 3 0 6 
5 2 3 7 0 6 
5 2 7 3 0 6 

2467 7526591993402376074 2 6
1 7 11 0 5 8 
7 1 11 0 5 8 

238 10252758742225982687 4 6
2 5 1 6 3 7 
2 5 1 6 7 3 
5 2 1 6 3 7 
5 2 1 6 7 3 

2456 4308859838972150509 1 5
11 4 8 3 7 

1347 8470668446429272608 6 5
1 8 10 0 6 
1 10 8 0 6 
8 1 10 0 6 
8 10 1 0 6 
10 1 8 0 6 
10 8 1 0 6 

245 7125672159568374739 2 6
4 7 2 5 0 6 
7 4 2 5 0 6 

1354 10535858816521210636 4 5
8 10 6 1 3 
8 10 1 6 3 
10 8 6 1 3 
10 8 1 6 3 

243 2653508937361379505 2 6
4 5 1 7 0 6 
5 4 1 7 0 6 

221 11318647517854662543 2 6
2 4 3 7 0 6 
4 2 3 7 0 6 

1330 6290546751556126061 2 5
1 5 8 10 4 
1 8 5 10 4 

2439 16102662284933080922 2 6
1 7 8 0 2 11 
7 1 8 0 2 11 

231 4599404531169204049 4 6
2 5 1 7 0 6 
2 5 7 1 0 6 
5 2 1 7 0 6 
5 2 7 1 0 6 

2449 11816689086032098979 2 5
0 11 7 4 8 
0 11 4 7 8 

1340 6169587514167239547 1 6
2 3 10 4 8 5 

175 18023822926075778742 4 6
2 5 1 0 3 7 
2 5 1 0 7 3 
5 2 1 0 3 7 
5 2 1 0 7 3 

2393 17970689341606861149 2 6
3 4 11 8 0 6 
4 3 11 8 0 6 

222 7083952503225195246 2 6
2 4 6 1 7 3 
4 2 6 1 7 3 

2440 9009189880820568616 4 4
8 11 3 7 
8 11 7 3 
11 8 7 3 
11 8 3 7 

189 1592143291535808361 1 6
2 0 4 5 7 3 

190 1755304287832533859 1 6
2 1 5 4 7 3 

474 12400396354168348121 2 6
4 8 1 6 3 7 
8 4 1 6 3 7 

2611 8005026831232614842 2 6
0 5 4 11 9 1 
0 5 4 11 1 9 

1480 16961562949826438898 2 5
6 8 10 7 3 
6 10 8 7 3 

2589 17687337293160569316 1 6
0 3 4 9 2 11 

347 11263046363976132597 2 6
4 8 1 3 0 6 
8 4 1 3 0 6 

1456 13270101034945779255 8 5
4 8 5 10 7 
4 8 10 5 7 
5 10 8 4 7 
5 10 4 8 7 
8 4 5 10 7 
8 4 10 5 7 
10 5 8 4 7 
10 5 4 8 7 

2484 9226722612685714448 2 6
4 7 11 2 5 8 
7 4 11 2 5 8 

3464 486583460746088711 2 5
11 8 10 7 3 
11 10 8 7 3 

2355 10667022047880947140 2 6
1 4 0 11 8 5 
4 1 0 11 8 5 

3376 1015409627675151109 8 5
11 5 8 10 4 
11 5 8 4 10 
11 8 5 10 4 
11 8 5 4 10 
11 10 4 5 8 
11 10 4 8 5 
11 4 10 8 5 
11 4 10 5 8 

3352 772591878158278130 2 5
11 8 3 4 10 
11 3 8 4 10 

1134 7206314810109174200 1 6
10 3 1 5 2 6 

3345 7357386631979095534 2 5
0 8 11 10 4 
0 8 11 4 10 

1127 3673803661722553984 2 6
1 10 5 2 0 6 
10 1 5 2 0 6 

2236 1231668127631390269 2 6
4 5 11 2 7 3 
5 4 11 2 7 3 

633 15671450521457024935 2 6
4 5 9 3 0 6 
5 4 9 3 0 6 

3338 10535858816521210636 4 5
3 8 1 11 10 
3 8 11 1 10 
8 3 1 11 10 
8 3 11 1 10 

2229 12249309288723600167 2 6
4 7 0 5 11 2 
7 4 0 5 11 2 

567 18165934439572249720 1 6
0 5 4 2 9 1 

1676 14318857743622471910 4 5
2 10 9 7 3 
2 10 9 3 7 
10 2 9 7 3 
10 2 9 3 7 

2163 11975930020459373780 2 6
1 4 5 11 0 6 
4 1 5 11 0 6 

3224 5364283337905645733 2 5
11 7 3 4 10 
11 3 7 4 10 

3212 1347926021110212520 2 5
10 3 7 2 11 
10 7 3 2 11 

994 10883047285774662252 2 6
7 6 5 8 1 9 
7 6 8 5 1 9 

2103 5666190860685541673 2 6
0 5 4 1 2 11 
0 5 1 4 2 11 

952 8384814109348663857 1 6
9 4 8 5 7 3 

441 3323660956117692466 1 6
0 4 8 5 7 3 

930 14801289304210364137 2 5
7 5 8 1 9 
7 8 5 1 9 

455 3998585274101298018 8 6
1 7 2 8 0 6 
1 7 8 2 0 6 
2 8 7 1 0 6 
2 8 1 7 0 6 
7 1 2 8 0 6 
7 1 8 2 0 6 
8 2 1 7 0 6 
8 2 7 1 0 6 

2673 3080488385181466867 2 6
4 9 5 11 0 6 
9 4 5 11 0 6 

3160 17929499870500844603 2 5
3 6 11 10 4 
6 3 11 10 4 

411 9049454850011051542 2 6
4 8 1 0 3 7 
8 4 1 0 3 7 

1520 9863535650852864754 1 6
6 7 4 10 8 5 

3116 17700850455905941888 6 5
3 5 10 2 11 
3 10 5 2 11 
5 3 10 2 11 
5 10 3 2 11 
10 3 5 2 11 
10 5 3 2 11 

3107 4119627431910883741 2 5
0 5 1 10 11 
0 5 10 1 11 

3121 279938061087389420 2 5
0 5 11 10 4 
0 5 11 4 10 

903 16102662284933080922 2 6
2 8 7 0 1 9 
8 2 7 0 1 9 

3085 10365060297115323586 4 5
0 3 10 2 11 
0 3 10 11 2 
0 10 3 2 11 
0 10 3 11 2 

3097 13293348113902696968 2 5
0 3 11 10 4 
0 3 11 4 10 

469 3080488385181466867 2 6
4 7 2 8 0 6 
7 4 2 8 0 6 

2826 188164556680662115 6 5
3 8 11 9 1 
3 11 8 9 1 
8 3 11 9 1 
8 11 3 9 1 
11 3 8 9 1 
11 8 3 9 1 

2828 188164556680662115 6 5
3 8 9 11 2 
3 9 8 11 2 
8 3 9 11 2 
8 9 3 11 2 
9 3 8 11 2 
9 8 3 11 2 

483 5689144784941028863 4 6
1 7 5 8 0 6 
1 7 8 5 0 6 
7 1 5 8 0 6 
7 1 8 5 0 6 

2840 16964128542291722576 2 5
3 8 9 11 4 
8 3 9 11 4 

622 16874672746425353066 2 6
2 5 3 6 9 1 
5 2 3 6 9 1 

669 4928628920053394776 2 6
2 4 0 9 7 3 
4 2 0 9 7 3 

371 10120317728330016319 2 6
1 4 8 5 0 6 
4 1 8 5 0 6 

2728 15727986152232345783 4 5
5 11 9 7 3 
5 11 9 3 7 
11 5 9 7 3 
11 5 9 3 7 

2712 8916695431692514919 4 5
4 11 9 7 3 
4 11 9 3 7 
11 4 9 7 3 
11 4 9 3 7 

437 6136612236922451234 2 6
4 7 0 2 5 8 
7 4 0 2 5 8 

3849 12846037057016745916 1 6
0 8 3 11 9 10 

1492 2177117744550645278 1 6
6 2 7 8 10 4 

3205 2418907155155573803 2 5
0 7 10 2 11 
0 10 7 2 11 

3145 18360534837494244779 6 5
3 10 11 0 6 
3 11 10 0 6 
10 3 11 0 6 
10 11 3 0 6 
11 3 10 0 6 
11 10 3 0 6 

2604 188164556680662115 6 5
3 5 9 2 11 
3 9 5 2 11 
5 3 9 2 11 
5 9 3 2 11 
9 3 5 2 11 
9 5 3 2 11 

2585 4119627431910883741 2 5
0 3 4 11 9 
0 3 11 4 9 

391 10908961988780902799 8 5
1 7 2 8 0 
1 7 8 2 0 
2 8 7 1 0 
2 8 1 7 0 
7 1 2 8 0 
7 1 8 2 0 
8 2 1 7 0 
8 2 7 1 0 

2504 1949253709658651230 4 5
8 11 6 3 7 
8 11 6 7 3 
11 8 6 7 3 
11 8 6 3 7 

123 11975930020459373780 2 6
4 5 1 3 0 6 
5 4 1 3 0 6 

2480 7809369332903029310 2 5
11 7 4 5 8 
11 4 7 5 8 

3176 16964128542291722576 2 5
3 10 6 11 5 
10 3 6 11 5 

819 17717492672579515637 1 6
4 0 8 5 9 1 

1928 16961562949826438898 2 5
9 8 10 7 3 
9 10 8 7 3 

2442 16298346047129279757 4 5
8 11 1 7 3 
8 11 1 3 7 
11 8 1 3 7 
11 8 1 7 3 

1333 13802201975287754874 2 6
0 2 4 10 8 5 
0 2 10 4 8 5 

1930 15988037108704800781 2 6
8 10 1 9 7 3 
10 8 1 9 7 3 

2444 5799085166765911358 2 5
8 3 7 2 11 
8 7 3 2 11 

2329 1792664743401204560 2 5
3 4 0 11 8 
4 3 0 11 8 

111 4599404531169204049 4 6
2 5 3 1 0 6 
2 5 1 3 0 6 
5 2 1 3 0 6 
5 2 3 1 0 6 

3362 18030942448219140192 4 5
1 10 11 5 8 
1 10 11 8 5 
10 1 11 5 8 
10 1 11 8 5 

1144 17471875641913024916 2 5
6 5 3 10 4 
6 3 5 10 4 

2280 8916695431692514919 4 5
5 11 6 7 3 
5 11 6 3 7 
11 5 6 7 3 
11 5 6 3 7 

700 329482462325841646 1 6
2 9 5 4 7 3 

1809 1340977202900481353 1 5
0 8 9 4 10 

2864 18030942448219140192 4 5
4 9 11 5 8 
4 9 11 8 5 
9 4 11 5 8 
9 4 11 8 5 

2323 11514870176636136074 2 5
0 8 4 1 11 
0 8 1 4 11 

2274 2861741810154362026 8 5
1 7 5 11 6 
1 7 11 5 6 
5 11 7 1 6 
5 11 1 7 6 
7 1 5 11 6 
7 1 11 5 6 
11 5 7 1 6 
11 5 1 7 6 

1165 2763863368835074477 2 5
2 10 0 7 3 
10 2 0 7 3 

2288 9742638882922834169 2 5
4 7 11 6 5 
7 4 11 6 5 

1179 16676058406035939749 2 6
0 1 4 10 7 3 
0 1 10 4 7 3 

2264 15727986152232345783 4 5
4 11 6 7 3 
4 11 6 3 7 
11 4 6 7 3 
11 4 6 3 7 

2232 7172807169994113502 2 5
11 4 5 7 3 
11 5 4 7 3 

605 8415474198725404798 2 6
2 4 3 9 0 6 
4 2 3 9 0 6 

1714 9226722612685714448 2 6
5 7 1 9 4 10 
7 5 1 9 4 10 

2228 12476883354267688866 6 5
4 5 7 11 2 
4 7 5 11 2 
5 4 7 11 2 
5 7 4 11 2 
7 4 5 11 2 
7 5 4 11 2 

2201 10174870385727882250 4 5
4 11 0 7 3 
4 11 0 3 7 
11 4 0 7 3 
11 4 0 3 7 

574 16874672746425353066 2 6
3 5 2 4 9 1 
5 3 2 4 9 1 

1683 3384980956411905325 2 6
0 7 4 10 9 1 
0 7 10 4 9 1 

435 9717845041472541973 1 6
1 0 4 7 5 8 

2792 15478366597581352474 2 6
5 11 9 6 3 7 
11 5 9 6 3 7 

2197 10365060297115323586 4 5
0 4 7 2 11 
0 4 7 11 2 
0 7 4 2 11 
0 7 4 11 2 

2202 5849696354824525638 4 5
4 11 1 7 3 
4 11 1 3 7 
11 4 1 7 3 
11 4 1 3 7 

2137 6305376660035953132 6 5
3 4 11 0 6 
3 11 4 0 6 
4 3 11 0 6 
4 11 3 0 6 
11 3 4 0 6 
11 4 3 0 6 

2833 17661777034756471699 2 5
0 8 4 9 11 
0 8 9 4 11 

476 3284886620169324691 1 6
2 6 4 8 3 7 

1585 13293348113902696968 2 5
0 5 9 4 10 
0 5 9 10 4 

2099 4119627431910883741 2 5
0 5 4 1 11 
0 5 1 4 11 

1857 16215629576149981877 6 5
8 9 10 0 6 
8 10 9 0 6 
9 8 10 0 6 
9 10 8 0 6 
10 8 9 0 6 
10 9 8 0 6 

748 7299371132456860034 2 6
2 5 9 6 3 7 
5 2 9 6 3 7 

2075 4119627431910883741 2 5
0 3 4 11 1 
0 3 11 4 1 

3184 18030942448219140192 4 5
5 6 11 10 4 
5 6 11 4 10 
6 5 11 10 4 
6 5 11 4 10 

966 6059386684289591168 2 6
2 8 7 6 1 9 
8 2 7 6 1 9 

1921 14386065014517644278 2 5
8 10 0 9 7 
10 8 0 9 7 

812 17929499870500844603 2 5
3 9 2 5 8 
9 3 2 5 8 

1825 3371129283442194376 2 5
9 10 0 8 5 
10 9 0 8 5 

1816 519885966325719590 2 5
9 8 3 4 10 
9 3 8 4 10 

1826 10328162633593702997 2 5
10 5 8 1 9 
10 8 5 1 9 

1704 15718247968269728054 2 5
9 5 10 3 7 
9 10 5 3 7 

1697 11816689086032098979 2 5
0 9 5 10 7 
0 9 10 5 7 

606 5558598568000744194 8 6
2 4 3 6 9 1 
2 4 6 3 9 1 
3 6 4 2 9 1 
3 6 2 4 9 1 
4 2 3 6 9 1 
4 2 6 3 9 1 
6 3 2 4 9 1 
6 3 4 2 9 1 

1688 9608830899560046761 4 5
9 7 3 4 10 
9 7 3 10 4 
9 3 7 4 10 
9 3 7 10 4 

2217 5571766792487431132 4 5
5 11 0 7 3 
5 11 0 3 7 
11 5 0 7 3 
11 5 0 3 7 

1633 6305376660035953132 6 5
5 9 10 0 6 
5 10 9 0 6 
9 5 10 0 6 
9 10 5 0 6 
10 5 9 0 6 
10 9 5 0 6 

1648 17929499870500844603 2 5
5 6 9 4 10 
6 5 9 4 10 

1634 188164556680662115 6 5
5 6 10 1 9 
5 10 6 1 9 
6 5 10 1 9 
6 10 5 1 9 
10 5 6 1 9 
10 6 5 1 9 

1624 4907043547180461533 4 5
3 6 9 4 10 
3 6 9 10 4 
6 3 9 4 10 
6 3 9 10 4 

3969 14746979857326926175 2 6
7 8 0 10 9 11 
8 7 0 10 11 9 

1612 15476917387195100497 4 5
3 6 2 10 9 
3 6 10 2 9 
6 3 2 10 9 
6 3 10 2 9 

2721 3215241521244412527 4 5
7 9 5 11 0 
7 9 11 5 0 
9 7 5 11 0 
9 7 11 5 0 

1577 4544222813668161684 2 5
5 10 0 9 3 
10 5 0 9 3 

1573 11816689086032098979 2 5
0 5 9 10 2 
0 5 10 9 2 

1561 279938061087389420 2 5
0 3 9 4 10 
0 3 9 10 4 

489 16820964360884810934 4 6
5 8 7 3 0 6 
5 8 3 7 0 6 
8 5 3 7 0 6 
8 5 7 3 0 6 

2707 5666190860685541673 2 6
0 7 4 11 9 1 
0 7 11 4 9 1 

2824 16493867128980194667 24 4
3 8 9 11 
3 8 11 9 
3 9 8 11 
3 9 11 8 
3 11 9 8 
3 11 8 9 
8 3 9 11 
8 3 11 9 
8 9 3 11 
8 9 11 3 
8 11 9 3 
8 11 3 9 
9 8 3 11 
9 8 11 3 
9 3 8 11 
9 3 11 8 
9 11 3 8 
9 11 8 3 
11 8 9 3 
11 8 3 9 
11 9 8 3 
11 9 3 8 
11 3 9 8 
11 3 8 9 

467 12711273926792415696 2 6
4 8 1 7 0 6 
8 4 1 7 0 6 

1549 4119627431910883741 2 5
0 3 2 10 9 
0 3 10 2 9 

1557 14361115738139331749 1 5
0 2 9 4 10 

2666 619306086038861002 2 6
5 11 3 6 9 1 
11 5 3 6 9 1 

461 1197150698553947866 4 6
2 8 3 7 0 6 
2 8 7 3 0 6 
8 2 3 7 0 6 
8 2 7 3 0 6 

1543 998105468070412274 2 5
0 2 10 1 9 
0 10 2 1 9 

434 141201849460213678 1 5
1 7 4 5 8 

2652 16422845455431186346 2 6
3 6 4 9 2 11 
6 3 4 9 2 11 

3079 998105468070412274 2 5
0 1 10 2 11 
0 10 1 2 11 

1441 7403188551100235689 2 5
0 7 10 8 5 
0 10 7 8 5 

1448 13298771238746109643 4 5
3 8 7 5 10 
3 8 5 7 10 
8 3 7 5 10 
8 3 5 7 10 

339 16215629576149981877 6 5
1 4 8 0 6 
1 8 4 0 6 
4 1 8 0 6 
4 8 1 0 6 
8 1 4 0 6 
8 4 1 0 6 

335 8133861384296476300 8 6
1 3 2 8 0 6 
1 3 8 2 0 6 
2 8 3 1 0 6 
2 8 1 3 0 6 
3 1 2 8 0 6 
3 1 8 2 0 6 
8 2 1 3 0 6 
8 2 3 1 0 6 

1417 12874774745265979027 2 5
0 8 10 7 3 
0 10 8 7 3 

1418 15134415663736109371 2 5
1 8 10 7 3 
1 10 8 7 3 

1432 13298771238746109643 4 5
3 10 7 4 8 
3 10 4 7 8 
10 3 7 4 8 
10 3 4 7 8 

1428 9932642622026739416 2 5
2 7 8 10 4 
2 8 7 10 4 

343 12711273926792415696 2 6
1 4 8 2 0 6 
4 1 8 2 0 6 

1452 2340792733017509552 1 6
2 10 3 7 8 5 

1425 9793967926743475458 1 5
0 8 7 10 4 

1414 13081877757709675799 4 5
7 8 1 2 10 
7 8 2 1 10 
8 7 2 1 10 
8 7 1 2 10 

1411 12946725651753409826 2 5
8 10 0 1 7 
10 8 0 1 7 

2520 8852588274566027708 1 6
11 6 4 8 3 7 

488 9608830899560046761 4 5
6 3 7 5 8 
6 3 7 8 5 
6 7 3 5 8 
6 7 3 8 5 

2105 4119627431910883741 2 5
0 11 4 3 5 
0 11 3 4 5 

482 12096436679756234900 4 5
1 7 6 5 8 
1 7 6 8 5 
7 1 6 5 8 
7 1 6 8 5 

460 8916695431692514919 4 5
2 8 6 7 3 
2 8 6 3 7 
8 2 6 7 3 
8 2 6 3 7 

1569 2357580871625128399 6 4
0 5 9 10 
0 5 10 9 
0 9 5 10 
0 9 10 5 
0 10 9 5 
0 10 5 9 

2077 865656581006853812 2 5
0 3 4 2 11 
0 4 3 2 11 

3186 12585747384167151295 2 6
5 6 1 11 10 4 
6 5 1 11 10 4 

454 2861741810154362026 8 5
1 7 2 8 6 
1 7 8 2 6 
2 8 7 1 6 
2 8 1 7 6 
7 1 2 8 6 
7 1 8 2 6 
8 2 7 1 6 
8 2 1 7 6 

1563 9970784914895921728 4 6
0 3 4 10 9 1 
0 3 4 10 1 9 
0 3 10 4 9 1 
0 3 10 4 1 9 

3746 6059386684289591168 2 6
5 7 11 10 1 9 
7 5 11 10 1 9 

1190 10535858816521210636 4 5
1 2 5 7 10 
1 2 7 5 10 
2 1 5 7 10 
2 1 7 5 10 

397 5571766792487431132 4 5
2 8 0 7 3 
2 8 0 3 7 
8 2 0 7 3 
8 2 0 3 7 

1506 8474448656640298980 1 6
1 6 10 7 8 5 

3724 12663891479916958183 2 6
10 9 7 3 2 11 
10 9 3 7 2 11 

409 10564867394000932862 2 5
0 4 8 3 7 
0 8 4 3 7 

1180 5872022182061752408 2 5
2 3 7 10 4 
2 7 3 10 4 

2289 2653508937361379505 2 6
4 7 11 5 0 6 
7 4 11 5 0 6 

3398 13737960649418383150 4 6
1 10 6 8 2 11 
1 10 8 6 2 11 
10 1 6 8 2 11 
10 1 8 6 2 11 

1473 8602388384943161159 6 5
7 8 10 0 6 
7 10 8 0 6 
8 7 10 0 6 
8 10 7 0 6 
10 7 8 0 6 
10 8 7 0 6 

1581 8686683443969862039 1 6
5 3 0 10 2 9 

345 8999991308393734526 6 5
3 4 8 0 6 
3 8 4 0 6 
4 3 8 0 6 
4 8 3 0 6 
8 3 4 0 6 
8 4 3 0 6 

2225 14650818543201751867 2 5
4 7 11 0 5 
7 4 11 0 5 

398 13864608597930871907 2 5
2 8 1 7 3 
8 2 1 7 3 

1840 6290546751556126061 2 5
9 5 8 4 10 
9 8 5 4 10 

2949 8601154298588281070 2 6
7 9 8 0 11 2 
9 7 8 0 11 2 

1864 380262724330119809 8 5
6 9 8 10 3 
6 9 10 8 3 
8 10 9 6 3 
8 10 6 9 3 
9 6 8 10 3 
9 6 10 8 3 
10 8 6 9 3 
10 8 9 6 3 

241 5442763072402823215 6 5
4 5 7 0 6 
4 7 5 0 6 
5 4 7 0 6 
5 7 4 0 6 
7 4 5 0 6 
7 5 4 0 6 

1350 10535858816521210636 4 5
1 10 6 8 2 
1 10 8 6 2 
10 1 6 8 2 
10 1 8 6 2 

785 15889926699598540934 6 4
0 4 8 9 
0 4 9 8 
0 8 4 9 
0 8 9 4 
0 9 8 4 
0 9 4 8 

2601 11081696112133563369 8 5
3 9 5 11 0 
3 9 11 5 0 
5 11 9 3 0 
5 11 3 9 0 
9 3 5 11 0 
9 3 11 5 0 
11 5 3 9 0 
11 5 9 3 0 

244 18377578517851527074 4 5
4 7 6 2 5 
4 7 2 6 5 
7 4 6 2 5 
7 4 2 6 5 

1353 4445212888374531076 6 5
3 8 10 0 6 
3 10 8 0 6 
8 3 10 0 6 
8 10 3 0 6 
10 3 8 0 6 
10 8 3 0 6 

213 18360534837494244779 6 5
2 4 7 0 6 
2 7 4 0 6 
4 2 7 0 6 
4 7 2 0 6 
7 2 4 0 6 
7 4 2 0 6 

1322 5060424377040983426 1 5
1 10 3 5 8 

2091 11081696112133563369 8 5
1 3 5 11 0 
1 3 11 5 0 
3 1 5 11 0 
3 1 11 5 0 
5 11 3 1 0 
5 11 1 3 0 
11 5 3 1 0 
11 5 1 3 0 

214 9002550714980698801 8 5
2 4 6 7 1 
2 4 7 6 1 
4 2 6 7 1 
4 2 7 6 1 
6 7 4 2 1 
6 7 2 4 1 
7 6 4 2 1 
7 6 2 4 1 

1323 15285299537106632866 1 6
1 0 10 3 5 8 

167 3215241521244412527 4 5
2 5 1 7 0 
2 5 7 1 0 
5 2 1 7 0 
5 2 7 1 0 

2333 13369428332846674740 2 6
3 4 0 8 11 2 
4 3 0 8 11 2 

220 11224176163157071875 2 5
2 4 6 7 3 
4 2 6 7 3 

1329 4097752157072007906 2 5
0 4 10 8 5 
0 10 4 8 5 

2438 11302004251299100924 6 5
1 7 8 2 11 
1 8 7 2 11 
7 1 8 2 11 
7 8 1 2 11 
8 7 1 2 11 
8 1 7 2 11 

634 16874672746425353066 2 6
4 5 6 3 9 1 
5 4 6 3 9 1 

2257 6305376660035953132 6 5
4 7 11 0 6 
4 11 7 0 6 
7 4 11 0 6 
7 11 4 0 6 
11 4 7 0 6 
11 7 4 0 6 

1148 18296857405909208473 1 6
6 2 3 5 10 4 

3366 13283001769519491718 4 6
1 10 5 8 2 11 
1 10 8 5 2 11 
10 1 5 8 2 11 
10 1 8 5 2 11 

93 16215629576149981877 6 5
2 3 4 0 6 
2 4 3 0 6 
3 2 4 0 6 
3 4 2 0 6 
4 2 3 0 6 
4 3 2 0 6 

1202 7809369332903029310 2 5
1 5 7 4 10 
1 7 5 4 10 

1378 17929499870500844603 2 5
1 10 6 5 8 
10 1 6 5 8 

405 4119627431910883741 2 5
0 2 4 7 8 
0 2 7 4 8 

569 4119627431910883741 2 5
0 9 4 5 3 
0 9 5 4 3 

1678 1471402632109825032 4 6
2 10 3 7 1 9 
2 10 7 3 1 9 
10 2 3 7 1 9 
10 2 7 3 1 9 

188 2941729723053093172 2 5
2 4 5 7 3 
2 5 4 7 3 

1297 3388034469553000808 2 4
0 8 4 10 
0 8 10 4 

3848 12090042794949843262 4 5
3 8 9 11 10 
3 8 11 9 10 
8 3 9 11 10 
8 3 11 9 10 

61 11514870176636136074 2 5
0 2 3 4 5 
0 2 4 3 5 

2785 4599404531169204049 4 6
7 9 5 11 0 6 
7 9 11 5 0 6 
9 7 5 11 0 6 
9 7 11 5 0 6 

428 5364283337905645733 2 5
2 3 7 8 5 
2 7 3 8 5 

688 15103900511381847996 6 4
9 5 7 4 
9 5 4 7 
9 7 5 4 
9 7 4 5 
9 4 7 5 
9 4 5 7 

1797 17903410966728131596 2 5
0 8 9 10 2 
0 8 10 9 2 

2441 17876580375902074555 4 5
8 11 0 7 3 
8 11 0 3 7 
11 8 0 3 7 
11 8 0 7 3 

1332 14039035254598446197 4 5
2 4 10 8 5 
2 4 10 5 8 
2 10 4 8 5 
2 10 4 5 8 

818 10328162633593702997 2 5
4 5 8 9 1 
4 8 5 9 1 

3432 1565099782556397695 2 6
3 10 6 11 5 8 
10 3 6 11 5 8 

1075 13293348113902696968 2 5
0 5 1 4 10 
0 5 1 10 4 

3148 17498980938774220750 6 5
3 6 10 2 11 
3 10 6 2 11 
6 3 10 2 11 
6 10 3 2 11 
10 3 6 2 11 
10 6 3 2 11 

791 8460733018078351788 1 6
0 8 4 2 9 1 

3009 10991837434179000896 8 6
7 9 8 11 0 6 
7 9 11 8 0 6 
8 11 7 9 0 6 
8 11 9 7 0 6 
9 7 8 11 0 6 
9 7 11 8 0 6 
11 8 7 9 0 6 
11 8 9 7 0 6 

250 12716338820689827872 2 6
4 5 1 6 7 3 
5 4 1 6 7 3 

313 15073475059828411918 2 5
0 3 4 8 5 
0 4 3 8 5 

1422 13223235798979867879 1 6
2 1 8 10 7 3 

1652 3001583706014170334 2 6
5 6 9 2 4 10 
6 5 9 2 4 10 

3248 7809369332903029310 2 5
11 5 7 4 10 
11 7 5 4 10 

2139 11975930020459373780 2 6
4 11 3 1 0 6 
11 4 3 1 0 6 

1084 16967669401740759220 2 5
2 3 5 10 4 
2 5 3 10 4 

2193 2357580871625128399 6 4
0 4 7 11 
0 4 11 7 
0 7 4 11 
0 7 11 4 
0 11 7 4 
0 11 4 7 

186 3955690351329804292 2 5
1 4 5 7 3 
1 5 4 7 3 

1295 9043310325160295240 2 6
0 1 2 3 8 10 
0 8 3 2 1 10 

59 4119627431910883741 2 5
0 1 4 5 3 
0 1 5 4 3 

1077 14360117478695170409 2 5
0 5 2 4 10 
0 5 2 10 4 

436 6551194977117695935 2 5
2 4 7 5 8 
2 7 4 5 8 

182 9742638882922834169 2 5
5 7 1 2 4 
7 5 1 2 4 

1291 5803710355025249741 2 5
0 1 8 10 3 
0 1 10 8 3 

696 17229213091681002429 2 5
9 4 5 7 3 
9 5 4 7 3 

1805 16686637176114319551 1 6
0 8 3 2 9 10 

826 940931072730402652 2 6
3 4 9 1 8 5 
4 3 9 1 8 5 

285 414099308125318328 2 5
3 4 0 2 8 
4 3 0 2 8 

1394 15484313724242053281 2 6
1 6 10 4 5 8 
6 1 5 8 10 4 

3093 13160165655120565682 2 5
0 4 10 2 11 
0 10 4 2 11 

929 16606809968675432116 4 5
7 9 0 8 5 
7 9 0 5 8 
9 7 0 8 5 
9 7 0 5 8 

3147 3080488385181466867 2 6
10 11 3 1 0 6 
11 10 3 1 0 6 

808 3284019631358231332 4 4
3 9 8 5 
3 9 5 8 
9 3 8 5 
9 3 5 8 

1065 17969594454398435853 6 4
0 3 5 10 
0 3 10 5 
0 5 3 10 
0 5 10 3 
0 10 5 3 
0 10 3 5 

2224 6842218881654508666 6 4
11 5 7 4 
11 5 4 7 
11 7 5 4 
11 7 4 5 
11 4 7 5 
11 4 5 7 

1115 2222831403387827066 2 6
3 1 4 10 0 6 
3 1 10 4 0 6 

425 18425155771390550167 4 5
0 5 8 7 3 
0 5 8 3 7 
0 8 5 7 3 
0 8 5 3 7 

3752 8852588274566027708 1 6
11 9 5 10 3 7 

1196 8624557668272698301 1 5
2 10 5 3 7 

556 16493867128980194667 24 4
2 3 5 9 
2 3 9 5 
2 5 3 9 
2 5 9 3 
2 9 5 3 
2 9 3 5 
3 2 5 9 
3 2 9 5 
3 5 2 9 
3 5 9 2 
3 9 5 2 
3 9 2 5 
5 3 2 9 
5 3 9 2 
5 2 3 9 
5 2 9 3 
5 9 2 3 
5 9 3 2 
9 3 5 2 
9 3 2 5 
9 5 3 2 
9 5 2 3 
9 2 5 3 
9 2 3 5 

299 5658607463836126523 4 5
1 3 0 5 8 
1 3 0 8 5 
3 1 0 5 8 
3 1 0 8 5 

3234 2861741810154362026 8 5
1 11 7 5 10 
1 11 5 7 10 
5 7 1 11 10 
5 7 11 1 10 
7 5 1 11 10 
7 5 11 1 10 
11 1 7 5 10 
11 1 5 7 10 

1070 10678555977736241251 2 5
3 5 2 1 10 
5 3 2 1 10 

3083 4119627431910883741 2 5
0 3 10 11 1 
0 3 11 10 1 

726 13173563819687789126 4 6
2 4 6 7 9 1 
2 4 7 6 9 1 
4 2 6 7 9 1 
4 2 7 6 9 1 

185 12803885110924032691 2 5
0 4 5 7 3 
0 5 4 7 3 

1294 380262724330119809 8 5
1 2 3 8 10 
1 2 8 3 10 
2 1 3 8 10 
2 1 8 3 10 
3 8 1 2 10 
3 8 2 1 10 
8 3 2 1 10 
8 3 1 2 10 

557 17001888784649623725 4 5
2 5 3 9 0 
2 5 9 3 0 
5 2 3 9 0 
5 2 9 3 0 

390 9787307155083580879 24 4
1 2 7 8 
1 2 8 7 
1 7 2 8 
1 7 8 2 
1 8 7 2 
1 8 2 7 
2 1 7 8 
2 1 8 7 
2 7 1 8 
2 7 8 1 
2 8 7 1 
2 8 1 7 
7 2 1 8 
7 2 8 1 
7 1 2 8 
7 1 8 2 
7 8 1 2 
7 8 2 1 
8 2 7 1 
8 2 1 7 
8 7 2 1 
8 7 1 2 
8 1 7 2 
8 1 2 7 

3717 1774475235452895364 1 6
0 7 10 9 2 11 

1157 15889926699598540934 6 4
0 2 7 10 
0 2 10 7 
0 7 2 10 
0 7 10 2 
0 10 7 2 
0 10 2 7 

2266 18421576807230540728 4 6
4 11 6 1 7 3 
4 11 6 1 3 7 
11 4 6 1 7 3 
11 4 6 1 3 7 

418 13867241296164129531 4 4
1 7 5 8 
1 7 8 5 
7 1 5 8 
7 1 8 5 

1189 17661777034756471699 2 5
0 2 7 10 5 
0 2 10 7 5 

698 5760741205537486472 2 6
4 5 1 9 7 3 
5 4 1 9 7 3 

157 12236970934774737479 2 5
2 4 0 3 7 
4 2 0 3 7 

1266 246603159967119510 1 6
6 1 5 7 4 10 

3240 4308859838972150509 1 5
11 5 10 3 7 

1644 7206314810109174200 1 6
3 10 9 5 6 2 

1049 426852195748468997 2 4
0 3 4 10 
0 3 10 4 

1306 772591878158278130 2 5
1 3 8 4 10 
1 8 3 4 10 

1228 5213228061833784929 2 5
2 10 6 3 7 
10 2 6 3 7 

1201 11544143454304140293 1 5
0 7 5 4 10 

406 2861741810154362026 8 5
1 2 7 8 4 
1 2 8 7 4 
2 1 7 8 4 
2 1 8 7 4 
7 8 1 2 4 
7 8 2 1 4 
8 7 2 1 4 
8 7 1 2 4 

920 2693133795514008578 2 5
9 4 8 3 7 
9 8 4 3 7 

636 14498150133182066701 4 6
9 3 4 6 2 5 
9 4 3 2 6 5 
9 6 2 3 4 5 
9 2 6 4 3 5 

1745 2917149550243134206 2 6
7 9 4 10 0 6 
7 9 10 4 0 6 

95 12711273926792415696 2 6
2 4 3 1 0 6 
4 2 3 1 0 6 

1204 11433547056304466732 2 5
2 5 7 4 10 
2 7 5 4 10 

1177 15644769569513952831 2 5
0 4 10 7 3 
0 10 4 7 3 

3395 11925002935398886526 2 6
1 10 8 11 0 6 
10 1 8 11 0 6 

2609 4119627431910883741 2 5
0 5 4 9 11 
0 5 9 4 11 

252 7830908359673019743 1 6
2 6 4 5 7 3 

1361 14308369829276075696 2 5
8 4 10 0 6 
8 10 4 0 6 

2470 5314460590100693368 4 6
1 7 5 8 2 11 
1 7 8 5 11 2 
7 1 5 8 2 11 
7 1 8 5 11 2 

1642 15130850328330171349 2 6
5 10 6 3 9 1 
10 5 6 3 9 1 

1299 1340977202900481353 1 5
0 8 1 10 4 

3656 12090042794949843262 4 5
3 6 10 11 9 
3 6 11 10 9 
6 3 10 11 9 
6 3 11 10 9 

410 1605685563868154682 2 5
1 4 8 3 7 
1 8 4 3 7 

504 4815644037715285647 1 6
6 4 7 3 8 5 

2722 11302004251299100924 6 5
5 7 11 1 9 
5 11 7 1 9 
7 5 11 1 9 
7 11 5 1 9 
11 5 7 1 9 
11 7 5 1 9 

1613 3315192558929033963 2 6
2 10 3 9 0 6 
10 2 3 9 0 6 

2073 2357580871625128399 6 4
0 3 4 11 
0 3 11 4 
0 4 3 11 
0 4 11 3 
0 11 4 3 
0 11 3 4 

1314 3284019631358231332 4 4
1 10 8 5 
1 10 5 8 
10 1 8 5 
10 1 5 8 

697 13994484704051373425 2 6
4 5 0 9 7 3 
5 4 0 9 7 3 

1806 16422845455431186346 2 6
3 8 2 10 1 9 
8 3 2 10 1 9 

1265 3557708324139217837 1 6
7 5 0 6 4 10 

559 17392458522486752875 2 6
2 5 3 0 9 1 
5 2 3 0 9 1 

1804 10535858816521210636 4 5
3 8 2 9 10 
3 8 9 2 10 
8 3 2 9 10 
8 3 9 2 10 

181 14287664786947398368 2 5
4 7 0 2 5 
7 4 0 2 5 

1073 426852195748468997 2 4
0 5 4 10 
0 5 10 4 

2204 5799085166765911358 2 5
4 3 7 11 2 
4 7 3 11 2 

1095 4445212888374531076 6 5
1 2 10 0 6 
1 10 2 0 6 
2 1 10 0 6 
2 10 1 0 6 
10 1 2 0 6 
10 2 1 0 6 

1122 16493867128980194667 24 4
1 5 6 10 
1 5 10 6 
1 6 5 10 
1 6 10 5 
1 10 6 5 
1 10 5 6 
5 1 6 10 
5 1 10 6 
5 6 1 10 
5 6 10 1 
5 10 6 1 
5 10 1 6 
6 5 1 10 
6 5 10 1 
6 1 5 10 
6 1 10 5 
6 10 1 5 
6 10 5 1 
10 5 6 1 
10 5 1 6 
10 6 5 1 
10 6 1 5 
10 1 6 5 
10 1 5 6 

944 8029686309265918459 1 5
9 4 7 5 8 

3162 12585747384167151295 2 6
3 6 11 1 10 4 
6 3 11 1 10 4 

403 17903410966728131596 2 5
0 1 4 8 7 
0 1 8 4 7 

1512 228886432630754108 1 6
6 10 3 7 8 5 

1640 10678555977736241251 2 5
5 10 6 9 3 
10 5 6 9 3 

558 188164556680662115 6 5
2 3 5 9 1 
2 5 3 9 1 
3 2 5 9 1 
3 5 2 9 1 
5 2 3 9 1 
5 3 2 9 1 

419 13029073815923190988 4 5
1 7 0 5 8 
1 7 0 8 5 
7 1 0 5 8 
7 1 0 8 5 

2776 15478366597581352474 2 6
4 11 6 9 3 7 
11 4 6 9 3 7 

2952 11224176163157071875 2 5
8 11 9 3 7 
11 8 9 3 7 

177 1305711513895697928 6 4
0 4 5 7 
0 4 7 5 
0 5 4 7 
0 5 7 4 
0 7 5 4 
0 7 4 5 

3504 9133368653524394438 2 6
11 7 5 8 10 4 
11 7 4 10 8 5 

2664 10535858816521210636 4 5
3 9 5 11 6 
3 9 11 5 6 
9 3 5 11 6 
9 3 11 5 6 

307 3371129283442194376 2 5
1 4 0 8 5 
4 1 0 8 5 

180 15103900511381847996 6 4
2 4 5 7 
2 4 7 5 
2 5 4 7 
2 5 7 4 
2 7 5 4 
2 7 4 5 

1289 8306782899262042537 6 4
0 3 8 10 
0 3 10 8 
0 8 3 10 
0 8 10 3 
0 10 8 3 
0 10 3 8 

158 15755789765062091800 4 5
2 4 1 3 7 
2 4 1 7 3 
4 2 1 3 7 
4 2 1 7 3 

426 10655910801854974031 2 5
1 5 8 7 3 
1 8 5 7 3 

172 9009189880820568616 4 4
2 5 3 7 
2 5 7 3 
5 2 3 7 
5 2 7 3 

2705 11816689086032098979 2 5
0 7 4 11 9 
0 7 11 4 9 

1596 2601344156369602166 2 6
3 5 2 9 10 4 
5 3 2 9 10 4 

541 9001529880177155798 2 5
0 3 2 4 9 
0 3 4 2 9 

1650 505516406475891779 4 6
5 6 4 10 1 9 
5 6 10 4 9 1 
6 5 4 10 1 9 
6 5 10 4 9 1 

433 8118680885834655387 2 5
0 4 7 5 8 
0 7 4 5 8 

3760 4051549361540792178 2 6
5 7 11 9 4 10 
7 5 11 9 4 10 

1258 10476506743161521642 2 6
5 10 1 6 3 7 
10 5 1 6 3 7 

3476 10040918559145076014 2 6
7 8 2 11 10 4 
8 7 2 11 10 4 

690 12476883354267688866 6 5
4 5 7 1 9 
4 7 5 1 9 
5 4 7 1 9 
5 7 4 1 9 
7 4 5 1 9 
7 5 4 1 9 

1799 8460733018078351788 1 6
0 8 10 2 1 9 

663 15372036642714073143 2 6
0 7 2 4 9 1 
0 7 4 2 9 1 

3368 772591878158278130 2 5
11 10 3 5 8 
11 3 10 5 8 

2259 11975930020459373780 2 6
4 11 7 1 0 6 
11 4 7 1 0 6 

1068 18264200490298321892 6 4
2 3 5 10 
2 3 10 5 
2 5 3 10 
2 5 10 3 
2 10 5 3 
2 10 3 5 

1112 3284019631358231332 4 4
3 6 4 10 
3 6 10 4 
6 3 4 10 
6 3 10 4 

2221 4238394852967244178 2 6
5 0 3 7 11 2 
5 0 7 3 11 2 

2732 11979678626195039603 1 6
5 9 3 7 11 2 

2218 13864608597930871907 2 5
5 11 1 7 3 
11 5 1 7 3 

1136 3284019631358231332 4 4
5 6 4 10 
5 6 10 4 
6 5 4 10 
6 5 10 4 

3354 7730337827004211313 4 6
3 8 1 11 4 10 
3 8 11 1 4 10 
8 3 1 11 4 10 
8 3 11 1 4 10 

496 6551194977117695935 2 5
6 4 7 5 8 
6 7 4 5 8 

2714 2542376536380223423 4 6
4 11 7 3 1 9 
4 11 3 7 1 9 
11 4 3 7 1 9 
11 4 7 3 1 9 

1037 2357580871625128399 6 4
0 2 3 10 
0 2 10 3 
0 3 2 10 
0 3 10 2 
0 10 3 2 
0 10 2 3 

753 7125672159568374739 2 6
4 5 9 7 0 6 
5 4 9 7 0 6 

1862 619306086038861002 2 6
6 8 10 2 1 9 
8 6 10 2 1 9 

212 16493867128980194667 24 4
2 4 6 7 
2 4 7 6 
2 6 4 7 
2 6 7 4 
2 7 6 4 
2 7 4 6 
4 2 6 7 
4 2 7 6 
4 6 2 7 
4 6 7 2 
4 7 6 2 
4 7 2 6 
6 4 2 7 
6 4 7 2 
6 2 4 7 
6 2 7 4 
6 7 2 4 
6 7 4 2 
7 4 6 2 
7 4 2 6 
7 6 4 2 
7 6 2 4 
7 2 6 4 
7 2 4 6 

1321 8114294573425421627 2 5
0 3 10 5 8 
0 10 3 5 8 

816 3284019631358231332 4 4
4 9 8 5 
4 9 5 8 
9 4 8 5 
9 4 5 8 

1925 11242876912506960939 1 6
7 10 9 8 0 2 

275 2145954446390519049 6 4
0 1 4 8 
0 1 8 4 
0 4 1 8 
0 4 8 1 
0 8 4 1 
0 8 1 4 

1384 519885966325719590 2 5
6 3 10 5 8 
6 10 3 5 8 

2466 8748556524691214735 2 5
1 7 11 5 8 
7 1 11 5 8 

1357 7390995956107655149 2 6
3 10 2 8 0 6 
10 3 2 8 0 6 

3146 9002550714980698801 8 5
3 6 10 11 1 
3 6 11 10 1 
6 3 10 11 1 
6 3 11 10 1 
10 11 6 3 1 
10 11 3 6 1 
11 10 6 3 1 
11 10 3 6 1 

789 5803710355025249741 2 5
0 8 4 9 2 
0 8 9 4 2 

55 11816689086032098979 2 5
0 5 4 1 2 
0 5 1 4 2 

1283 15889926699598540934 6 4
0 1 8 10 
0 1 10 8 
0 8 1 10 
0 8 10 1 
0 10 8 1 
0 10 1 8 

174 16298346047129279757 4 5
2 5 1 3 7 
2 5 1 7 3 
5 2 1 3 7 
5 2 1 7 3 

1409 14494265182576302565 6 4
0 7 8 10 
0 7 10 8 
0 8 7 10 
0 8 10 7 
0 10 8 7 
0 10 7 8 

490 17602673582476975241 2 6
1 6 5 8 7 3 
1 6 8 5 7 3 

1031 8306782899262042537 6 4
0 1 2 10 
0 1 10 2 
0 2 1 10 
0 2 10 1 
0 10 2 1 
0 10 1 2 

3249 3224808978094218625 1 6
0 11 7 5 4 10 

396 10415580415411436273 4 4
2 8 7 3 
2 8 3 7 
8 2 7 3 
8 2 3 7 

1505 11604781540495095940 2 6
7 10 0 6 8 5 
10 7 0 6 8 5 

1793 2145954446390519049 6 4
0 8 9 10 
0 8 10 9 
0 9 8 10 
0 9 10 8 
0 10 9 8 
0 10 8 9 

684 11224176163157071875 2 5
2 5 9 3 7 
5 2 9 3 7 

422 8748556524691214735 2 5
1 7 2 8 5 
7 1 2 8 5 

936 12945429956835806730 2 5
9 5 8 3 7 
9 8 5 3 7 

1193 3917994722017466923 2 5
0 5 10 3 7 
0 10 5 3 7 

2200 10415580415411436273 4 4
4 11 7 3 
4 11 3 7 
11 4 7 3 
11 4 3 7 

29 2145954446390519049 6 4
0 2 3 4 
0 2 4 3 
0 3 2 4 
0 3 4 2 
0 4 3 2 
0 4 2 3 

1138 17929499870500844603 2 5
5 6 1 10 4 
6 5 1 10 4 

3356 3653962847060582212 2 6
3 8 2 11 4 10 
8 3 2 11 4 10 

3265 16215629576149981877 6 5
7 10 11 0 6 
7 11 10 0 6 
10 7 11 0 6 
10 11 7 0 6 
11 7 10 0 6 
11 10 7 0 6 

908 15727986152232345783 4 5
2 8 9 3 7 
2 8 9 7 3 
8 2 9 3 7 
8 2 9 7 3 

624 16493867128980194667 24 4
4 5 6 9 
4 5 9 6 
4 6 5 9 
4 6 9 5 
4 9 6 5 
4 9 5 6 
5 4 6 9 
5 4 9 6 
5 6 4 9 
5 6 9 4 
5 9 6 4 
5 9 4 6 
6 5 4 9 
6 5 9 4 
6 4 5 9 
6 4 9 5 
6 9 4 5 
6 9 5 4 
9 5 6 4 
9 5 4 6 
9 6 5 4 
9 6 4 5 
9 4 6 5 
9 4 5 6 

1733 11925002935398886526 2 6
2 10 7 9 0 6 
10 2 7 9 0 6 

2842 9851460348862996612 2 6
3 8 11 4 9 1 
8 3 11 4 9 1 

565 13989938715679989524 2 5
0 5 4 9 2 
0 5 9 4 2 

51 2357580871625128399 6 4
0 1 4 5 
0 1 5 4 
0 4 1 5 
0 4 5 1 
0 5 4 1 
0 5 1 4 

3378 9227903648484236682 2 6
1 11 5 8 10 4 
1 11 8 5 10 4 

795 17446526136124595488 2 6
4 8 0 3 9 1 
8 4 0 3 9 1 

1904 15484313724242053281 2 6
6 9 5 8 4 10 
9 6 4 10 5 8 

1336 16918429573143417201 4 5
8 10 5 4 3 
8 10 4 5 3 
10 8 5 4 3 
10 8 4 5 3 

2445 4238394852967244178 2 6
8 0 3 7 2 11 
8 0 7 3 2 11 

2216 10415580415411436273 4 4
5 11 7 3 
5 11 3 7 
11 5 7 3 
11 5 3 7 

822 13636595318545546947 2 6
4 2 5 8 9 1 
4 2 8 5 9 1 

281 2331416843118109254 6 4
0 3 4 8 
0 3 8 4 
0 4 3 8 
0 4 8 3 
0 8 4 3 
0 8 3 4 

2499 4599404531169204049 4 6
8 11 7 1 0 6 
8 11 1 7 0 6 
11 8 7 1 0 6 
11 8 1 7 0 6 

3113 4544222813668161684 2 5
3 10 0 11 5 
10 3 0 11 5 

756 15075697401923997239 2 6
4 5 2 7 9 6 
4 7 9 5 2 6 

1865 8415474198725404798 2 6
8 10 9 3 0 6 
10 8 9 3 0 6 

215 3080488385181466867 2 6
2 4 7 1 0 6 
4 2 7 1 0 6 

1801 9001529880177155798 2 5
0 9 8 10 3 
0 9 10 8 3 

692 14470620298146543652 4 5
5 7 2 9 4 
5 7 9 2 4 
7 5 2 9 4 
7 5 9 2 4 

178 6842218881654508666 6 4
1 4 5 7 
1 4 7 5 
1 5 4 7 
1 5 7 4 
1 7 5 4 
1 7 4 5 

1287 5803710355025249741 2 5
0 8 1 10 2 
0 8 10 1 2 

1669 17661777034756471699 2 5
0 7 2 10 9 
0 7 10 2 9 

1128 18264200490298321892 6 4
6 5 3 10 
6 5 10 3 
6 3 5 10 
6 3 10 5 
6 10 3 5 
6 10 5 3 

2210 9787307155083580879 24 4
1 5 7 11 
1 5 11 7 
1 7 5 11 
1 7 11 5 
1 11 7 5 
1 11 5 7 
5 1 7 11 
5 1 11 7 
5 7 1 11 
5 7 11 1 
5 11 7 1 
5 11 1 7 
7 5 1 11 
7 5 11 1 
7 1 5 11 
7 1 11 5 
7 11 1 5 
7 11 5 1 
11 5 7 1 
11 5 1 7 
11 7 5 1 
11 7 1 5 
11 1 7 5 
11 1 5 7 

1101 12319109537439914525 6 5
2 3 10 0 6 
2 10 3 0 6 
3 2 10 0 6 
3 10 2 0 6 
10 2 3 0 6 
10 3 2 0 6 

668 17735614887856741856 4 5
2 4 9 7 3 
2 4 9 3 7 
4 2 9 7 3 
4 2 9 3 7 

3331 17661777034756471699 2 5
0 8 1 10 11 
0 8 10 1 11 

1113 85763946688305467 2 5
3 4 10 0 6 
3 10 4 0 6 

2222 13874066143330809107 1 6
5 1 7 3 11 2 

626 188164556680662115 6 5
4 5 6 9 1 
4 6 5 9 1 
5 4 6 9 1 
5 6 4 9 1 
6 4 5 9 1 
6 5 4 9 1 

2844 15130850328330171349 2 6
3 8 9 4 2 11 
8 3 9 4 2 11 

1708 591536333165686090 1 6
2 9 5 10 3 7 

1681 12902813593131040727 2 5
0 7 9 4 10 
0 7 9 10 4 

572 12090042794949843262 4 5
2 9 5 3 4 
2 9 3 5 4 
9 2 5 3 4 
9 2 3 5 4 

1140 13576496459569234630 4 5
5 6 2 4 10 
5 6 2 10 4 
6 5 2 4 10 
6 5 2 10 4 

31 17903410966728131596 2 5
0 3 2 4 1 
0 3 4 2 1 

1169 7386423065787580540 2 4
0 7 4 10 
0 7 10 4 

2278 6059386684289591168 2 6
1 7 5 6 11 2 
7 1 5 6 11 2 

628 12090042794949843262 4 5
4 9 5 6 2 
4 9 6 5 2 
9 4 5 6 2 
9 4 6 5 2 

2220 5799085166765911358 2 5
5 3 7 11 2 
5 7 3 11 2 

1706 8287223247802953573 2 6
5 10 1 9 3 7 
10 5 1 9 3 7 

1368 5060424377040983426 1 5
6 3 8 4 10 

63 14332948745196178216 1 6
0 2 1 5 3 4 

2281 1197150698553947866 4 6
5 11 7 3 0 6 
5 11 3 7 0 6 
11 5 3 7 0 6 
11 5 7 3 0 6 

1713 6191886733919142692 1 6
0 9 5 7 4 10 

468 9002550714980698801 8 5
2 6 4 7 8 
2 6 7 4 8 
4 7 6 2 8 
4 7 2 6 8 
6 2 4 7 8 
6 2 7 4 8 
7 4 6 2 8 
7 4 2 6 8 

2825 17001888784649623725 4 5
8 11 9 3 0 
8 11 3 9 0 
11 8 3 9 0 
11 8 9 3 0 

1716 15943038353655707021 2 6
5 7 2 9 4 10 
7 5 2 9 4 10 

661 13989938715679989524 2 5
0 7 4 2 9 
0 7 2 4 9 

677 4572833551759814250 8 5
2 5 7 9 0 
2 5 9 7 0 
5 2 7 9 0 
5 2 9 7 0 
7 9 5 2 0 
7 9 2 5 0 
9 7 5 2 0 
9 7 2 5 0 

689 14287664786947398368 2 5
4 5 0 9 7 
5 4 0 9 7 

1355 13240297162421767876 2 6
8 10 1 3 0 6 
10 8 1 3 0 6 

1328 1462365906018595160 24 4
4 5 8 10 
4 5 10 8 
4 8 5 10 
4 8 10 5 
4 10 8 5 
4 10 5 8 
5 4 8 10 
5 4 10 8 
5 8 4 10 
5 8 10 4 
5 10 8 4 
5 10 4 8 
8 5 4 10 
8 5 10 4 
8 4 5 10 
8 4 10 5 
8 10 4 5 
8 10 5 4 
10 5 8 4 
10 5 4 8 
10 8 5 4 
10 8 4 5 
10 4 8 5 
10 4 5 8 

3144 16493867128980194667 24 4
3 6 10 11 
3 6 11 10 
3 10 6 11 
3 10 11 6 
3 11 10 6 
3 11 6 10 
6 3 10 11 
6 3 11 10 
6 10 3 11 
6 10 11 3 
6 11 10 3 
6 11 3 10 
10 6 3 11 
10 6 11 3 
10 3 6 11 
10 3 11 6 
10 11 3 6 
10 11 6 3 
11 6 10 3 
11 6 3 10 
11 10 6 3 
11 10 3 6 
11 3 10 6 
11 3 6 10 

787 2418907155155573803 2 5
0 4 8 9 1 
0 8 4 9 1 

1896 13096493046098319588 1 6
9 6 10 3 5 8 

621 8087746922934076067 4 6
2 5 3 9 0 6 
2 5 9 3 0 6 
5 2 3 9 0 6 
5 2 9 3 0 6 

2978 16034189933876614394 1 6
7 11 5 8 1 9 

183 1368480060889910700 1 6
5 7 0 4 2 1 

3081 2357580871625128399 6 4
0 3 10 11 
0 3 11 10 
0 10 3 11 
0 10 11 3 
0 11 10 3 
0 11 3 10 

724 12090042794949843262 4 5
2 4 6 7 9 
2 4 7 6 9 
4 2 6 7 9 
4 2 7 6 9 

1833 1692752002479857420 1 6
9 0 10 3 5 8 

794 17700850455905941888 6 5
3 4 8 9 1 
3 8 4 9 1 
4 3 8 9 1 
4 8 3 9 1 
8 3 4 9 1 
8 4 3 9 1 

1051 279938061087389420 2 5
0 3 1 4 10 
0 3 1 10 4 

3269 13681894213762327737 2 6
7 10 0 6 2 11 
10 7 0 6 2 11 

1308 16325191593490913287 2 5
2 3 8 4 10 
2 8 3 4 10 

2945 4572833551759814250 8 5
7 9 8 11 0 
7 9 11 8 0 
8 11 9 7 0 
8 11 7 9 0 
9 7 8 11 0 
9 7 11 8 0 
11 8 7 9 0 
11 8 9 7 0 

1836 9737152103411092582 1 6
9 2 3 10 5 8 

240 15103900511381847996 6 4
6 5 4 7 
6 5 7 4 
6 4 5 7 
6 4 7 5 
6 7 4 5 
6 7 5 4 

2458 2161985975228823532 1 6
11 1 8 4 3 7 

781 11081696112133563369 8 5
2 8 3 9 0 
2 8 9 3 0 
3 9 8 2 0 
3 9 2 8 0 
8 2 3 9 0 
8 2 9 3 0 
9 3 2 8 0 
9 3 8 2 0 

1890 13315757738436279964 1 6
10 6 5 8 1 9 

796 10678555977736241251 2 5
3 8 9 2 4 
8 3 9 2 4 

1053 15373993929144855041 1 5
0 3 2 4 10 

1926 16924807556073247212 2 6
7 8 2 10 1 9 
8 7 2 10 1 9 

810 10328162633593702997 2 5
3 5 8 9 1 
3 8 5 9 1 

1067 4544222813668161684 2 5
5 10 0 1 3 
10 5 0 1 3 

783 10183903583861675278 4 6
2 8 3 0 1 9 
2 8 3 0 9 1 
8 2 3 0 1 9 
8 2 3 0 9 1 

242 9742638882922834169 2 5
4 5 1 6 7 
5 4 1 6 7 

1351 13240297162421767876 2 6
1 10 8 2 0 6 
10 1 8 2 0 6 

2460 5708341467606277391 2 6
4 8 2 11 3 7 
8 4 11 2 3 7 

283 414099308125318328 2 5
4 8 0 1 3 
8 4 0 1 3 

1392 6290546751556126061 2 5
6 4 10 5 8 
6 10 4 5 8 

824 17471875641913024916 2 5
9 4 3 8 5 
9 3 4 8 5 

1081 18265649274558798105 2 5
0 3 5 10 4 
0 5 3 10 4 

3209 12236970934774737479 2 5
10 11 0 7 3 
11 10 0 7 3 

852 10535858816521210636 4 5
4 9 6 8 2 
4 9 8 6 2 
9 4 6 8 2 
9 4 8 6 2 

1137 85763946688305467 2 5
5 4 10 0 6 
5 10 4 0 6 

303 7342987095141645603 2 6
1 3 2 0 5 8 
3 1 2 0 5 8 

3201 2145954446390519049 6 4
0 7 10 11 
0 7 11 10 
0 10 7 11 
0 10 11 7 
0 11 10 7 
0 11 7 10 

844 10535858816521210636 4 5
3 9 8 2 6 
3 9 2 8 6 
9 3 8 2 6 
9 3 2 8 6 

1953 1523103652848341779 1 6
9 0 10 7 8 5 

2672 9002550714980698801 8 5
4 9 6 5 11 
4 9 5 6 11 
5 6 4 9 11 
5 6 9 4 11 
6 5 4 9 11 
6 5 9 4 11 
9 4 6 5 11 
9 4 5 6 11 

315 4741137113166614901 1 6
1 0 4 3 8 5 

2736 9742638882922834169 2 5
5 7 11 9 4 
7 5 11 9 4 

3845 5511038480072423390 2 6
0 8 9 10 11 2 
0 8 10 9 11 2 

2195 4119627431910883741 2 5
0 7 4 11 1 
0 7 11 4 1 

1086 18316689973860846735 2 6
3 5 2 1 10 4 
5 3 2 1 10 4 

3304 11257004672657252108 1 6
11 6 10 5 3 7 

1413 12946725651753409826 2 5
7 10 0 2 8 
10 7 0 2 8 

872 4907043547180461533 4 5
3 9 6 8 5 
3 9 6 5 8 
9 3 6 8 5 
9 3 6 5 8 

2211 10908961988780902799 8 5
1 7 5 11 0 
1 7 11 5 0 
5 11 7 1 0 
5 11 1 7 0 
7 1 5 11 0 
7 1 11 5 0 
11 5 1 7 0 
11 5 7 1 0 

47 3215241521244412527 4 5
2 5 3 1 0 
2 5 1 3 0 
5 2 1 3 0 
5 2 3 1 0 

2265 13203525312694164420 4 6
4 11 7 3 0 6 
4 11 3 7 0 6 
11 4 3 7 0 6 
11 4 7 3 0 6 

1129 11029003212462557594 6 5
3 5 10 0 6 
3 10 5 0 6 
5 3 10 0 6 
5 10 3 0 6 
10 3 5 0 6 
10 5 3 0 6 

3347 239389224104328147 1 6
0 8 1 11 10 4 

115 6305376660035953132 6 5
1 4 5 0 6 
1 5 4 0 6 
4 1 5 0 6 
4 5 1 0 6 
5 1 4 0 6 
5 4 1 0 6 

2472 5364283337905645733 2 5
11 7 3 5 8 
11 3 7 5 8 

3720 1949253709658651230 4 5
10 11 9 3 7 
10 11 9 7 3 
11 10 9 7 3 
11 10 9 3 7 

1363 1201206039912622181 1 6
8 1 10 4 0 6 

849 8470668446429272608 6 5
4 8 9 0 6 
4 9 8 0 6 
8 4 9 0 6 
8 9 4 0 6 
9 4 8 0 6 
9 8 4 0 6 

902 11302004251299100924 6 5
2 7 8 1 9 
2 8 7 1 9 
7 2 8 1 9 
7 8 2 1 9 
8 2 7 1 9 
8 7 2 1 9 

1159 5803710355025249741 2 5
0 7 2 10 1 
0 7 10 2 1 

2268 11979678626195039603 1 6
4 6 7 3 11 2 

3377 17590070941873744839 2 6
0 11 10 4 8 5 
0 11 4 10 8 5 

632 12090042794949843262 4 5
6 9 5 4 3 
6 9 4 5 3 
9 6 5 4 3 
9 6 4 5 3 

1173 12590398288131990471 1 5
0 7 2 10 4 

2282 8291241132421332429 2 6
5 11 1 6 7 3 
11 5 1 6 7 3 

1442 5381748816758556344 1 5
1 7 10 8 5 

901 3215241521244412527 4 5
7 9 8 2 0 
7 9 2 8 0 
9 7 2 8 0 
9 7 8 2 0 

1187 4119627431910883741 2 5
0 1 5 10 7 
0 1 10 5 7 

2296 3970075292320049087 1 6
11 6 4 5 7 3 

498 15454901268187193454 1 6
1 6 4 7 5 8 

1607 4249986586193911958 2 6
2 10 0 6 1 9 
10 2 0 6 1 9 

2716 11301915010256004180 2 6
4 9 7 3 11 2 
4 9 3 7 11 2 

1580 16964128542291722576 2 5
3 5 2 9 10 
5 3 2 9 10 

1039 11433204448451391742 2 5
0 3 2 10 1 
0 3 10 2 1 

1063 13989938715679989524 2 5
0 5 1 10 2 
0 5 10 1 2 

561 2357580871625128399 6 4
0 4 5 9 
0 4 9 5 
0 5 4 9 
0 5 9 4 
0 9 5 4 
0 9 4 5 

573 12846037057016745916 1 6
0 2 9 5 3 4 

1114 18030942448219140192 4 5
3 6 1 4 10 
3 6 1 10 4 
6 3 1 4 10 
6 3 1 10 4 

1126 12090042794949843262 4 5
1 10 5 6 2 
1 10 6 5 2 
10 1 5 6 2 
10 1 6 5 2 

1130 16964128542291722576 2 5
5 10 6 1 3 
10 5 6 1 3 

2226 18262178006860428860 4 5
5 7 1 11 4 
5 7 11 1 4 
7 5 1 11 4 
7 5 11 1 4 

1117 16984401085337893771 1 6
3 2 4 10 0 6 

3335 16075484383698688869 2 6
0 8 1 10 11 2 
0 8 10 1 11 2 

2214 11302004251299100924 6 5
1 5 7 11 2 
1 7 5 11 2 
5 1 7 11 2 
5 7 1 11 2 
7 5 1 11 2 
7 1 5 11 2 

630 16874672746425353066 2 6
5 6 4 2 9 1 
6 5 4 2 9 1 

1712 6551194977117695935 2 5
9 5 7 4 10 
9 7 5 4 10 

625 18360534837494244779 6 5
4 5 9 0 6 
4 9 5 0 6 
5 4 9 0 6 
5 9 4 0 6 
9 4 5 0 6 
9 5 4 0 6 

1734 13737960649418383150 4 6
2 10 6 7 1 9 
2 10 7 6 1 9 
10 2 6 7 1 9 
10 2 7 6 1 9 

1166 5957115552493783420 4 5
2 10 1 7 3 
2 10 1 3 7 
10 2 1 7 3 
10 2 1 3 7 

2275 3998585274101298018 8 6
1 7 5 11 0 6 
1 7 11 5 0 6 
5 11 7 1 0 6 
5 11 1 7 0 6 
7 1 5 11 0 6 
7 1 11 5 0 6 
11 5 1 7 0 6 
11 5 7 1 0 6 

3384 13452903476872714843 2 6
11 3 8 5 10 4 
11 3 10 4 8 5 

2260 188164556680662115 6 5
4 6 7 2 11 
4 7 6 2 11 
6 4 7 2 11 
6 7 4 2 11 
7 4 6 2 11 
7 6 4 2 11 

3369 10812125483129680697 2 6
3 10 0 11 5 8 
10 3 0 11 5 8 

1178 10435594593876979021 4 5
1 3 7 4 10 
1 3 7 10 4 
1 7 3 4 10 
1 7 3 10 4 

1194 1605685563868154682 2 5
1 5 10 3 7 
1 10 5 3 7 

2856 17929499870500844603 2 5
3 9 11 8 5 
9 3 11 8 5 

2315 3215241521244412527 4 5
8 11 3 1 0 
8 11 1 3 0 
11 8 3 1 0 
11 8 1 3 0 

1206 3255069345040018912 2 6
5 7 1 2 4 10 
7 5 1 2 4 10 

2508 5032884347670620702 2 6
8 6 3 7 2 11 
8 6 7 3 2 11 

151 4119627431910883741 2 5
0 7 2 4 1 
0 7 4 2 1 

3617 4119627431910883741 2 5
0 5 9 10 11 
0 5 10 9 11 

1260 17916891097581034343 1 6
2 6 10 5 3 7 

1233 2060151600338849981 2 5
7 4 10 0 6 
7 10 4 0 6 

1222 10535858816521210636 4 5
2 10 6 7 1 
2 10 7 6 1 
10 2 6 7 1 
10 2 7 6 1 

2331 3547913959313849153 1 6
8 4 11 3 0 1 

3400 12090042794949843262 4 5
3 10 6 11 8 
3 10 11 6 8 
10 3 6 11 8 
10 3 11 6 8 

1182 151659469034891800 2 6
2 1 3 7 10 4 
2 1 7 3 10 4 

3593 4119627431910883741 2 5
0 3 10 11 9 
0 3 11 10 9 

1236 14205586631161939149 2 5
6 7 2 4 10 
7 6 2 4 10 

1221 8470668446429272608 6 5
2 7 10 0 6 
2 10 7 0 6 
7 2 10 0 6 
7 10 2 0 6 
10 2 7 0 6 
10 7 2 0 6 

1256 2693133795514008578 2 5
6 5 10 3 7 
6 10 5 3 7 

1250 9002550714980698801 8 5
1 6 5 10 7 
1 6 10 5 7 
5 10 6 1 7 
5 10 1 6 7 
6 1 5 10 7 
6 1 10 5 7 
10 5 6 1 7 
10 5 1 6 7 

1111 6420825334505582367 1 6
2 1 0 6 10 4 

3468 13680818768124048764 1 6
8 10 2 11 7 3 

1832 5060424377040983426 1 5
9 3 10 5 8 

1100 16843014019913416440 24 4
2 3 6 10 
2 3 10 6 
2 6 3 10 
2 6 10 3 
2 10 6 3 
2 10 3 6 
3 2 6 10 
3 2 10 6 
3 6 2 10 
3 6 10 2 
3 10 6 2 
3 10 2 6 
6 3 2 10 
6 3 10 2 
6 2 3 10 
6 2 10 3 
6 10 2 3 
6 10 3 2 
10 3 6 2 
10 3 2 6 
10 6 3 2 
10 6 2 3 
10 2 6 3 
10 2 3 6 

3457 14386065014517644278 2 5
7 10 0 11 8 
10 7 0 11 8 

752 18377578517851527074 4 5
4 5 6 9 7 
4 5 9 6 7 
5 4 6 9 7 
5 4 9 6 7 

1861 12711273926792415696 2 6
9 10 8 2 0 6 
10 9 8 2 0 6 

1293 11433204448451391742 2 5
0 2 3 10 8 
0 2 10 3 8 

1305 928821248340449978 1 5
0 8 3 4 10 

236 1949253709658651230 4 5
2 5 6 3 7 
2 5 6 7 3 
5 2 6 3 7 
5 2 6 7 3 

2454 6059386684289591168 2 6
7 8 1 4 2 11 
8 7 1 4 2 11 

1318 4907043547180461533 4 5
1 10 2 8 5 
1 10 2 5 8 
10 1 2 8 5 
10 1 2 5 8 

3672 6742865187071144467 2 6
3 6 11 9 10 4 
6 3 11 9 10 4 

1315 632385444828901855 2 5
1 10 0 8 5 
10 1 0 8 5 

809 2945739936156282070 4 5
3 9 0 8 5 
3 9 0 5 8 
9 3 0 8 5 
9 3 0 5 8 

1929 15172370059562040946 2 6
8 10 0 9 7 3 
10 8 0 9 7 3 

279 17903410966728131596 2 5
0 8 4 1 2 
0 8 1 4 2 

3745 14332948745196178216 1 6
0 7 5 9 11 10 

1388 18168138073173508009 4 6
3 10 6 2 5 8 
3 10 2 6 5 8 
10 3 6 2 5 8 
10 3 2 6 5 8 

2473 2717321336939789098 2 6
11 0 7 3 5 8 
11 0 3 7 5 8 

3713 11514870176636136074 2 5
0 7 10 11 9 
0 7 11 10 9 

1356 15476917387195100497 4 5
3 10 6 2 8 
3 10 2 6 8 
10 3 6 2 8 
10 3 2 6 8 

3170 9002550714980698801 8 5
1 10 6 5 11 
1 10 5 6 11 
5 6 1 10 11 
5 6 10 1 11 
6 5 1 10 11 
6 5 10 1 11 
10 1 6 5 11 
10 1 5 6 11 

813 5752286277732795573 2 6
3 9 2 0 5 8 
9 3 2 0 5 8 

2435 3215241521244412527 4 5
8 11 7 1 0 
8 11 1 7 0 
11 8 7 1 0 
11 8 1 7 0 

1326 13096493046098319588 1 6
1 2 3 10 5 8 

271 11081696112133563369 8 5
1 3 2 8 0 
1 3 8 2 0 
2 8 3 1 0 
2 8 1 3 0 
3 1 2 8 0 
3 1 8 2 0 
8 2 1 3 0 
8 2 3 1 0 

3208 9009189880820568616 4 4
10 11 3 7 
10 11 7 3 
11 10 7 3 
11 10 3 7 

851 13681894213762327737 2 6
4 8 0 6 9 1 
8 4 0 6 9 1 

1960 16714298363791417182 1 6
9 10 8 5 3 7 

3203 17903410966728131596 2 5
0 7 10 11 1 
0 7 11 10 1 

846 619306086038861002 2 6
2 8 3 6 9 1 
8 2 3 6 9 1 

3210 15755789765062091800 4 5
10 11 1 7 3 
10 11 1 3 7 
11 10 1 3 7 
11 10 1 7 3 

853 13240297162421767876 2 6
4 9 8 2 0 6 
9 4 8 2 0 6 

858 15963195480403064570 2 6
4 8 6 3 9 1 
8 4 6 3 9 1 

3214 18163072193172161464 2 6
10 1 3 7 2 11 
10 1 7 3 2 11 

857 2038467427154400316 2 6
4 8 9 3 0 6 
8 4 9 3 0 6 

845 6907976915280532957 4 6
3 9 8 2 0 6 
3 9 2 8 0 6 
9 3 2 8 0 6 
9 3 8 2 0 6 

1954 787662516183848947 1 6
7 10 1 9 8 5 

3217 15567660972228796980 1 5
0 7 11 10 4 

860 7360110761625409542 2 6
3 4 9 8 6 2 
4 3 9 8 2 6 

882 13315757738436279964 1 6
4 6 5 8 9 1 

3099 9133304791398543027 2 6
0 3 11 1 10 4 
0 3 11 1 4 10 

874 13636595318545546947 2 6
3 6 5 8 9 1 
3 6 8 5 9 1 

3233 17903410966728131596 2 5
0 11 7 10 5 
0 11 10 7 5 

876 6742865187071144467 2 6
3 9 2 6 5 8 
9 3 2 6 5 8 

1985 18405451488576899573 2 6
8 10 9 7 0 6 
10 8 9 7 0 6 

888 5205112710279833702 1 6
9 6 4 3 8 5 

873 5398297086678291012 4 6
3 9 5 8 0 6 
3 9 8 5 0 6 
9 3 5 8 0 6 
9 3 8 5 0 6 

3272 11224176163157071875 2 5
10 11 6 3 7 
11 10 6 3 7 

915 3642903103555033440 2 6
4 8 0 7 9 1 
8 4 0 7 9 1 

918 13156156264668835770 2 6
7 8 2 4 1 9 
8 7 2 4 1 9 

3267 12711273926792415696 2 6
10 11 7 1 0 6 
11 10 7 1 0 6 

910 12702529486874921827 2 6
2 8 7 3 1 9 
8 2 7 3 1 9 

922 3536309233264066974 2 6
4 8 1 9 3 7 
8 4 1 9 3 7 

921 17348050076273698985 2 6
4 8 0 9 3 7 
8 4 0 9 3 7 

934 16034189933876614394 1 6
7 2 8 5 1 9 

909 2693881032557489986 2 6
2 8 9 0 7 3 
8 2 9 0 7 3 

3281 6931267647841367807 1 6
7 11 10 4 0 6 

924 7427390361861587588 1 6
2 9 8 4 3 7 

3288 17710754279246958354 1 6
11 6 4 10 3 7 

931 9752895235396400345 2 6
7 0 5 8 1 9 
7 0 8 5 1 9 

792 18264200490298321892 6 4
9 4 8 3 
9 4 3 8 
9 8 4 3 
9 8 3 4 
9 3 8 4 
9 3 4 8 

3149 8420206277164783030 2 6
3 10 0 6 2 11 
10 3 0 6 2 11 

946 9114084167611654122 1 6
7 4 1 9 5 8 

3164 564931490230904088 2 6
3 6 10 4 2 11 
6 3 10 4 2 11 

933 4351497521836776990 2 6
7 9 2 0 5 8 
9 7 2 0 5 8 

945 6292676640884217610 1 6
9 0 4 7 5 8 

948 4200883180903613168 1 6
9 2 7 4 5 8 

937 5395835211167717783 2 6
9 0 5 8 7 3 
9 0 8 5 7 3 

938 4421465311637426263 2 6
5 8 7 3 1 9 
8 5 7 3 1 9 

3337 13989938715679989524 2 5
0 11 10 3 8 
0 11 3 10 8 

980 15996805703364594649 2 6
2 4 8 9 6 7 
4 2 8 9 7 6 

965 4599404531169204049 4 6
7 9 8 2 0 6 
7 9 2 8 0 6 
9 7 2 8 0 6 
9 7 8 2 0 6 

977 11925002935398886526 2 6
4 8 9 7 0 6 
8 4 9 7 0 6 

972 15478366597581352474 2 6
2 8 9 6 3 7 
8 2 9 6 3 7 

3341 13433392215619510166 2 6
3 10 0 8 11 2 
10 3 0 8 11 2 

984 5090348713235993735 2 6
4 8 9 6 3 7 
8 4 9 6 3 7 

1000 529429395539004301 2 6
9 6 5 8 3 7 
9 6 8 5 3 7 

2109 17164896745602268992 2 6
3 4 0 5 2 11 
4 3 0 5 2 11 

1008 13424114620790532711 1 6
9 6 4 7 5 8 

3226 16968642416395535977 2 6
11 1 7 3 4 10 
11 1 3 7 4 10 

1079 16665667890886185942 1 6
0 5 1 2 10 4 

940 17710754279246958354 1 6
2 9 8 5 3 7 

3297 12711273926792415696 2 6
7 10 11 5 0 6 
10 7 11 5 0 6 

993 655689635277547994 4 6
7 9 8 5 0 6 
7 9 5 8 0 6 
9 7 5 8 0 6 
9 7 8 5 0 6 

854 619306086038861002 2 6
6 8 4 2 9 1 
8 6 4 2 9 1 

3211 16225468750945453577 2 6
10 11 0 1 7 3 
11 10 0 1 7 3 

3412 11800164316089964137 4 6
6 8 4 10 2 11 
6 8 10 4 2 11 
8 6 4 10 2 11 
8 6 10 4 2 11 

1055 4167434554215761741 1 6
0 3 2 1 4 10 

916 10535858816521210636 4 5
2 9 7 8 4 
2 9 8 7 4 
9 2 7 8 4 
9 2 8 7 4 

3273 11318647517854662543 2 6
10 11 7 3 0 6 
11 10 7 3 0 6 

3440 9227903648484236682 2 6
6 11 4 10 5 8 
6 11 10 4 5 8 

1083 15354801097535097139 1 6
0 1 5 3 10 4 

1071 18287182443658968441 1 6
5 10 2 3 0 1 

1085 15644866515002793984 1 6
0 2 3 5 10 4 

1118 7773922226276322971 2 6
3 6 2 1 10 4 
6 3 2 1 10 4 

2227 14541658724905595052 2 6
5 7 0 4 11 1 
7 5 0 4 1 11 

1103 7390995956107655149 2 6
2 10 3 1 0 6 
10 2 3 1 0 6 

1142 3001583706014170334 2 6
5 6 1 2 10 4 
6 5 1 2 10 4 

1141 6899703005392800213 2 6
5 2 4 10 0 6 
5 2 10 4 0 6 

1146 6338895717737680452 1 6
6 1 5 3 10 4 

1131 8765527684297367520 2 6
5 10 1 3 0 6 
10 5 1 3 0 6 

3349 1665941475676677376 2 6
0 8 4 10 11 2 
0 8 10 4 11 2 

1145 16536986123895025436 2 6
3 5 0 6 10 4 
5 3 0 6 10 4 

3363 17630662513522632835 2 6
1 10 0 11 8 5 
10 1 0 11 8 5 

1175 9245243002986427272 1 6
0 7 2 1 10 4 

2284 5032884347670620702 2 6
5 6 3 7 11 2 
5 6 7 3 11 2 

1167 15507181733927653744 2 6
2 10 0 1 7 3 
10 2 0 1 7 3 

1191 5808784696569469280 1 6
0 2 1 5 7 10 

3409 9645609133631155215 2 6
8 11 10 4 0 6 
8 11 4 10 0 6 

1181 16422101029009875462 1 6
0 2 7 3 10 4 

2290 17753716194467904072 2 6
5 7 6 4 11 1 
7 5 6 4 1 11 

1203 12968708983839064128 1 6
0 1 5 7 4 10 

1205 9914084898351617981 1 6
0 2 7 5 4 10 

1210 7148929958810029313 1 6
1 5 7 3 10 4 

2319 6585966409084214587 2 6
1 3 8 0 11 2 
3 1 8 0 11 2 

1195 16430552461736641105 2 6
5 10 1 0 3 7 
10 5 1 0 3 7 

1198 9935000587985377945 1 6
2 1 5 10 3 7 

1059 2357580871625128399 6 4
0 1 5 10 
0 1 10 5 
0 5 1 10 
0 5 10 1 
0 10 5 1 
0 10 1 5 

3416 15246289277208013841 1 6
6 11 3 8 4 10 

1197 13017726683184064092 1 6
2 0 10 5 3 7 

1209 1131162129533303539 1 6
0 5 4 10 3 7 

1212 15886538879392445887 1 6
2 5 3 7 4 10 

2347 7342987095141645603 2 6
1 3 11 0 8 5 
3 1 11 0 8 5 

1235 11860331614292898441 2 6
7 1 4 10 0 6 
7 1 10 4 0 6 

1223 13240297162421767876 2 6
2 10 7 1 0 6 
10 2 7 1 0 6 

1230 2480140881012411721 2 6
2 10 6 1 3 7 
10 2 6 1 3 7 

1237 6717444700494981241 1 6
7 2 10 4 0 6 

1242 9685541437763355934 2 6
6 1 4 10 3 7 
6 1 10 4 3 7 

1241 9509515879825465960 2 6
4 10 7 3 0 6 
10 4 7 3 0 6 

1102 15476917387195100497 4 5
2 10 3 6 1 
2 10 6 3 1 
10 2 3 6 1 
10 2 6 3 1 

3459 11242876912506960939 1 6
8 10 11 7 0 1 

1229 8099405487740596906 2 6
2 10 7 3 0 6 
10 2 7 3 0 6 

1244 13438120459202960891 1 6
2 6 10 4 3 7 

3462 16924807556073247212 2 6
7 8 1 10 2 11 
8 7 1 10 2 11 

1254 15996805703364594649 2 6
1 10 7 2 6 5 
10 1 7 2 5 6 

1251 3080488385181466867 2 6
5 10 1 7 0 6 
10 5 1 7 0 6 

1253 11925002935398886526 2 6
7 10 2 5 0 6 
10 7 2 5 0 6 

1257 13911969470629726627 2 6
5 10 0 6 3 7 
10 5 0 6 3 7 

1272 8384814109348663857 1 6
6 5 10 4 7 3 

1133 7464291920345780609 2 6
3 10 2 5 0 6 
10 3 2 5 0 6 

3490 3981855511951066848 1 6
1 11 7 10 8 5 

3660 1184509719763002632 2 6
3 6 10 9 2 11 
6 3 10 9 2 11 

1303 16601423574474335506 1 6
0 8 1 2 10 4 

1164 3827232255557709448 4 4
2 10 7 3 
2 10 3 7 
10 2 7 3 
10 2 3 7 

3521 18405451488576899573 2 6
7 10 11 8 0 6 
10 7 11 8 0 6 

1307 3709014037871020151 1 6
0 1 8 3 4 10 

1310 6422735992914151994 2 6
3 8 2 1 4 10 
8 3 2 1 4 10 

1171 18363455574660993606 2 5
0 7 1 4 10 
0 7 1 10 4 

3528 9427137380926696412 1 6
11 6 10 8 7 3 

1309 3818425932315776138 1 6
0 2 3 8 4 10 

1334 16607278470617165400 2 6
1 2 5 8 10 4 
1 2 8 5 10 4 

2443 18023822926075778742 4 6
8 11 1 0 7 3 
8 11 1 0 3 7 
11 8 1 0 3 7 
11 8 1 0 7 3 

1319 361535559659312124 2 6
1 10 0 2 8 5 
10 1 0 2 8 5 

1338 17293475449204062816 1 6
1 3 8 5 10 4 

1337 15358989886597926955 1 6
0 3 4 10 5 8 

2446 13874066143330809107 1 6
8 1 7 3 2 11 

1366 939359381137693712 2 6
6 8 1 2 10 4 
8 6 1 2 10 4 

2474 13740381302636371033 1 6
1 11 7 3 5 8 

1370 996648347406216008 1 6
6 1 8 3 4 10 

2481 16422724362884731848 2 6
4 7 11 0 5 8 
7 4 11 0 5 8 

1369 17614328086711970207 1 6
8 3 0 6 4 10 

1382 6742865187071144467 2 6
1 10 6 2 5 8 
10 1 6 2 5 8 

3736 4062557009722690976 2 6
11 9 7 3 4 10 
11 9 3 7 4 10 

1379 16381134829186989145 2 6
1 10 8 5 0 6 
10 1 8 5 0 6 

2488 12857644958335346169 1 6
11 4 7 3 8 5 

1240 12945429956835806730 2 5
6 4 10 3 7 
6 10 4 3 7 

3597 8005026831232614842 2 6
0 3 10 9 2 11 
0 3 10 9 11 2 

1393 3673741254927483446 2 6
4 10 8 5 0 6 
10 4 8 5 0 6 

2502 6059386684289591168 2 6
1 7 8 6 2 11 
7 1 8 6 2 11 

1386 9737152103411092582 1 6
1 6 10 3 5 8 

1385 10073072260674088767 2 6
3 10 0 6 5 8 
10 3 0 6 5 8 

1400 3985524158805340701 1 6
6 3 10 4 8 5 

179 14650818543201751867 2 5
4 5 1 0 7 
5 4 1 0 7 

2536 4062557009722690976 2 6
11 6 7 3 5 8 
11 6 3 7 5 8 

1430 7629236596355418043 2 6
7 8 2 1 10 4 
8 7 2 1 10 4 

1415 6293616295045541918 2 6
7 8 0 10 1 2 
8 7 0 10 2 1 

3633 9133304791398543027 2 6
0 5 9 11 10 4 
0 5 9 11 4 10 

1419 11332918013713029211 2 6
8 10 1 0 7 3 
10 8 1 0 7 3 

1429 5028049522369245448 1 6
0 2 7 8 10 4 

1434 5425057360965473451 1 6
1 8 3 7 10 4 

1436 10463800050261607266 1 6
2 8 3 7 10 4 

1421 10869776832502526975 1 6
2 0 10 8 7 3 

173 17876580375902074555 4 5
2 5 0 3 7 
2 5 0 7 3 
5 2 0 3 7 
5 2 0 7 3 

2530 5136729984035079861 2 6
1 7 11 6 5 8 
7 1 11 6 5 8 

1433 17548912769477049556 1 6
0 8 10 4 3 7 

1446 2124687912355050198 1 6
1 2 7 10 8 5 

1443 8434798372692624314 1 6
1 0 10 7 8 5 

1457 6214097179321182092 1 6
0 7 10 4 5 8 

1460 13335683540184210960 1 6
2 7 4 10 8 5 

1445 3160379703599453987 2 6
7 10 0 2 8 5 
10 7 0 2 8 5 

1450 3228003111499630368 1 6
1 10 8 5 3 7 

1449 14995889854235386956 1 6
0 10 8 5 3 7 

1478 7398374971506817295 2 6
7 8 6 10 1 2 
8 7 6 10 2 1 

2587 2292506146086772622 4 6
0 3 4 11 9 1 
0 3 4 11 1 9 
0 3 11 4 9 1 
0 3 11 4 1 9 

3696 12585747384167151295 2 6
5 6 9 11 4 10 
6 5 9 11 4 10 

1464 14305223650127708032 2 6
8 10 7 3 4 5 
10 8 7 3 5 4 

1325 3511322780933786229 2 6
3 10 0 2 5 8 
10 3 0 2 5 8 

3682 6963252772868931201 2 6
5 6 10 11 1 9 
6 5 10 11 1 9 

1475 15650068585231408067 2 6
8 10 1 7 0 6 
10 8 1 7 0 6 

1477 15650068585231408067 2 6
7 10 2 8 0 6 
10 7 2 8 0 6 

1489 4269966524966484494 1 6
8 7 0 6 10 4 

1481 2071901735272535932 2 6
8 10 0 6 7 3 
10 8 0 6 7 3 

1482 14876265922522155066 2 6
8 10 1 6 7 3 
10 8 1 6 7 3 

3841 11514870176636136074 2 5
0 8 9 10 11 
0 8 10 9 11 

1484 16042792935738513488 1 6
2 6 10 8 7 3 

1496 16714298363791417182 1 6
6 8 10 4 3 7 

248 17229213091681002429 2 5
6 4 5 7 3 
6 5 4 7 3 

2605 3357566955669683827 2 6
3 9 5 0 2 11 
9 3 5 0 2 11 

1559 5769222779413597628 2 6
0 2 4 10 1 9 
0 2 10 4 9 1 

311 9554646947411601648 2 6
1 4 0 2 5 8 
4 1 0 2 5 8 

2668 14410549859363100494 2 6
3 9 5 6 2 11 
9 3 5 6 2 11 

1420 2019193805931054158 1 5
2 8 10 7 3 

3777 3359107526563390407 2 6
10 11 7 9 0 6 
11 10 7 9 0 6 

1575 18165934439572249720 1 6
0 5 10 2 1 9 

1565 8192625382354331677 1 6
0 3 2 9 4 10 

317 3856597937220920219 2 6
3 4 0 2 8 5 
4 3 0 2 8 5 

2674 6963252772868931201 2 6
5 6 4 11 9 1 
6 5 4 11 9 1 

1587 16454957819061470312 4 6
0 5 4 10 9 1 
0 5 4 10 1 9 
0 5 10 4 9 1 
0 5 10 4 1 9 

1589 16665667890886185942 1 6
0 5 9 2 4 10 

1593 15354801097535097139 1 6
0 9 5 3 10 4 

1621 6420825334505582367 1 6
2 9 0 6 4 10 

2730 12702529486874921827 2 6
5 11 7 3 1 9 
11 5 7 3 1 9 

1626 13283001769519491718 4 6
3 6 4 10 9 1 
3 6 10 4 9 1 
6 3 4 10 9 1 
6 3 10 4 9 1 

1625 1246172364578108822 2 6
3 9 4 10 0 6 
3 9 10 4 0 6 

3843 1774475235452895364 1 6
0 8 10 11 1 9 

1628 5346684076787408685 2 6
3 6 2 9 10 4 
6 3 2 9 10 4 

2737 1368480060889910700 1 6
7 5 0 4 9 11 

1614 2858476723564263007 8 6
2 10 3 6 9 1 
2 10 6 3 9 1 
3 6 2 10 1 9 
3 6 10 2 1 9 
6 3 2 10 1 9 
6 3 10 2 1 9 
10 2 3 6 9 1 
10 2 6 3 9 1 

2723 16102662284933080922 2 6
5 11 7 0 1 9 
11 5 7 0 1 9 

1637 16016087472939372813 2 6
9 10 5 2 0 6 
10 9 5 2 0 6 

1638 16874672746425353066 2 6
5 6 10 2 1 9 
6 5 10 2 1 9 

1635 7397181068582122247 2 6
5 10 0 6 1 9 
10 5 0 6 1 9 

2744 3970075292320049087 1 6
11 9 5 4 7 3 

1649 18385490027599064873 1 6
5 9 4 10 0 6 

1641 3410987105610758171 2 6
5 10 9 3 0 6 
10 5 9 3 0 6 

1656 5205112710279833702 1 6
6 9 5 3 10 4 

1671 16075484383698688869 2 6
0 7 2 10 9 1 
0 7 10 2 9 1 

1685 9583380811928196892 1 6
0 7 2 9 10 4 

1677 13659578319882744980 2 6
2 10 0 9 7 3 
10 2 0 9 7 3 

429 2717321336939789098 2 6
2 0 3 7 8 5 
2 0 7 3 8 5 

2786 6059386684289591168 2 6
5 11 7 6 1 9 
11 5 7 6 1 9 

1690 15947652639618399362 4 6
3 7 4 10 1 9 
3 7 10 4 1 9 
7 3 4 10 1 9 
7 3 10 4 1 9 

1692 15888619087477327157 2 6
2 9 7 3 10 4 
2 9 3 7 10 4 

1689 11627778196200501409 2 6
0 9 4 10 7 3 
0 9 10 4 7 3 

1702 619306086038861002 2 6
5 7 2 10 1 9 
7 5 2 10 1 9 

1701 10833376131459675670 2 6
0 2 9 5 7 10 
0 7 5 9 2 10 

1699 13364169796035865066 2 6
5 10 0 7 9 1 
10 5 0 7 9 1 

1720 4815644037715285647 1 6
9 5 7 3 10 4 

472 15718247968269728054 2 5
6 4 8 3 7 
6 8 4 3 7 

2829 3357566955669683827 2 6
3 9 8 0 11 2 
9 3 8 0 11 2 

1705 5552575730167160151 2 6
5 10 0 9 3 7 
10 5 0 9 3 7 

1748 14731671870369167825 2 6
6 7 2 9 4 10 
7 6 2 9 4 10 

500 14819608545399192732 4 6
4 7 6 2 5 8 
4 7 2 6 5 8 
7 4 6 2 5 8 
7 4 2 6 5 8 

2857 5752286277732795573 2 6
3 9 11 0 8 5 
9 3 11 0 8 5 

1762 6963252772868931201 2 6
5 10 6 7 1 9 
10 5 6 7 1 9 

1752 529429395539004301 2 6
6 9 4 10 3 7 
6 9 10 4 3 7 

1740 7736949253845631481 2 6
2 10 6 9 3 7 
10 2 6 9 3 7 

1776 13424114620790532711 1 6
6 9 5 7 4 10 

1761 16016087472939372813 2 6
5 10 9 7 0 6 
10 5 9 7 0 6 

1811 167380658611076704 2 6
0 8 4 10 1 9 
0 8 10 4 9 1 

563 10365060297115323586 4 5
0 4 5 1 9 
0 4 5 9 1 
0 5 4 1 9 
0 5 4 9 1 

2920 6742865187071144467 2 6
3 9 11 6 8 5 
9 3 11 6 8 5 

1768 5090348713235993735 2 6
5 10 6 9 3 7 
10 5 6 9 3 7 

1813 16601423574474335506 1 6
0 8 9 2 4 10 

1818 12935360522455747866 2 6
3 8 9 1 4 10 
8 3 9 1 4 10 

1820 11430878137431332423 2 6
3 8 2 9 4 10 
8 3 2 9 4 10 

1830 13636595318545546947 2 6
10 2 5 8 1 9 
10 2 8 5 1 9 

1817 13681095374731877220 1 6
0 9 8 3 4 10 

1827 17717492672579515637 1 6
10 0 8 5 1 9 

1829 9554646947411601648 2 6
9 10 0 2 5 8 
10 9 0 2 5 8 

1844 16607278470617165400 2 6
9 2 5 8 4 10 
9 2 8 5 4 10 

2953 13445555009392837602 2 6
8 11 9 0 7 3 
11 8 9 0 7 3 

1842 17778422049569057825 4 6
5 8 4 10 1 9 
5 8 10 4 9 1 
8 5 4 10 1 9 
8 5 10 4 9 1 

1848 3985524158805340701 1 6
9 3 8 5 10 4 

1859 13681894213762327737 2 6
8 10 0 6 1 9 
10 8 0 6 1 9 

2968 11257004672657252108 1 6
11 9 8 4 3 7 

1873 1201206039912622181 1 6
8 9 4 10 0 6 

1876 939359381137693712 2 6
6 8 9 2 4 10 
8 6 9 2 4 10 

1866 16422845455431186346 2 6
8 10 6 3 9 1 
10 8 6 3 9 1 

1880 13096493046098319588 1 6
6 9 8 3 4 10 

1868 1975438385009138088 2 6
3 6 8 9 10 2 
3 10 9 8 6 2 

620 12090042794949843262 4 5
3 9 5 2 6 
3 9 2 5 6 
9 3 5 2 6 
9 3 2 5 6 

2977 4351497521836776990 2 6
7 9 11 0 8 5 
9 7 11 0 8 5 

1889 10120317728330016319 2 6
9 10 8 5 0 6 
10 9 8 5 0 6 

1940 2732727583527347665 2 6
7 8 2 9 10 4 
8 7 2 9 10 4 

1932 10942764288945462703 1 6
2 9 8 10 7 3 

1944 228886432630754108 1 6
9 8 3 7 10 4 

1968 9863535650852864754 1 6
9 7 5 8 10 4 

1992 816979118012884001 4 6
8 10 9 6 7 3 
8 10 6 9 7 3 
10 8 6 9 7 3 
10 8 9 6 7 3 

3101 15051837847237851960 1 6
0 3 4 10 2 11 

2079 1942288050354523565 1 6
0 3 4 1 2 11 

3188 4631578099828077490 4 6
5 6 4 10 2 11 
5 6 10 4 2 11 
6 5 4 10 2 11 
6 5 10 4 2 11 

2095 6585966409084214587 2 6
1 3 5 0 2 11 
3 1 5 0 2 11 

2141 4561489868402380034 2 6
3 4 0 6 2 11 
4 3 0 6 2 11 

3250 11482120721938223070 4 6
5 7 1 11 4 10 
5 7 11 1 4 10 
7 5 1 11 4 10 
7 5 11 1 4 10 

2107 10889224146490177801 4 6
0 1 11 3 5 4 
0 3 5 1 11 4 
0 5 3 11 1 4 
0 11 1 5 3 4 

2169 11975930020459373780 2 6
3 4 11 5 0 6 
4 3 11 5 0 6 

2199 8005026831232614842 2 6
0 7 4 1 2 11 
0 7 4 1 11 2 

2203 1846494328253424730 4 6
4 11 0 1 7 3 
4 11 0 1 3 7 
11 4 0 1 7 3 
11 4 0 1 3 7 

3312 15356622979391907627 1 6
6 11 7 5 4 10 

2206 6922104908881170170 2 6
4 1 3 7 11 2 
4 1 7 3 11 2 

2215 16102662284933080922 2 6
1 7 5 0 11 2 
7 1 5 0 11 2 

2205 6436405621942760991 1 6
4 0 3 7 11 2 

2155 8133861384296476300 8 6
1 3 5 11 0 6 
1 3 11 5 0 6 
3 1 5 11 0 6 
3 1 11 5 0 6 
5 11 3 1 0 6 
5 11 1 3 0 6 
11 5 3 1 0 6 
11 5 1 3 0 6 

2230 432228583740460260 2 6
5 7 1 4 11 2 
7 5 1 4 11 2 

3339 5808784696569469280 1 6
0 8 3 11 1 10 

2219 4691040851320904675 2 6
5 11 1 0 7 3 
11 5 1 0 7 3 

2234 15701450730260219555 1 6
11 1 5 4 7 3 

2262 6963252772868931201 2 6
6 7 4 1 2 11 
7 6 4 1 2 11 

2233 2827313999818869777 1 6
11 0 4 5 7 3 

3342 16422845455431186346 2 6
3 8 1 10 2 11 
8 3 1 10 2 11 

2261 7397181068582122247 2 6
4 7 0 6 2 11 
7 4 0 6 2 11 

3370 996648347406216008 1 6
1 11 3 10 5 8 

2292 4534233045264829442 2 6
4 7 6 5 11 2 
7 4 6 5 11 2 

3401 3673803661722553984 2 6
3 10 11 8 0 6 
10 3 11 8 0 6 

2327 5511038480072423390 2 6
0 8 4 1 11 2 
0 8 1 4 11 2 

2387 3359107526563390407 2 6
1 4 8 11 0 6 
4 1 8 11 0 6 

1139 18385490027599064873 1 6
5 1 10 4 0 6 

3496 3667318977014594144 1 6
11 10 3 7 8 5 

2361 12863394518003946899 2 6
3 4 0 11 8 5 
4 3 0 11 8 5 

2379 4599404531169204049 4 6
8 11 3 1 0 6 
8 11 1 3 0 6 
11 8 3 1 0 6 
11 8 1 3 0 6 

2451 14332948745196178216 1 6
0 8 7 11 1 4 

2453 13364169796035865066 2 6
4 7 0 8 11 2 
7 4 0 8 11 2 

2457 7969309424532764888 1 6
11 0 4 8 3 7 

125 3359107526563390407 2 6
3 4 2 5 0 6 
4 3 2 5 0 6 

2482 18021857639502851647 1 6
1 11 7 4 5 8 

3591 15167117923971314381 2 6
0 10 2 11 1 9 
0 10 1 9 2 11 

119 16016087472939372813 2 6
1 4 5 2 0 6 
4 1 5 2 0 6 

2476 15920657003142485421 4 6
3 7 5 8 2 11 
3 7 8 5 11 2 
7 3 5 8 2 11 
7 3 8 5 11 2 

156 9009189880820568616 4 4
2 4 3 7 
2 4 7 3 
4 2 3 7 
4 2 7 3 

2513 16016087472939372813 2 6
4 7 11 8 0 6 
7 4 11 8 0 6 

159 16225468750945453577 2 6
2 4 0 1 3 7 
4 2 0 1 3 7 

2516 6963252772868931201 2 6
4 7 6 8 2 11 
7 4 6 8 2 11 

1268 2889210639411618765 1 6
6 2 7 5 4 10 

3625 14726300666669570978 2 6
3 5 0 10 9 11 
5 3 0 10 11 9 

149 2357580871625128399 6 4
0 2 4 7 
0 2 7 4 
0 4 2 7 
0 4 7 2 
0 7 4 2 
0 7 2 4 

2506 10252758742225982687 4 6
8 11 1 6 7 3 
8 11 1 6 3 7 
11 8 1 6 3 7 
11 8 1 6 7 3 

187 12181830425125342503 2 6
4 5 1 0 7 3 
5 4 1 0 7 3 

2544 4051549361540792178 2 6
4 7 11 6 5 8 
7 4 11 6 5 8 

2583 15167117923971314381 2 6
0 4 2 11 9 1 
0 4 9 1 2 11 

2613 15372036642714073143 2 6
0 5 4 9 2 11 
0 5 9 4 2 11 

1365 15088326960191694312 2 6
8 2 4 10 0 6 
8 2 10 4 0 6 

3722 4104265679078293936 4 6
10 11 7 3 1 9 
10 11 3 7 1 9 
11 10 7 3 1 9 
11 10 3 7 1 9 

246 13071213378545451425 2 6
4 7 1 5 2 6 
7 4 1 5 6 2 

2603 10183903583861675278 4 6
5 11 3 0 9 1 
5 11 3 0 1 9 
11 5 3 0 9 1 
11 5 3 0 1 9 

2620 16874672746425353066 2 6
3 5 9 4 2 11 
5 3 9 4 2 11 

1372 11649512295052901023 1 6
6 2 3 8 4 10 

3729 6720371843255784675 1 6
0 7 11 9 10 4 

249 6762391826217354452 2 6
4 5 0 6 7 3 
5 4 0 6 7 3 

2606 4351281990573074921 4 6
3 5 2 11 9 1 
3 5 9 1 2 11 
5 3 2 11 9 1 
5 3 9 1 2 11 

1358 1975438385009138088 2 6
10 2 8 1 3 6 
10 3 1 8 2 6 

3715 5511038480072423390 2 6
0 7 10 11 9 1 
0 7 11 10 9 1 

2650 13737960649418383150 4 6
3 6 4 11 9 1 
3 6 11 4 9 1 
6 3 4 11 9 1 
6 3 11 4 9 1 

2649 4041954542566426170 2 6
4 11 3 9 0 6 
11 4 3 9 0 6 

2676 13173563819687789126 4 6
4 9 5 6 2 11 
4 9 6 5 2 11 
9 4 5 6 2 11 
9 4 6 5 2 11 

2665 6907976915280532957 4 6
3 9 5 11 0 6 
3 9 11 5 0 6 
9 3 5 11 0 6 
9 3 11 5 0 6 

2709 18165934439572249720 1 6
0 7 4 9 2 11 

2726 15171283773302135386 4 6
5 7 1 9 11 2 
5 7 11 2 1 9 
7 5 1 9 11 2 
7 5 11 2 1 9 

2738 432228583740460260 2 6
5 7 11 4 1 9 
7 5 11 4 1 9 

2713 14897476366223703648 2 6
4 11 0 9 7 3 
11 4 0 9 7 3 

2725 8601154298588281070 2 6
7 9 5 0 2 11 
9 7 5 0 2 11 

2740 7453787561935463879 2 6
5 7 9 4 11 2 
7 5 9 4 11 2 

2772 16874672746425353066 2 6
6 7 4 9 2 11 
7 6 4 9 2 11 

2729 2693881032557489986 2 6
5 11 9 0 7 3 
11 5 9 0 7 3 

412 4308859838972150509 1 5
2 8 4 3 7 

2769 16016087472939372813 2 6
4 11 7 9 0 6 
11 4 7 9 0 6 

2800 13071213378545451425 2 6
4 5 11 7 9 6 
5 4 11 7 6 9 

2835 1774475235452895364 1 6
0 8 4 11 9 1 

2837 16075484383698688869 2 6
0 8 4 9 11 2 
0 8 9 4 11 2 

473 11824541432129015679 2 6
4 8 0 6 3 7 
8 4 0 6 3 7 

2830 4351281990573074921 4 6
3 8 9 1 11 2 
3 8 11 2 9 1 
8 3 9 1 11 2 
8 3 11 2 9 1 

470 16425740347020813734 4 6
2 1 6 4 8 7 
2 8 4 6 1 7 
7 1 4 6 8 2 
7 8 6 4 1 2 

2827 17392458522486752875 2 6
8 11 3 0 9 1 
11 8 3 0 9 1 

2841 17527059764619365118 1 6
8 4 11 3 0 9 

2866 6696902358858700597 2 6
4 11 5 8 9 1 
4 11 8 5 9 1 

2868 13283001769519491718 4 6
4 9 5 8 2 11 
4 9 8 5 2 11 
9 4 5 8 2 11 
9 4 8 5 2 11 

2858 13315757738436279964 1 6
3 11 8 5 9 1 

2865 17630662513522632835 2 6
4 9 0 11 8 5 
9 4 0 11 8 5 

2860 505516406475891779 4 6
3 9 5 8 11 2 
3 9 8 5 2 11 
9 3 5 8 11 2 
9 3 8 5 2 11 

2872 6338895717737680452 1 6
9 11 3 4 8 5 

543 1708239553736732201 2 6
0 3 2 4 9 1 
0 3 4 2 9 1 

2900 13737960649418383150 4 6
4 9 6 8 2 11 
4 9 8 6 2 11 
9 4 6 8 2 11 
9 4 8 6 2 11 

533 8306782899262042537 6 4
0 2 4 9 
0 2 9 4 
0 4 2 9 
0 4 9 2 
0 9 4 2 
0 9 2 4 

2890 16874672746425353066 2 6
8 11 3 6 9 1 
11 8 3 6 9 1 

535 998105468070412274 2 5
0 2 4 9 1 
0 4 2 9 1 

2892 14410549859363100494 2 6
3 9 8 6 11 2 
9 3 8 6 11 2 

571 2663271444204719447 4 6
4 5 0 3 1 9 
4 5 0 3 9 1 
5 4 0 3 1 9 
5 4 0 3 9 1 

2928 12585747384167151295 2 6
4 9 6 11 5 8 
9 4 6 11 5 8 

2889 8087746922934076067 4 6
8 11 9 3 0 6 
8 11 3 9 0 6 
11 8 3 9 0 6 
11 8 9 3 0 6 

2964 619306086038861002 2 6
7 8 9 4 2 11 
8 7 9 4 2 11 

2947 8601154298588281070 2 6
8 11 7 0 9 1 
11 8 7 0 9 1 

597 4445212888374531076 6 5
2 4 9 0 6 
2 9 4 0 6 
4 2 9 0 6 
4 9 2 0 6 
9 2 4 0 6 
9 4 2 0 6 

2954 16948241270047012933 2 6
8 11 3 7 1 9 
11 8 3 7 1 9 

604 380262724330119809 8 5
2 4 3 6 9 
2 4 6 3 9 
3 6 4 2 9 
3 6 2 4 9 
4 2 3 6 9 
4 2 6 3 9 
6 3 4 2 9 
6 3 2 4 9 

2961 10833376131459675670 2 6
0 8 7 11 9 4 
0 9 11 7 8 4 

599 4249986586193911958 2 6
2 4 0 6 9 1 
4 2 0 6 9 1 

2956 11979678626195039603 1 6
8 9 3 7 2 11 

2992 15356622979391907627 1 6
9 11 7 4 5 8 

627 7397181068582122247 2 6
4 5 0 6 9 1 
5 4 0 6 9 1 

2984 17710754279246958354 1 6
11 9 5 8 3 7 

3095 16148187250492763413 1 6
0 1 10 4 2 11 

3087 2173769844838783675 1 6
0 3 10 1 2 11 

754 4534233045264829442 2 6
4 5 6 7 1 9 
5 4 6 7 1 9 

3111 15372036642714073143 2 6
0 5 1 10 2 11 
0 5 10 1 2 11 

3125 15639905092345539466 2 6
0 5 4 10 2 11 
0 5 10 4 2 11 

3123 9133304791398543027 2 6
0 5 1 11 10 4 
0 5 1 11 4 10 

3118 15963195480403064570 2 6
3 5 1 10 2 11 
5 3 1 10 2 11 

3132 4105407919815151663 2 6
3 5 2 11 10 4 
5 3 2 11 10 4 

760 8248039421627554416 4 6
4 5 6 9 7 3 
4 5 9 6 7 3 
5 4 6 9 7 3 
5 4 9 6 7 3 

3117 16644804074767385517 2 6
3 10 0 5 2 11 
10 3 0 5 2 11 

3129 15354801097535097139 1 6
0 11 3 5 10 4 

3143 4249986586193911958 2 6
1 10 0 6 2 11 
10 1 0 6 2 11 

3115 14726300666669570978 2 6
3 5 0 10 1 11 
5 3 0 10 11 1 

793 7760084003619229462 2 5
4 8 0 9 3 
8 4 0 9 3 

3150 18431326151362808386 2 6
3 6 10 1 2 11 
6 3 10 1 2 11 

3157 9048397468196263784 2 6
4 10 0 6 2 11 
10 4 0 6 2 11 

3161 18385490027599064873 1 6
3 11 10 4 0 6 

814 13315757738436279964 1 6
3 2 5 8 9 1 

3171 3080488385181466867 2 6
1 10 5 11 0 6 
10 1 5 11 0 6 

828 5205112710279833702 1 6
9 2 3 4 8 5 

3185 2222831403387827066 2 6
5 11 10 4 0 6 
5 11 4 10 0 6 

817 632385444828901855 2 5
4 9 0 8 5 
9 4 0 8 5 

3174 13173563819687789126 4 6
1 10 5 6 2 11 
1 10 6 5 2 11 
10 1 5 6 2 11 
10 1 6 5 2 11 

821 361535559659312124 2 6
4 9 0 2 8 5 
9 4 0 2 8 5 

3178 10780556118029967899 2 6
10 3 1 5 11 6 
10 5 11 3 1 6 

3207 8460733018078351788 1 6
0 7 10 1 2 11 

3180 11922643349711682852 2 6
3 10 6 5 2 11 
10 3 6 5 2 11 

3192 6338895717737680452 1 6
6 11 3 5 10 4 

820 4907043547180461533 4 5
4 9 2 8 5 
4 9 2 5 8 
9 4 2 8 5 
9 4 2 5 8 

3177 8765527684297367520 2 6
3 10 11 5 0 6 
10 3 11 5 0 6 

3219 17636752349217702259 1 6
0 7 11 1 10 4 

3221 9243994224755176776 1 6
0 7 10 4 2 11 

856 10678555977736241251 2 5
4 8 9 6 3 
8 4 9 6 3 

3213 433114231845454442 1 6
10 0 7 3 2 11 

3225 8130654492706227283 1 6
11 0 4 10 7 3 

3228 16780841274180610127 2 6
3 7 4 10 11 2 
7 3 4 10 11 2 

881 16381134829186989145 2 6
4 9 8 5 0 6 
9 4 8 5 0 6 

3238 13156156264668835770 2 6
5 7 1 10 11 2 
7 5 1 10 11 2 

880 17929499870500844603 2 5
4 9 6 5 8 
9 4 6 5 8 

3237 3642903103555033440 2 6
7 10 0 5 2 11 
10 7 0 5 2 11 

3252 3408048960095666450 2 6
5 7 11 2 4 10 
7 5 11 2 4 10 

3235 5013997882650537605 2 6
7 5 0 10 1 11 
11 1 0 10 5 7 

3242 17398791633996584773 1 6
11 1 5 10 3 7 

3256 12857644958335346169 1 6
11 5 7 3 10 4 

3244 8220631388257559310 1 6
5 10 11 2 3 7 

913 17661777034756471699 2 5
0 9 8 4 7 
0 9 4 8 7 

3270 619306086038861002 2 6
6 7 10 1 2 11 
7 6 10 1 2 11 

884 6742865187071144467 2 6
4 9 6 2 5 8 
9 4 6 2 5 8 

3241 1317618664152947158 1 6
11 0 10 5 3 7 

3284 7911919609580085821 2 6
6 7 4 10 2 11 
7 6 4 10 2 11 

917 5808784696569469280 1 6
0 9 2 7 8 4 

3274 7083952503225195246 2 6
10 11 6 1 3 7 
11 10 6 1 3 7 

3276 3074579382010762801 1 6
10 6 3 7 2 11 

3298 16425740347020813734 4 6
1 7 10 6 11 5 
1 11 6 10 7 5 
5 7 6 10 11 1 
5 11 10 6 7 1 

3353 13617186742383439877 1 6
0 11 3 8 4 10 

3380 15309210223426961040 4 6
4 10 5 8 2 11 
4 10 8 5 2 11 
10 4 5 8 2 11 
10 4 8 5 2 11 

3372 12935360522455747866 2 6
3 10 2 11 5 8 
10 3 2 11 5 8 

1047 14361115738139331749 1 5
0 2 1 10 4 

3404 1184509719763002632 2 6
3 10 6 8 2 11 
10 3 6 8 2 11 

1045 3553839968702912500 2 4
0 2 4 10 
0 2 10 4 

3402 15996805703364594649 2 6
3 10 1 8 6 11 
10 3 1 8 11 6 

1069 13846795582530650136 2 5
3 10 0 2 5 
10 3 0 2 5 

3426 12585747384167151295 2 6
1 10 6 11 5 8 
10 1 6 11 5 8 

1116 4562575675530059889 2 5
3 6 2 10 4 
6 3 2 10 4 

3473 15855946560081196969 1 6
0 11 7 8 10 4 

3461 218737036580913614 2 6
7 10 0 8 2 11 
10 7 0 8 2 11 

1109 9100520299682491178 2 5
2 4 10 0 6 
2 10 4 0 6 

3466 14786723416237534500 1 6
11 1 8 10 7 3 

3465 14690018002169984017 1 6
11 0 10 8 7 3 

1123 18360534837494244779 6 5
1 5 10 0 6 
1 10 5 0 6 
5 1 10 0 6 
5 10 1 0 6 
10 1 5 0 6 
10 5 1 0 6 

3480 3667318977014594144 1 6
11 8 3 7 10 4 

1132 9640475276072804960 4 5
3 10 6 2 5 
3 10 2 6 5 
10 3 6 2 5 
10 3 2 6 5 

3489 18281954323701998116 2 6
7 10 0 11 8 5 
10 7 0 11 8 5 

3605 16148187250492763413 1 6
0 9 4 10 2 11 

1238 1043205602603172477 2 6
6 7 2 1 10 4 
7 6 2 1 10 4 

3595 2292506146086772622 4 6
0 3 10 11 1 9 
0 3 10 11 9 1 
0 3 11 10 9 1 
0 3 11 10 1 9 

3619 8005026831232614842 2 6
0 5 10 11 1 9 
0 5 10 11 9 1 

3609 9133304791398543027 2 6
0 3 11 9 10 4 
0 3 11 9 4 10 

1264 8029686309265918459 1 5
6 5 7 4 10 

3621 5666190860685541673 2 6
0 5 9 10 2 11 
0 5 10 9 2 11 

3628 9851460348862996612 2 6
3 5 9 10 2 11 
5 3 9 10 2 11 

3657 15671450521457024935 2 6
10 11 3 9 0 6 
11 10 3 9 0 6 

1301 3919527859837535516 2 5
0 8 2 4 10 
0 8 2 10 4 

3658 13173563819687789126 4 6
3 6 10 11 9 1 
3 6 11 10 9 1 
6 3 10 11 9 1 
6 3 11 10 9 1 

1324 519885966325719590 2 5
2 3 10 5 8 
2 10 3 5 8 

3681 11975930020459373780 2 6
9 10 5 11 0 6 
10 9 5 11 0 6 

1331 3956611797043500800 1 6
0 1 8 5 10 4 

3688 16815116916099736238 1 6
3 10 9 5 6 11 

1364 6743144585337136690 4 5
6 8 2 4 10 
6 8 2 10 4 
8 6 2 4 10 
8 6 2 10 4 

3721 7327871568957450938 2 6
10 11 0 9 7 3 
11 10 0 9 7 3 

1427 3947683947902198992 1 6
0 1 8 7 10 4 

3784 7299371132456860034 2 6
10 11 6 9 3 7 
11 10 6 9 3 7 

3857 239389224104328147 1 6
0 8 9 11 4 10 

