mercedes[0,0,0,0,0,0,0,0,0,0,0,0]*(-a4-a1+a5+a2+a3-a0)
mercedes[1,0,0,0,0,0,-1,0,0,0,0,0]*(-3*a0)
mercedes[1,0,0,0,0,0,0,0,0,0,0,0]*(-a0*eta+a0)
mercedes[0,0,0,0,1,0,0,0,0,0,0,-1]*(2*a4)
mercedes[1,0,-1,0,0,0,0,0,0,0,0,0]*(-2*a0)
mercedes[1,0,0,0,0,-1,0,0,0,0,0,0]*(2*a0)
mercedes[0,0,0,0,0,1,-1,0,0,0,0,0]*(-2*a5)
mercedes[1,0,0,0,0,0,0,0,-1,0,0,0]*(2*a0)
mercedes[1,0,0,0,0,0,0,0,0,0,0,-1]*(-2*a0)
mercedes[0,0,0,0,0,1,0,0,-1,0,0,0]*(a5)
mercedes[0,0,1,0,0,0,0,0,0,0,0,-1]*(-a2)
mercedes[0,0,0,0,0,1,0,0,0,0,0,-1]*(-2*a5)
mercedes[0,0,0,0,1,0,0,0,0,0,-1,0]*(-a4)
mercedes[0,0,0,1,0,0,-1,0,0,0,0,0]*(-4*a3)
mercedes[-1,0,0,1,0,0,0,0,0,0,0,0]*(-2*a3)
mercedes[0,0,0,0,1,0,0,0,0,-1,0,0]*(2*a4)
mercedes[0,0,0,1,0,0,0,-1,0,0,0,0]*(a3)
mercedes[0,0,0,1,0,0,0,0,0,0,0,0]*(-2*a3*eta+a3)
mercedes[0,1,0,0,0,0,0,0,0,-1,0,0]*(a1)
mercedes[0,0,-1,1,0,0,0,0,0,0,0,0]*(-2*a3)
mercedes[0,-1,0,1,0,0,0,0,0,0,0,0]*(-2*a3)
mercedes[0,0,0,1,0,0,0,0,0,0,0,-1]*(-2*a3)
mercedes[0,0,0,1,0,-1,0,0,0,0,0,0]*(2*a3)
mercedes[0,0,0,1,0,0,0,0,-1,0,0,0]*(2*a3)

