500 11344629302136147444 1 6
2 4 5 8 7 6 

476 10526041765805554061 1 6
2 4 3 6 7 8 

470 8872072596746055998 2 6
2 4 7 6 8 1 
4 2 7 6 8 1 

469 9679285593307540401 1 6
2 4 0 7 6 8 

485 15264399641638994651 1 6
2 5 0 8 7 6 

492 14569913011339353888 1 6
2 3 5 8 6 7 

461 992587890704852346 1 6
2 3 0 6 7 8 

486 16977417411675383531 1 6
2 5 8 7 6 1 

455 2050291483787991147 1 6
2 0 7 6 8 1 

462 1576105964809646214 1 6
2 3 6 7 8 1 

504 8859342207282823946 1 6
4 5 3 7 6 8 

497 5724669228020135814 1 6
4 0 5 7 6 8 

473 17205730099422443088 1 6
4 0 3 7 6 8 

498 12056173007617583870 1 6
4 5 7 6 8 1 

474 11917370000372678268 1 6
4 3 7 6 8 1 

490 12401893858806423290 2 6
3 5 7 6 8 1 
5 3 7 6 8 1 

467 18068123758655011802 1 6
4 0 7 6 8 1 

489 16874138302728454814 2 6
7 6 8 0 3 5 
7 6 8 0 5 3 

483 11844582079843300066 1 6
0 5 7 6 8 1 

459 11844582079843300066 1 6
0 3 7 6 8 1 

437 15306615751317872839 1 6
2 8 7 4 5 0 

444 14302817073373204237 1 6
2 7 8 4 5 3 

438 1848636818719550088 1 6
2 4 5 8 7 1 

413 15521132089607724015 1 6
2 7 8 4 3 0 

407 6400412650680653463 1 6
2 4 0 7 8 1 

414 14549788970109697493 1 6
2 4 3 7 8 1 

429 4156045672740504283 1 6
2 8 7 5 3 0 

423 6646543193124729416 1 6
2 5 0 8 7 1 

430 1793624970813666674 1 6
2 5 3 8 7 1 

399 15690245566186569450 1 6
2 3 0 7 8 1 

441 12052149650136956517 2 6
7 8 4 0 5 3 
8 7 4 0 5 3 

435 9961990882774932825 2 6
4 0 5 7 8 1 
4 0 5 8 7 1 

442 14103916357897785125 2 6
4 5 3 7 8 1 
4 5 3 8 7 1 

411 18047398497653542196 2 6
4 0 3 7 8 1 
4 0 3 8 7 1 

427 12429310612994071472 4 6
0 3 5 7 8 1 
0 3 5 8 7 1 
0 5 3 7 8 1 
0 5 3 8 7 1 

380 1426239806780832969 1 6
2 6 8 4 5 3 

373 3937609879035727032 1 6
2 8 6 4 5 0 

374 8969457469715428611 1 6
2 4 5 8 6 1 

349 1988486449781059964 1 6
2 6 8 4 3 0 

365 4524814893243099203 2 6
2 6 8 5 3 0 
2 8 6 3 5 0 

343 15299915893951929778 1 6
2 4 0 6 8 1 

350 9630944929001493877 1 6
2 4 3 6 8 1 

366 17976580324176975599 2 6
2 3 5 8 6 1 
2 5 3 6 8 1 

335 14346677690530980436 1 6
2 3 0 6 8 1 

359 14346677690530980436 1 6
2 5 0 8 6 1 

377 5722003897785194585 2 6
6 8 4 0 5 3 
8 6 4 0 5 3 

363 3371708104842339710 4 6
0 3 5 6 8 1 
0 3 5 8 6 1 
0 5 3 6 8 1 
0 5 3 8 6 1 

378 9753267481226121183 2 6
4 5 3 6 8 1 
4 5 3 8 6 1 

371 5687213225930126332 2 6
4 0 5 6 8 1 
4 0 5 8 6 1 

347 12255703103826850137 2 6
4 0 3 6 8 1 
4 0 3 8 6 1 

317 5003328547168476960 1 6
2 8 4 5 0 3 

311 6367412996391218213 1 6
2 8 1 4 5 0 

318 6922067330005154868 1 6
2 8 1 4 5 3 

287 5409554083832263466 1 6
2 8 1 4 0 3 

303 5483846943532891793 1 6
2 8 1 5 0 3 

315 3377753760362667238 2 6
1 8 4 0 5 3 
8 1 4 0 5 3 

252 13134652549746913681 1 6
2 6 7 4 3 5 

245 17662195229444345665 1 6
2 7 6 4 0 5 

246 3171214416063106754 1 6
2 4 5 7 6 1 

215 6554330495936979402 2 6
2 4 0 6 7 1 
2 4 0 7 6 1 

221 3371666208328224012 1 6
2 6 7 4 3 0 

222 10256690519701497000 1 6
2 4 3 6 7 1 

237 7333650442161174656 1 6
2 6 7 3 0 5 

231 14000603038999435942 1 6
2 0 5 7 6 1 

207 8405387113547019892 1 6
2 3 0 6 7 1 

238 9681729367205757355 1 6
2 3 5 6 7 1 

249 9963807307567160345 2 6
6 7 4 0 5 3 
7 6 4 0 5 3 

250 16293873584785376714 2 6
4 5 3 6 7 1 
4 5 3 7 6 1 

235 4970571336394167876 4 6
6 7 1 0 5 3 
6 7 1 0 3 5 
7 6 1 0 3 5 
7 6 1 0 5 3 

243 17687845705379043609 2 6
4 0 5 6 7 1 
4 0 5 7 6 1 

219 3450250441603922912 2 6
4 0 3 6 7 1 
4 0 3 7 6 1 

189 8570069077805775490 1 6
2 7 4 3 0 5 

190 15565647247001456604 1 6
2 7 1 4 3 5 

183 14874680348585796502 1 6
2 7 1 4 0 5 

159 12175132044185600034 1 6
2 7 1 4 3 0 

175 16190993451663800611 1 6
2 7 1 3 0 5 

187 3377753760362667238 2 6
1 7 4 0 5 3 
7 1 4 0 5 3 

125 2199855857809225216 1 6
2 6 4 3 0 5 

126 11522113926960381024 1 6
2 6 1 4 3 5 

119 7394719461899856167 1 6
2 6 1 4 0 5 

95 13456483366461246328 1 6
2 6 1 4 3 0 

111 5483846943532891793 1 6
2 6 1 3 0 5 

123 3377753760362667238 2 6
1 6 4 0 5 3 
6 1 4 0 5 3 

63 16781469090867575215 1 6
2 1 4 0 5 3 

468 15254384205920608062 2 5
2 4 7 6 8 
4 2 7 6 8 

484 3563861762695325245 1 5
2 5 8 7 6 

453 6783422301454570670 1 5
2 0 7 6 8 

460 552777010579638669 1 5
2 3 6 7 8 

454 17760995621604911877 1 5
2 7 6 8 1 

326 2506011958774662217 2 4
2 6 8 1 
2 8 6 1 

69 6569585470782509785 1 3
2 0 6 

278 10697282481186602161 2 4
2 4 8 1 
4 2 8 1 

21 13744037925683798910 1 3
2 4 0 

294 16759578986255104721 1 4
2 5 8 1 

37 1559445769025765450 1 3
2 0 5 

270 10719626107048014941 1 4
2 3 8 1 

13 1559445769025765450 1 3
2 0 3 

263 1799627870694698037 1 4
2 0 8 1 

240 15175919273973401860 2 4
4 5 6 7 
4 5 7 6 

216 5212208834225348329 2 4
4 3 6 7 
4 3 7 6 

232 12792859129086584636 4 4
6 7 3 5 
6 7 5 3 
7 6 5 3 
7 6 3 5 

225 12511644752709678051 2 4
6 7 0 5 
7 6 0 5 

201 12511644752709678051 2 4
6 7 0 3 
7 6 0 3 

195 451013184703211533 2 4
0 6 7 1 
0 7 6 1 

452 15236505058129304159 1 4
2 7 6 8 

178 7014131733599754745 2 4
4 5 1 7 
4 5 7 1 

154 15896268698264125057 2 4
4 3 1 7 
4 3 7 1 

170 7556829846088060811 4 4
3 5 1 7 
3 5 7 1 
5 3 1 7 
5 3 7 1 

163 13328495084071954919 2 4
0 5 1 7 
0 5 7 1 

420 13572405524771744665 1 4
2 5 8 7 

139 13328495084071954919 2 4
0 3 1 7 
0 3 7 1 

396 6894937126532847700 1 4
2 3 7 8 

116 13907451098203263116 1 4
2 6 4 5 

340 8410839881995336691 2 4
2 4 6 8 
4 2 6 8 

83 5677760656730511178 2 4
4 0 1 6 
4 0 6 1 

86 16472800172034163515 2 4
2 4 6 1 
4 2 6 1 

212 5078608711686083380 4 4
2 4 6 7 
2 4 7 6 
4 2 6 7 
4 2 7 6 

85 16994275939053286009 1 4
2 6 4 0 

342 18388705056619334459 2 5
2 4 6 8 1 
4 2 6 8 1 

92 5069303078012082896 1 4
2 6 4 3 

108 7524780861938553064 1 4
2 6 3 5 

204 4081560800156872932 1 4
2 3 6 7 

77 12564851842983386733 1 4
2 6 3 0 

334 3913004152223566037 1 5
2 3 6 8 1 

228 14398197362158434576 1 4
2 5 7 6 

101 5399941785897277314 1 4
2 6 0 5 

358 3913004152223566037 1 5
2 5 8 6 1 

325 2565983507945002871 2 4
2 0 6 8 
2 0 8 6 

198 12586463095304085354 2 4
2 6 7 1 
2 7 6 1 

71 1799627870694698037 1 4
2 0 6 1 

356 7524780861938553064 1 4
2 5 8 6 

99 13328495084071954919 2 4
0 5 1 6 
0 5 6 1 

102 10719626107048014941 1 4
2 5 6 1 

284 15011176772052123055 1 4
2 8 4 3 

30 12844178937462204567 1 4
2 1 4 3 

193 1648772242061484535 2 3
0 6 7 
0 7 6 

329 12988209368820141765 2 4
0 3 6 8 
0 3 8 6 

75 13328495084071954919 2 4
0 3 1 6 
0 3 6 1 

332 7524780861938553064 1 4
2 3 6 8 

300 7524780861938553064 1 4
2 8 5 3 

46 698476773254776664 2 4
2 1 3 5 
2 1 5 3 

387 15523647992207790689 2 4
0 7 8 1 
0 8 7 1 

133 6569585470782509785 1 3
2 0 7 

390 993176294303415770 2 4
2 7 8 1 
2 8 7 1 

269 5399941785897277314 1 4
2 8 0 3 

142 11494663566962136321 1 4
2 3 7 1 

15 10471396836598960778 1 4
2 1 0 3 

400 17258787824257198352 2 3
4 7 8 
4 8 7 

143 11707657382101473013 1 5
2 3 0 7 1 

146 7698985776645440831 2 3
4 1 7 
4 7 1 

403 18420456236408167637 2 5
4 0 7 8 1 
4 0 8 7 1 

282 15896268698264125057 2 4
4 3 1 8 
4 3 8 1 

28 11149028268085365730 1 3
2 4 3 

285 5324693938470745751 1 5
2 8 4 0 3 

338 2506011958774662217 2 4
4 6 8 1 
4 8 6 1 

84 17662388742419376403 2 3
2 4 6 
4 2 6 

341 9881143345633644442 1 5
2 4 0 6 8 

76 12254329342543767602 2 3
2 3 6 
2 6 3 

333 13453497836763157399 1 5
2 3 0 6 8 

208 3870621583062396010 2 3
4 6 7 
4 7 6 

465 8810818179928494743 1 5
4 0 7 6 8 

344 7150496180077738619 2 4
4 3 6 8 
4 3 8 6 

87 624231941319011879 1 5
2 4 0 6 1 

90 15896268698264125057 2 4
4 3 1 6 
4 3 6 1 

385 926576928809163929 2 3
0 7 8 
0 8 7 

131 15527075883780331159 2 3
0 1 7 
0 7 1 

388 17258787824257198352 2 3
2 7 8 
2 8 7 

298 7556829846088060811 4 4
3 5 1 8 
3 5 8 1 
5 3 1 8 
5 3 8 1 

44 12585292063867719537 2 3
2 3 5 
2 5 3 

301 1252994042942663150 1 5
2 8 5 0 3 

100 12129649998618649867 2 3
2 5 6 
2 6 5 

357 13453497836763157399 1 5
2 5 0 8 6 

306 7014131733599754745 2 4
4 5 1 8 
4 5 8 1 

52 1100806113672523033 1 3
2 4 5 

309 16651331664007037576 1 5
2 8 4 5 0 

147 5677760656730511178 2 4
4 0 1 7 
4 0 7 1 

404 2406527012680097749 2 4
2 4 7 8 
4 2 7 8 

20 17087753756477223945 2 2
2 4 
4 2 

277 9676669875658677575 1 4
2 8 4 0 

274 7698985776645440831 2 3
4 1 8 
4 8 1 

291 13328495084071954919 2 4
0 5 1 8 
0 5 8 1 

164 9951756003203208658 2 3
2 5 7 
2 7 5 

421 1531671526386477394 1 5
2 5 0 8 7 

275 5677760656730511178 2 4
4 0 1 8 
4 0 8 1 

148 17662388742419376403 2 3
2 4 7 
4 2 7 

405 5394405530786380835 1 5
2 4 0 7 8 

323 13027210322543618884 2 4
0 6 8 1 
0 8 6 1 

196 3870621583062396010 2 3
2 6 7 
2 7 6 

78 16759578986255104721 1 4
2 3 6 1 

267 13328495084071954919 2 4
0 3 1 8 
0 3 8 1 

140 2194224039831407595 2 3
2 3 7 
2 7 3 

397 10855895873276731180 1 5
2 3 0 7 8 

209 4061279799162532028 2 4
4 0 6 7 
4 0 7 6 

466 17760995621604911877 1 5
4 7 6 8 1 

336 12585292063867719537 2 3
4 6 8 
4 8 6 

79 8660131409373069031 1 5
2 3 0 6 1 

82 7698985776645440831 2 3
4 1 6 
4 6 1 

339 4310306510629711767 2 5
4 0 6 8 1 
4 0 8 6 1 

5 5413095913782878028 1 2
2 0 

262 7698985776645440831 2 3
2 1 8 
2 8 1 

259 15527075883780331159 2 3
0 1 8 
0 8 1 

150 16472800172034163515 2 4
2 4 7 1 
4 2 7 1 

23 10031168440382012240 1 4
2 1 4 0 

135 1799627870694698037 1 4
2 0 7 1 

67 15527075883780331159 2 3
0 1 6 
0 6 1 

324 12585292063867719537 2 3
2 6 8 
2 8 6 

321 14845211744745982600 2 3
0 6 8 
0 8 6 

141 3691125086056031145 1 4
2 7 3 0 

398 725972278020367895 1 5
2 3 7 8 1 

14 10706753935364593016 2 3
2 1 3 
2 3 1 

271 12282072061833664607 1 5
2 0 3 8 1 

268 12129649998618649867 2 3
2 3 8 
2 8 3 

165 6537677191147612904 1 4
2 7 0 5 

422 8295913054049985516 1 5
2 5 8 7 1 

38 10706753935364593016 2 3
2 1 5 
2 5 1 

295 8660131409373069031 1 5
2 5 0 8 1 

292 12254329342543767602 2 3
2 5 8 
2 8 5 

149 16994275939053286009 1 4
2 7 4 0 

406 10569450830428692319 2 5
2 4 7 8 1 
4 2 7 8 1 

22 16574095905003600574 2 3
2 4 1 
4 2 1 

279 2241396036343622499 1 5
2 4 0 8 1 

276 10391787902979575712 2 3
2 4 8 
4 2 8 

353 12988209368820141765 2 4
0 5 6 8 
0 5 8 6 

197 17743100923066580455 2 4
2 0 6 7 
2 0 7 6 

70 7698985776645440831 2 3
2 1 6 
2 6 1 

327 989333425636263974 2 5
2 0 6 8 1 
2 0 8 6 1 

156 3997143717686068364 1 4
2 7 4 3 

29 3500014934282602998 1 4
2 4 0 3 

286 9542154800565590736 1 5
2 4 3 8 1 

134 7698985776645440831 2 3
2 1 7 
2 7 1 

391 4160158228844763942 2 5
2 0 7 8 1 
2 0 8 7 1 

261 6569585470782509785 1 3
2 0 8 

7 10430602839189677886 1 3
2 0 1 

293 12564851842983386733 1 4
2 8 5 0 

166 9074099179021290713 1 4
2 5 7 1 

39 10471396836598960778 1 4
2 1 0 5 

172 9051484668800367871 1 4
2 7 3 5 

45 10360144567801677877 2 4
2 0 3 5 
2 0 5 3 

302 14063139754193087066 1 5
2 5 3 8 1 

308 11009543509808397771 1 4
2 8 4 5 

54 5036159874697649378 1 4
2 1 4 5 

60 8389516611493844045 1 4
2 4 5 3 

180 6660210577474354258 1 4
2 7 4 5 

53 11119365018278480574 1 4
2 4 0 5 

310 13459332017285594198 1 5
2 4 5 8 1 

360 13150025586414177241 8 4
3 5 6 8 
3 5 8 6 
5 3 6 8 
5 3 8 6 
6 8 3 5 
6 8 5 3 
8 6 5 3 
8 6 3 5 

103 12282072061833664607 1 5
2 0 5 6 1 

106 7556829846088060811 4 4
3 5 1 6 
3 5 6 1 
5 3 1 6 
5 3 6 1 

368 3982813991072387447 2 4
4 5 6 8 
4 5 8 6 

114 7014131733599754745 2 4
4 5 1 6 
4 5 6 1 

337 17840432874885945307 2 4
4 0 6 8 
4 0 8 6 

210 12586463095304085354 2 4
4 6 7 1 
4 7 6 1 

417 10952074536738588066 2 4
0 5 7 8 
0 5 8 7 

424 1699057898927065156 4 4
7 8 3 5 
7 8 5 3 
8 7 5 3 
8 7 3 5 

167 10340736274404099388 1 5
2 0 5 7 1 

402 993176294303415770 2 4
4 7 8 1 
4 8 7 1 

393 10952074536738588066 2 4
0 3 7 8 
0 3 8 7 

408 10083773938285380914 2 4
4 3 7 8 
4 3 8 7 

151 624231941319011879 1 5
2 4 0 7 1 

401 18090155174597916199 2 4
4 0 7 8 
4 0 8 7 

432 2045910373128645647 2 4
4 5 7 8 
4 5 8 7 

389 1679132640297313121 2 4
2 0 7 8 
2 0 8 7 

449 3152645674961543315 1 4
0 7 6 8 

464 15236505058129304159 1 4
4 7 6 8 

47 13112446768982655418 2 5
2 1 0 3 5 
2 1 0 5 3 

31 11123452950660042899 1 5
2 1 4 0 3 

55 10628675952957886719 1 5
2 1 4 0 5 

62 10080545440292170948 1 5
2 1 4 5 3 

61 335068502285469478 1 5
2 4 0 5 3 

91 609548624397527964 2 5
1 6 4 0 3 
6 1 4 0 3 

348 12910342561626855714 1 5
2 4 3 6 8 

115 10702600398111920069 2 5
1 6 4 0 5 
6 1 4 0 5 

372 9844543085792699956 1 5
2 4 5 8 6 

107 7887799432492081483 4 5
1 6 0 5 3 
1 6 0 3 5 
6 1 0 5 3 
6 1 0 3 5 

364 9249518067683384055 4 5
2 3 5 8 6 
2 5 3 6 8 
2 6 8 5 3 
2 8 6 3 5 

122 7845252661427977046 2 5
1 6 4 5 3 
6 1 4 5 3 

110 14063139754193087066 1 5
2 3 5 6 1 

109 1252994042942663150 1 5
2 6 3 0 5 

94 10787462235747489295 1 5
2 4 3 6 1 

118 15995648837253322068 1 5
2 4 5 6 1 

93 14253537775259015613 1 5
2 6 4 3 0 

124 12311426953765015380 1 5
2 6 4 3 5 

117 17159673606378809895 1 5
2 6 4 0 5 

171 7887799432492081483 4 5
1 7 0 5 3 
1 7 0 3 5 
7 1 0 5 3 
7 1 0 3 5 

428 9473850965606830079 1 5
2 8 7 5 3 

155 609548624397527964 2 5
1 7 4 0 3 
7 1 4 0 3 

412 4189681711019439175 1 5
2 4 3 7 8 

186 7845252661427977046 2 5
1 7 4 5 3 
7 1 4 5 3 

179 10702600398111920069 2 5
1 7 4 0 5 
7 1 4 0 5 

436 4346550243713764354 1 5
2 4 5 8 7 

174 5559371251625625227 1 5
2 7 1 3 5 

173 15948786860743649549 1 5
2 7 3 0 5 

158 11132414092531898332 1 5
2 4 3 7 1 

157 7704501315796048798 1 5
2 7 4 3 0 

182 15565011356007573143 1 5
2 4 5 7 1 

181 9743106340526480451 1 5
2 7 4 0 5 

188 447976470436970465 1 5
2 7 4 3 5 

203 2735101801632934119 2 5
0 3 6 7 1 
0 3 7 6 1 

227 2735101801632934119 2 5
0 5 6 7 1 
0 5 7 6 1 

233 16940348603053953115 4 5
6 7 0 5 3 
6 7 0 3 5 
7 6 0 3 5 
7 6 0 5 3 

234 9755977756073641776 4 5
3 5 6 7 1 
3 5 7 6 1 
5 3 6 7 1 
5 3 7 6 1 

218 17596330139591911240 2 5
4 3 6 7 1 
4 3 7 6 1 

211 8994413725604245057 2 5
4 0 6 7 1 
4 0 7 6 1 

242 1856374817055370380 2 5
4 5 6 7 1 
4 5 7 6 1 

217 2252036892362620876 2 5
6 7 4 0 3 
7 6 4 0 3 

248 5432527563044319413 2 5
6 7 4 5 3 
7 6 4 5 3 

241 14010341168316843055 2 5
6 7 4 0 5 
7 6 4 0 5 

206 18107480566791030014 1 5
2 3 6 7 1 

199 15511056976920011380 2 5
2 0 6 7 1 
2 0 7 6 1 

230 2675129202913573369 1 5
2 5 7 6 1 

205 442605650728344786 1 5
2 6 7 3 0 

229 6967806616917851745 1 5
2 7 6 0 5 

236 9872754151449188112 1 5
2 6 7 3 5 

213 9788024279504815699 2 5
2 4 0 6 7 
2 4 0 7 6 

220 61523335010033188 1 5
2 4 3 6 7 

244 9022050173232112407 1 5
2 4 5 7 6 

214 11207449915974968302 4 5
2 4 6 7 1 
2 4 7 6 1 
4 2 6 7 1 
4 2 7 6 1 

283 609548624397527964 2 5
1 8 4 0 3 
8 1 4 0 3 

299 7887799432492081483 4 5
1 8 0 5 3 
1 8 0 3 5 
8 1 0 5 3 
8 1 0 3 5 

307 10702600398111920069 2 5
1 8 4 0 5 
8 1 4 0 5 

314 7845252661427977046 2 5
1 8 4 5 3 
8 1 4 5 3 

316 15638232895945879160 1 5
2 8 4 5 3 

331 16789874327016992773 2 5
0 3 6 8 1 
0 3 8 6 1 

355 16789874327016992773 2 5
0 5 6 8 1 
0 5 8 6 1 

362 143871076794329895 4 5
3 5 6 8 1 
3 5 8 6 1 
5 3 6 8 1 
5 3 8 6 1 

346 7198735148424648000 2 5
4 3 6 8 1 
4 3 8 6 1 

361 15110948254569119325 4 5
6 8 0 5 3 
6 8 0 3 5 
8 6 0 3 5 
8 6 0 5 3 

345 17480662968790906872 2 5
6 8 4 0 3 
8 6 4 0 3 

370 757016727125658107 2 5
4 5 6 8 1 
4 5 8 6 1 

376 4622508568593048949 2 5
6 8 4 5 3 
8 6 4 5 3 

369 17407592417899051446 2 5
6 8 4 0 5 
8 6 4 0 5 

395 6971449191384891332 2 5
0 3 7 8 1 
0 3 8 7 1 

419 6971449191384891332 2 5
0 5 7 8 1 
0 5 8 7 1 

410 13872349838710248518 2 5
4 3 7 8 1 
4 3 8 7 1 

425 1455517363717273244 4 5
7 8 0 5 3 
7 8 0 3 5 
8 7 0 3 5 
8 7 0 5 3 

426 1683740526141341530 4 5
3 5 7 8 1 
3 5 8 7 1 
5 3 7 8 1 
5 3 8 7 1 

409 2361660381430507894 2 5
7 8 4 0 3 
8 7 4 0 3 

434 17241346800833252017 2 5
4 5 7 8 1 
4 5 8 7 1 

433 10560162997999076532 2 5
7 8 4 0 5 
8 7 4 0 5 

440 5129083301191390416 2 5
7 8 4 5 3 
8 7 4 5 3 

457 9527931909690079605 1 5
0 3 7 6 8 

481 9527931909690079605 1 5
0 5 7 6 8 

451 8808604111057318105 1 5
0 7 6 8 1 

488 15154712977385391451 2 5
3 5 7 6 8 
5 3 7 6 8 

496 8937382082799514266 1 5
4 5 7 6 8 

472 6089213516061521075 1 5
4 3 7 6 8 

