469 785933624739364691 1 6
4 2 8 0 7 6 

500 3281547630470408239 1 6
4 7 6 2 8 5 

476 73018858808055772 1 6
4 2 8 7 3 6 

470 5762981864774943314 1 6
4 7 6 2 8 1 

473 15126274953954733121 2 6
4 8 0 7 6 3 
8 4 0 7 6 3 

497 12977551130246371506 1 6
4 8 5 0 7 6 

467 9590092555483713566 1 6
4 8 1 0 7 6 

504 18149861683215583870 2 6
4 5 8 7 3 6 
4 8 5 3 7 6 

498 13561377396756813146 1 6
4 7 6 8 1 5 

474 13225605909975235907 1 6
4 8 1 7 3 6 

485 1844279611615614675 1 6
0 7 6 2 5 8 

455 17393302017131958294 1 6
2 1 8 0 7 6 

461 9094640880678308586 1 6
2 8 0 7 6 3 

492 9753267481226121183 2 6
2 5 8 7 3 6 
2 5 8 3 7 6 

486 12911743082536537742 2 6
6 7 2 1 5 8 
7 6 2 1 5 8 

462 11530280619943871646 2 6
2 1 8 7 3 6 
2 1 8 3 7 6 

489 18416757750143476689 2 6
5 8 0 7 6 3 
8 5 0 7 6 3 

490 10503113801327399523 4 6
1 5 8 7 3 6 
1 5 8 3 7 6 
1 8 5 7 3 6 
1 8 5 3 7 6 

483 13910735325985783620 2 6
0 7 6 1 5 8 
0 7 6 1 8 5 

459 4794944119866540269 1 6
1 8 0 7 6 3 

437 11657093155645032796 1 6
4 0 7 2 8 5 

413 5429548130154424946 1 6
4 2 8 0 7 3 

407 9387470009837351569 1 6
4 0 7 2 8 1 

438 16801056604058850417 2 6
4 7 2 8 1 5 
7 4 2 8 1 5 

444 4256170867034288619 1 6
4 3 7 2 8 5 

414 18144974773858198827 1 6
4 7 3 2 8 1 

441 4256170867034288619 1 6
4 8 5 0 3 7 

435 11527210476919186799 1 6
4 0 7 8 1 5 

442 1517994807975665972 2 6
4 3 7 8 5 1 
4 7 3 5 8 1 

411 5437188843695697809 1 6
4 8 1 0 7 3 

429 9664659580043954769 2 6
0 7 3 2 5 8 
2 5 8 0 7 3 

423 13167978291742253981 1 6
0 7 2 1 5 8 

430 9657660020170706356 2 6
3 7 2 1 5 8 
7 3 2 1 5 8 

399 17610460353473115298 1 6
2 1 8 0 7 3 

427 15223806473252673083 2 6
0 7 3 1 5 8 
0 7 3 1 8 5 

373 4985980885268847073 1 6
4 0 6 2 5 8 

343 14254882678077877597 1 6
4 0 6 2 1 8 

349 3598392398185466599 1 6
4 2 8 0 3 6 

374 1637120327793606609 2 6
4 6 2 1 5 8 
6 4 2 1 5 8 

380 5077991787233039273 1 6
4 3 6 2 5 8 

350 2346702840176177956 1 6
4 3 6 2 1 8 

377 12050199523898248970 1 6
4 5 8 0 3 6 

371 10025280149965841876 1 6
4 0 6 1 8 5 

347 13174827950930361471 1 6
4 1 8 0 3 6 

378 13561377396756813146 1 6
4 3 6 5 1 8 

365 11452889645826571396 1 6
2 5 8 0 6 3 

359 4329393822346149895 1 6
0 6 2 1 5 8 

366 12911743082536537742 2 6
3 6 2 1 5 8 
6 3 2 1 5 8 

335 1295194434702668923 1 6
2 1 8 0 6 3 

363 11276032159770514040 2 6
0 6 3 1 5 8 
0 6 3 1 8 5 

317 5429548130154424946 1 6
4 0 3 2 5 8 

318 15516491449422562282 2 6
3 4 2 5 1 8 
4 3 2 5 1 8 

311 3986419799619358919 1 6
0 4 2 1 5 8 

287 10629845015689514939 1 6
4 0 3 2 1 8 

315 18023606013821279097 1 6
4 0 3 5 1 8 

245 4696704029460083187 1 6
4 2 5 0 7 6 

303 17187343755203660370 1 6
0 3 2 1 5 8 

221 17251551046216094911 1 6
2 4 0 7 3 6 

215 972722066123601174 1 6
4 2 1 0 7 6 

252 10026560303921432221 1 6
4 2 5 3 6 7 

246 8914099621319223066 1 6
4 7 6 2 1 5 

222 16659030980738844405 1 6
4 2 1 3 7 6 

249 11916122209575043881 2 6
4 5 0 3 7 6 
5 4 0 3 7 6 

243 11458868324850524731 1 6
4 1 5 0 7 6 

219 232279706488559037 1 6
1 4 0 7 3 6 

250 13225605909975235907 1 6
4 5 1 3 7 6 

231 9053786132000709490 1 6
2 1 5 0 7 6 

238 2156103408019437007 2 6
2 1 5 3 7 6 
2 1 5 7 3 6 

237 2023605352219904434 1 6
2 5 0 7 6 3 

207 14352307619147740265 1 6
2 1 0 7 6 3 

235 4794944119866540269 1 6
1 5 0 7 6 3 

189 11657093155645032796 1 6
4 2 5 0 3 7 

183 8803694761184119163 1 6
4 0 7 2 1 5 

159 1802227237285222966 1 6
4 2 1 0 7 3 

190 9592192381971545468 1 6
4 3 7 2 5 1 

187 9050057341555299976 1 6
4 5 1 0 3 7 

119 6173676412909200830 1 6
4 0 6 2 1 5 

175 12501382816020038266 1 6
2 1 5 0 7 3 

263 1277910811888892566 1 4
0 2 1 8 

197 8778297980605328996 1 4
2 0 7 6 

454 2541264542733691674 2 5
6 7 2 1 8 
7 6 2 1 8 

195 13470888816616424956 1 4
1 0 7 6 

452 15896268698264125057 2 4
2 8 7 6 
2 8 6 7 

149 18188994175204141202 1 4
2 4 0 7 

406 9321384736026839079 2 5
4 7 2 8 1 
7 4 2 8 1 

177 3758550860374928371 2 4
4 5 0 7 
5 4 0 7 

434 11012613090493354492 2 5
4 7 8 1 5 
7 4 8 1 5 

401 9515771854054113449 2 4
4 8 0 7 
8 4 0 7 

147 12040458653921594130 1 4
1 4 0 7 

404 15804328657059468321 2 4
4 7 2 8 
7 4 2 8 

165 12030119370035199782 2 4
0 7 2 5 
2 5 0 7 

141 8389516611493844045 1 4
2 0 7 3 

398 10839353395748738450 2 5
3 7 2 1 8 
7 3 2 1 8 

389 1361567497545663179 1 4
0 7 2 8 

135 17554248449585120550 1 4
2 1 0 7 

417 3982813991072387447 2 4
0 7 5 8 
0 7 8 5 

163 13182905938391989522 1 4
0 7 1 5 

139 2783412844913159034 1 4
1 0 7 3 

396 7150496180077738619 2 4
2 8 7 3 
2 8 3 7 

116 852638576401355306 2 4
4 6 2 5 
6 4 2 5 

212 10732681782495955028 1 4
2 4 6 7 

85 8089998097051435931 1 4
2 4 0 6 

342 13314415367589562051 2 5
4 6 2 1 8 
6 4 2 1 8 

340 11699471195932271526 2 4
4 6 2 8 
6 4 2 8 

83 7960251438584650131 1 4
1 4 0 6 

86 13849747602474163806 2 4
4 6 2 1 
6 4 2 1 

92 7044477751449671096 1 4
2 4 3 6 

240 10601132076907988804 2 4
4 5 7 6 
5 4 7 6 

113 10596920958349277763 2 4
4 5 0 6 
5 4 0 6 

370 1398158631647660415 4 5
4 6 1 5 8 
4 6 1 8 5 
6 4 1 5 8 
6 4 1 8 5 

337 242440319660852541 2 4
4 8 0 6 
8 4 0 6 

210 10143959315736660894 1 4
1 4 7 6 

368 3364750820705448782 4 4
4 6 5 8 
4 6 8 5 
6 4 5 8 
6 4 8 5 

111 10959936507537928772 1 6
2 1 5 0 6 3 

114 8463222285952631605 2 4
4 6 1 5 
6 4 1 5 

312 1677071180347565230 2 4
3 4 5 8 
4 3 5 8 

55 12366075969376235873 1 5
0 4 2 1 5 

58 20261548302223008 2 4
3 4 5 1 
4 3 5 1 

387 13182905938391989522 1 4
0 7 1 8 

133 1100806113672523033 1 3
2 0 7 

74 1157133852231411715 2 3
1 3 6 
1 6 3 

331 4531448366618495495 1 5
1 8 0 6 3 

269 15406660600063173003 2 4
0 3 2 8 
2 8 0 3 

142 227753909914827273 2 4
2 1 3 7 
2 1 7 3 

15 4059955786470530201 1 4
2 1 0 3 

282 11164279965662094749 2 4
3 4 1 8 
4 3 1 8 

28 12769602731266802952 2 3
2 3 4 
2 4 3 

285 10665237275681059539 2 5
4 2 8 0 3 
4 0 3 2 8 

131 13504819416290637912 1 3
1 0 7 

332 15896268698264125057 2 4
2 8 6 3 
2 8 3 6 

75 6549376246462500122 1 4
1 0 6 3 

78 9816138929188049610 2 4
2 1 3 6 
2 1 6 3 

112 6906529405458791006 6 3
4 5 6 
4 6 5 
5 4 6 
5 6 4 
6 5 4 
6 4 5 

369 9009127556261700401 1 5
4 0 6 8 5 

180 3758550860374928371 2 4
4 7 2 5 
7 4 2 5 

53 18188994175204141202 1 4
0 4 2 5 

394 6305501177838887852 2 4
1 8 7 3 
1 8 3 7 

267 3779725885503056035 1 4
0 3 1 8 

13 11149028268085365730 1 3
2 0 3 

140 12585292063867719537 2 3
2 3 7 
2 7 3 

397 16476275988343549283 1 5
2 8 0 7 3 

277 12790940207649449064 1 4
0 4 2 8 

150 6827318719108812975 2 4
4 7 2 1 
7 4 2 1 

23 9368220953299931404 1 4
0 4 2 1 

280 754205998099296360 6 3
3 4 8 
3 8 4 
4 3 8 
4 8 3 
8 4 3 
8 3 4 

330 8019835161175320379 2 4
1 8 6 3 
1 8 3 6 

76 7698985776645440831 2 3
2 3 6 
2 6 3 

333 1253856313114366150 1 5
2 8 0 6 3 

194 1157133852231411715 2 3
1 6 7 
1 7 6 

451 5775805086694557792 1 5
1 8 0 7 6 

67 11191705730053392434 1 3
1 0 6 

259 17250501025191192120 1 3
0 1 8 

5 17087753756477223945 2 2
0 2 
2 0 

402 20261548302223008 2 4
4 7 8 1 
7 4 8 1 

275 5196072021062182796 1 4
0 4 1 8 

21 5851304085804368075 2 3
0 2 4 
2 0 4 

148 10706753935364593016 2 3
2 4 7 
2 7 4 

405 12813607503129867153 1 5
4 0 7 2 8 

284 5017445520378449331 2 4
3 4 2 8 
4 3 2 8 

27 14346522584861473761 1 4
1 4 0 3 

30 14699510610811450849 2 4
3 4 2 1 
4 3 2 1 

3 3085733323793310697 1 2
0 1 

323 13375762733904546548 1 4
0 6 1 8 

196 7698985776645440831 2 3
2 6 7 
2 7 6 

453 7445691566095667742 1 5
2 8 0 7 6 

69 18318763533345863842 1 3
2 0 6 

138 3584596353957403666 2 3
1 3 7 
1 7 3 

395 18169069867505524750 1 5
1 8 0 7 3 

11 6298889260055877585 1 3
1 0 3 

291 9948786386143750181 2 4
0 1 5 8 
0 1 8 5 

37 1100806113672523033 1 3
0 2 5 

338 8463222285952631605 2 4
4 6 1 8 
6 4 1 8 

84 3854895435528399829 2 3
2 4 6 
2 6 4 

341 11658169575919408720 1 5
4 0 6 2 8 

289 12585292063867719537 2 3
0 5 8 
0 8 5 

35 17250501025191192120 1 3
0 1 5 

261 11149028268085365730 1 3
0 2 8 

7 13914074621237375057 1 3
0 2 1 

56 2728381371886174304 6 3
3 4 5 
3 5 4 
4 3 5 
4 5 3 
5 4 3 
5 3 4 

313 10711925097737042252 1 5
4 0 3 5 8 

176 754205998099296360 6 3
4 5 7 
4 7 5 
5 4 7 
5 7 4 
7 5 4 
7 4 5 

433 4596102902320277502 1 5
4 0 7 8 5 

49 10706753935364593016 2 3
0 4 5 
0 5 4 

108 7014131733599754745 2 4
2 5 3 6 
2 5 6 3 

26 3684224192080029757 2 3
1 3 4 
1 4 3 

283 10934741744048193522 1 5
4 0 3 1 8 

82 3347474035243917583 2 3
1 4 6 
1 6 4 

339 8085592586885089242 1 5
4 0 6 1 8 

336 6906529405458791006 6 3
4 6 8 
4 8 6 
6 4 8 
6 8 4 
8 6 4 
8 4 6 

79 10390565265489274345 1 5
2 1 0 6 3 

146 3684224192080029757 2 3
1 4 7 
1 7 4 

403 6654176129258980808 1 5
4 0 7 8 1 

19 6495855282945793467 1 3
0 1 4 

273 12769602731266802952 2 3
0 4 8 
0 8 4 

400 2728381371886174304 6 3
4 7 8 
4 8 7 
7 4 8 
7 8 4 
8 7 4 
8 4 7 

143 11848527817632781709 1 5
2 1 0 7 3 

424 13150025586414177241 8 4
3 7 5 8 
3 7 8 5 
5 8 7 3 
5 8 3 7 
7 3 5 8 
7 3 8 5 
8 5 7 3 
8 5 3 7 

167 5719176296596694665 1 5
0 7 2 1 5 

297 7150496180077738619 2 4
0 3 5 8 
0 3 8 5 

170 6305501177838887852 2 4
1 5 3 7 
1 5 7 3 

43 3779725885503056035 1 4
0 3 1 5 

293 8389516611493844045 1 4
0 2 5 8 

39 11853486265749249919 1 4
0 2 1 5 

172 3982813991072387447 2 4
2 5 3 7 
2 5 7 3 

45 1361567497545663179 1 4
2 5 0 3 

408 1677071180347565230 2 4
4 8 7 3 
8 4 7 3 

151 4062685642357111265 1 5
4 2 1 0 7 

281 5017445520378449331 2 4
4 8 0 3 
8 4 0 3 

154 4634709047748281356 2 4
1 4 3 7 
1 4 7 3 

184 1677071180347565230 2 4
4 5 3 7 
5 4 3 7 

57 15804328657059468321 2 4
4 5 0 3 
5 4 0 3 

314 11012613090493354492 2 5
3 4 5 1 8 
4 3 5 1 8 

432 1677071180347565230 2 4
4 7 8 5 
7 4 8 5 

305 18125736765879375276 1 4
0 4 8 5 

178 11164279965662094749 2 4
4 7 1 5 
7 4 1 5 

51 10645060107188842492 1 4
0 4 1 5 

156 18125736765879375276 1 4
2 4 3 7 

29 12790940207649449064 1 4
2 4 0 3 

286 12528680421664740327 2 5
3 4 2 1 8 
4 3 2 1 8 

60 9515771854054113449 2 4
3 4 2 5 
4 3 2 5 

202 983609089190748271 2 4
1 3 7 6 
1 7 3 6 

353 10667362792025660262 2 4
0 6 5 8 
0 6 8 5 

226 8019835161175320379 2 4
1 5 6 7 
1 5 7 6 

99 13375762733904546548 1 4
0 6 1 5 

360 7556829846088060811 4 4
5 8 6 3 
5 8 3 6 
8 5 6 3 
8 5 3 6 

103 9142312002224301118 1 5
0 6 2 1 5 

106 8019835161175320379 2 4
1 5 3 6 
1 5 6 3 

204 2506011958774662217 2 4
2 3 7 6 
2 7 3 6 

77 10895110813981667549 1 4
2 0 6 3 

334 2541264542733691674 2 5
3 6 2 1 8 
6 3 2 1 8 

325 17177136069890610113 1 4
0 6 2 8 

198 9816138929188049610 2 4
2 1 6 7 
2 1 7 6 

71 9415082738022679924 1 4
2 1 0 6 

228 7014131733599754745 2 4
2 5 6 7 
2 5 7 6 

101 8272974117028570047 1 4
2 5 0 6 

344 10601132076907988804 2 4
4 8 3 6 
8 4 3 6 

87 12461941602714392750 1 5
4 2 1 0 6 

90 10143959315736660894 1 4
1 4 3 6 

120 1324427476534020738 2 4
4 5 3 6 
5 4 3 6 

480 7556829846088060811 4 4
5 8 7 6 
5 8 6 7 
8 5 7 6 
8 5 6 7 

450 8019835161175320379 2 4
1 8 7 6 
1 8 6 7 

464 1324427476534020738 2 4
4 8 7 6 
8 4 7 6 

47 4482040220423146004 1 5
0 3 2 1 5 

59 225033380413318065 1 5
4 0 3 5 1 

316 2931493229845075762 2 5
3 4 2 5 8 
4 3 2 5 8 

31 9282030011314164273 1 5
4 2 1 0 3 

62 2811395072623112125 2 5
3 4 2 5 1 
4 3 2 5 1 

107 4531448366618495495 1 5
1 5 0 6 3 

364 7845252661427977046 2 5
3 6 2 5 8 
6 3 2 5 8 

61 12813607503129867153 1 5
4 2 5 0 3 

110 12129435878133071456 2 5
3 6 2 1 5 
6 3 2 1 5 

109 8573717337418152007 1 5
2 5 0 6 3 

122 659761187961296128 1 5
4 5 1 3 6 

91 13515010429091646731 1 5
1 4 0 3 6 

348 3139387622986693569 1 5
4 2 8 3 6 

115 863938966509365197 1 5
4 0 6 1 5 

372 4705014155367496481 2 5
4 6 2 5 8 
6 4 2 5 8 

121 2321507838863568102 2 5
4 5 0 3 6 
5 4 0 3 6 

94 15904412686913045126 1 5
4 2 1 3 6 

124 2045390665250012994 1 5
4 2 5 3 6 

118 4448827950612410376 2 5
4 6 2 1 5 
6 4 2 1 5 

93 6898304350866816704 1 5
2 4 0 3 6 

171 18169069867505524750 1 5
1 5 0 7 3 

428 4622508568593048949 2 5
3 7 2 5 8 
7 3 2 5 8 

117 2319499110910004793 1 5
4 2 5 0 6 

174 9949176012075180794 2 5
3 7 2 1 5 
7 3 2 1 5 

173 12586974753393532778 1 5
2 5 0 7 3 

186 3332775125930216354 1 5
4 5 1 3 7 

155 15689956165752255431 1 5
1 4 0 7 3 

412 10711925097737042252 1 5
4 2 8 7 3 

179 10822142580938034022 1 5
4 0 7 1 5 

436 18064990090265222733 2 5
4 7 2 8 5 
7 4 2 8 5 

185 18064990090265222733 2 5
4 5 0 3 7 
5 4 0 3 7 

158 2291568146787490173 1 5
4 2 1 3 7 

182 15631252764425134457 2 5
4 7 2 1 5 
7 4 2 1 5 

188 4596102902320277502 1 5
4 2 5 3 7 

157 8336637092471597263 1 5
2 4 0 7 3 

203 14188477119521735445 1 5
1 0 7 6 3 

460 7198735148424648000 2 5
2 8 7 3 6 
2 8 3 7 6 

234 1269884434782369055 2 5
1 5 3 7 6 
1 5 7 3 6 

181 13206557887366424125 2 5
4 2 5 0 7 
4 0 7 2 5 

227 5775805086694557792 1 5
1 5 0 7 6 

484 7845252661427977046 2 5
6 7 2 5 8 
7 6 2 5 8 

206 5509176021517982686 2 5
2 1 3 7 6 
2 1 7 3 6 

230 12129435878133071456 2 5
6 7 2 1 5 
7 6 2 1 5 

236 757016727125658107 2 5
2 5 3 7 6 
2 5 7 3 6 

205 3273106011170765271 1 5
2 0 7 6 3 

199 5582746980966043338 1 5
2 1 0 7 6 

229 18021890924705301076 1 5
2 5 0 7 6 

242 4213392921063732975 1 5
4 1 5 7 6 

218 12656770491342833941 2 5
1 4 3 7 6 
1 4 7 3 6 

248 4323769937847979480 2 5
4 5 3 7 6 
5 4 3 7 6 

211 10404329958831168832 1 5
1 4 0 7 6 

468 6855624116802503919 1 5
4 2 8 7 6 

241 10430273983900308607 2 5
4 5 0 7 6 
5 4 0 7 6 

214 3829460790918125615 1 5
4 2 1 7 6 

220 8454230288327463145 1 5
2 4 3 6 7 

213 14347581441014003951 1 5
2 4 0 7 6 

244 12571297144265543135 1 5
4 2 5 6 7 

299 11227027734489427862 2 5
0 3 1 5 8 
0 3 1 8 5 

271 16273923072580728609 1 5
0 3 2 1 8 

295 6512831979936567646 1 5
0 2 1 5 8 

301 16476275988343549283 1 5
0 3 2 5 8 

307 15546785625841981073 1 5
0 4 1 8 5 

279 7253655815834296990 1 5
0 4 2 1 8 

309 8336637092471597263 1 5
0 4 2 5 8 

355 12385405166741011700 2 5
0 6 1 5 8 
0 6 1 8 5 

362 1909309878206364334 4 5
3 6 1 5 8 
3 6 1 8 5 
6 3 1 5 8 
6 3 1 8 5 

361 8850520360857520085 2 5
5 8 0 6 3 
8 5 0 6 3 

327 7678133076418695250 1 5
0 6 2 1 8 

357 1870422358782097123 1 5
0 6 2 5 8 

346 4213392921063732975 1 5
4 1 8 3 6 

376 12945076698413370687 1 5
4 5 8 3 6 

345 5094039145317176947 2 5
4 8 0 6 3 
8 4 0 6 3 

425 4622508568593048949 2 5
5 8 0 7 3 
8 5 0 7 3 

419 2994986921747628240 2 5
0 7 1 5 8 
0 7 1 8 5 

426 3690224526988697710 4 5
3 7 1 5 8 
3 7 1 8 5 
7 3 1 5 8 
7 3 1 8 5 

391 16297571255360996590 1 5
0 7 2 1 8 

421 12586974753393532778 1 5
0 7 2 5 8 

410 3332775125930216354 1 5
4 8 1 7 3 

409 2931493229845075762 2 5
4 8 0 7 3 
8 4 0 7 3 

440 2116756502251157976 4 5
4 3 7 8 5 
4 5 8 7 3 
4 7 3 5 8 
4 8 5 3 7 

458 1269884434782369055 2 5
1 8 7 3 6 
1 8 3 7 6 

488 143871076794329895 4 5
5 8 7 3 6 
5 8 3 7 6 
8 5 7 3 6 
8 5 3 7 6 

482 1909309878206364334 4 5
6 7 1 5 8 
6 7 1 8 5 
7 6 1 5 8 
7 6 1 8 5 

481 3772855870296834902 2 5
5 8 0 7 6 
8 5 0 7 6 

466 659761187961296128 1 5
4 8 1 7 6 

496 12945076698413370687 1 5
4 8 5 7 6 

472 4323769937847979480 2 5
4 8 7 3 6 
8 4 7 3 6 

465 10346867235838053602 2 5
4 8 0 7 6 
8 4 0 7 6 

123 6739611982317246907 1 6
4 5 1 0 3 6 

63 16446085985817167233 1 6
4 0 3 2 5 1 

126 12546317305532436826 1 6
4 3 6 2 5 1 

125 5926202111376795349 1 6
4 2 5 0 3 6 

95 3507871056361854058 1 6
4 2 1 0 3 6 

