bhabha2npb[1,0,1,0,0,0,0,0,0] #   5
bhabha2npb[1,1,1,0,0,0,0,0,0] #   7
bhabha2npb[1,0,0,1,0,0,1,0,0] #  73
bhabha2npb[0,0,1,0,1,2,0,0,0] #  52
bhabha2npb[0,0,0,0,1,2,1,0,0] # 112
bhabha2npb[0,1,1,0,0,2,0,0,0] #  38
bhabha2npb[0,2,1,0,0,1,0,0,0] #  38
bhabha2npb[0,0,0,1,1,2,0,0,0] #  56
bhabha2npb[0,0,0,2,1,1,0,0,0] #  56
bhabha2npb[0,1,0,1,0,2,0,0,0] #  42
bhabha2npb[0,1,0,2,0,1,0,0,0] #  42
bhabha2npb[1,0,1,1,0,0,1,0,0] #  77
bhabha2npb[1,1,1,1,0,0,0,0,0] #  15
bhabha2npb[1,1,0,1,0,0,1,0,0] #  75
bhabha2npb[1,0,0,0,1,2,1,0,0] # 113
bhabha2npb[0,1,1,0,1,2,0,0,0] #  54
bhabha2npb[1,1,0,0,0,2,1,0,0] #  99
bhabha2npb[1,0,0,1,1,2,0,0,0] #  57
bhabha2npb[1,0,0,2,1,1,0,0,0] #  57
bhabha2npb[0,0,1,1,1,2,0,0,0] #  60
bhabha2npb[0,0,1,2,1,1,0,0,0] #  60
bhabha2npb[1,0,0,1,0,2,1,0,0] # 105
bhabha2npb[1,0,0,2,0,1,1,0,0] # 105
bhabha2npb[1,0,0,1,0,1,2,0,0] # 105
bhabha2npb[0,0,0,1,1,2,1,0,0] # 120
bhabha2npb[0,0,0,2,1,1,1,0,0] # 120
bhabha2npb[1,1,0,1,0,1,0,0,0] #  43
bhabha2npb[0,1,0,1,1,2,0,0,0] #  58
bhabha2npb[0,1,0,2,1,1,0,0,0] #  58
bhabha2npb[0,1,0,1,0,2,1,0,0] # 106
bhabha2npb[0,1,0,2,0,1,1,0,0] # 106
bhabha2npb[0,2,0,1,0,1,1,0,0] # 106
bhabha2npb[1,1,1,1,0,0,1,0,0] #  79
bhabha2npb[1,0,1,0,1,1,1,0,0] # 117
bhabha2npb[1,0,1,0,1,2,1,0,0] # 117
bhabha2npb[1,1,1,0,0,1,1,0,0] # 103
bhabha2npb[1,1,1,0,0,2,1,0,0] # 103
bhabha2npb[1,1,0,0,1,2,1,0,0] # 115
bhabha2npb[0,1,1,0,1,2,1,0,0] # 118
bhabha2npb[0,2,1,0,1,1,1,0,0] # 118
bhabha2npb[0,1,1,0,1,1,2,0,0] # 118
bhabha2npb[0,1,1,0,1,3,1,0,0] # 118
bhabha2npb[1,0,1,1,1,1,0,0,0] #  61
bhabha2npb[1,0,1,1,1,2,0,0,0] #  61
bhabha2npb[1,0,1,2,1,1,0,0,0] #  61
bhabha2npb[1,0,0,1,1,2,1,0,0] # 121
bhabha2npb[1,0,0,2,1,1,1,0,0] # 121
bhabha2npb[1,0,0,1,1,1,2,0,0] # 121
bhabha2npb[1,0,0,1,2,1,1,0,0] # 121
bhabha2npb[2,0,0,1,1,1,1,0,0] # 121
bhabha2npb[1,0,0,1,1,3,1,0,0] # 121
bhabha2npb[0,0,1,1,1,2,1,0,0] # 124
bhabha2npb[0,0,1,2,1,1,1,0,0] # 124
bhabha2npb[1,1,1,1,0,1,0,0,0] #  47
bhabha2npb[0,1,1,1,1,1,0,0,0] #  62
bhabha2npb[0,1,1,1,1,2,0,0,0] #  62
bhabha2npb[0,1,1,2,1,1,0,0,0] #  62
bhabha2npb[0,1,1,1,2,1,0,0,0] #  62
bhabha2npb[1,1,0,1,0,1,1,0,0] # 107
bhabha2npb[1,1,0,1,0,2,1,0,0] # 107
bhabha2npb[1,2,0,1,0,1,1,0,0] # 107
bhabha2npb[0,1,1,1,0,1,1,0,0] # 110
bhabha2npb[0,1,0,1,1,2,1,0,0] # 122
bhabha2npb[0,1,0,2,1,1,1,0,0] # 122
bhabha2npb[0,2,0,1,1,1,1,0,0] # 122
bhabha2npb[0,1,0,1,1,1,2,0,0] # 122
bhabha2npb[0,1,0,1,2,1,1,0,0] # 122
bhabha2npb[0,1,0,1,1,3,1,0,0] # 122
bhabha2npb[1,1,1,0,1,1,1,0,0] # 119
bhabha2npb[1,1,1,0,1,2,1,0,0] # 119
bhabha2npb[1,0,1,1,1,1,1,0,0] # 125
bhabha2npb[1,0,1,1,1,2,1,0,0] # 125
bhabha2npb[1,0,1,2,1,1,1,0,0] # 125
bhabha2npb[1,1,1,1,0,1,1,0,0] # 111
bhabha2npb[1,1,0,1,1,1,1,0,0] # 123
bhabha2npb[1,1,0,1,1,2,1,0,0] # 123
bhabha2npb[1,1,0,2,1,1,1,0,0] # 123
bhabha2npb[1,2,0,1,1,1,1,0,0] # 123
bhabha2npb[0,1,1,1,1,1,1,0,0] # 126
bhabha2npb[0,1,1,1,1,2,1,0,0] # 126
bhabha2npb[0,1,1,2,1,1,1,0,0] # 126
bhabha2npb[0,1,1,1,1,1,2,0,0] # 126
bhabha2npb[1,1,1,1,1,1,1,0,0] # 127
bhabha2npb[1,1,1,1,1,2,1,0,0] # 127
bhabha2npb[1,1,1,2,1,1,1,0,0] # 127
bhabha2npb[1,1,1,1,2,1,1,0,0] # 127
bhabha2npb[0,1,1,0,0,0,0,0,0] #   6
bhabha2npb[1,0,1,0,1,0,0,0,0] #  21
bhabha2npb[1,0,1,1,0,0,0,0,0] #  13
bhabha2npb[0,1,1,1,0,0,0,0,0] #  14
bhabha2npb[0,1,0,1,0,0,1,0,0] #  74
bhabha2npb[1,0,1,0,0,1,0,0,0] #  37
bhabha2npb[1,0,0,0,0,2,1,0,0] #  97
bhabha2npb[2,0,0,0,0,1,1,0,0] #  97
bhabha2npb[1,0,0,1,0,2,0,0,0] #  41
bhabha2npb[1,0,0,2,0,1,0,0,0] #  41
bhabha2npb[2,0,0,1,0,1,0,0,0] #  41
bhabha2npb[1,1,1,0,1,0,0,0,0] #  23
bhabha2npb[1,0,1,1,1,0,0,0,0] #  29
bhabha2npb[1,0,0,1,1,0,1,0,0] #  89
bhabha2npb[0,1,1,1,0,0,1,0,0] #  78
bhabha2npb[1,0,1,0,1,1,0,0,0] #  53
bhabha2npb[0,0,1,0,1,2,1,0,0] # 116
bhabha2npb[1,0,0,0,2,1,1,0,0] # 113
bhabha2npb[1,1,1,0,0,1,0,0,0] #  39
bhabha2npb[1,2,0,0,0,1,1,0,0] #  99
bhabha2npb[1,0,1,1,0,1,0,0,0] #  45
bhabha2npb[1,0,0,1,2,1,0,0,0] #  57
bhabha2npb[0,1,1,1,0,1,0,0,0] #  46
bhabha2npb[1,0,1,1,1,0,1,0,0] #  93
bhabha2npb[1,1,1,1,1,0,0,0,0] #  31
bhabha2npb[1,1,0,1,1,0,1,0,0] #  91
bhabha2npb[1,0,1,0,1,1,2,0,0] # 117
bhabha2npb[1,0,1,0,2,1,1,0,0] # 117
bhabha2npb[1,1,1,0,1,1,0,0,0] #  55
bhabha2npb[1,2,1,0,0,1,1,0,0] # 103
bhabha2npb[1,1,1,0,0,1,2,0,0] # 103
bhabha2npb[1,2,0,0,1,1,1,0,0] # 115
bhabha2npb[1,0,1,1,2,1,0,0,0] #  61
bhabha2npb[1,0,1,1,1,3,0,0,0] #  61
bhabha2npb[1,0,1,1,0,1,1,0,0] # 109
bhabha2npb[1,0,0,2,1,2,1,0,0] # 121
bhabha2npb[1,1,0,1,1,1,0,0,0] #  59
bhabha2npb[1,1,0,2,0,1,1,0,0] # 107
bhabha2npb[1,1,0,1,0,3,1,0,0] # 107
bhabha2npb[1,1,1,1,1,0,1,0,0] #  95
bhabha2npb[1,2,1,0,1,1,1,0,0] # 119
bhabha2npb[1,1,1,0,1,1,2,0,0] # 119
bhabha2npb[1,0,1,1,1,1,2,0,0] # 125
bhabha2npb[1,0,1,1,2,1,1,0,0] # 125
bhabha2npb[1,1,1,1,1,1,0,0,0] #  63
bhabha2npb[1,1,0,1,2,1,1,0,0] # 123
bhabha2npb[1,1,1,1,1,3,1,0,0] # 127
