498 3498002001533713040 1 6
4 1 5 6 8 7 

483 11059632804467942511 2 6
5 6 7 8 0 1 
5 6 8 7 0 1 

504 13854408235133541898 2 6
5 6 3 4 8 7 
5 6 4 3 7 8 

490 3498002001533713040 1 6
3 1 5 6 7 8 

486 2326761913774207903 2 6
1 5 6 2 7 8 
1 5 6 2 8 7 

497 9736363654478910643 1 6
4 0 5 6 8 7 

500 5519727335022709917 1 6
4 5 6 2 8 7 

489 9736363654478910643 1 6
3 0 5 6 7 8 

492 5519727335022709917 1 6
3 5 6 2 7 8 

485 18126341219817026159 2 6
0 5 6 2 7 8 
0 5 6 2 8 7 

474 7064138778674053709 2 6
6 7 8 4 3 1 
6 8 7 3 4 1 

470 17088399969848492392 1 6
6 4 1 2 8 7 

467 16238233176756729156 1 6
6 8 7 4 0 1 

462 17088399969848492392 1 6
6 3 1 2 7 8 

459 16238233176756729156 1 6
6 7 8 3 0 1 

476 10142476851179650411 2 6
6 3 4 2 8 7 
6 4 3 2 7 8 

473 6953918734746834385 2 6
6 7 8 4 3 0 
6 8 7 3 4 0 

455 848695626911780236 2 6
6 1 0 2 7 8 
6 1 0 2 8 7 

469 8603493218084493677 1 6
6 4 0 2 8 7 

461 8603493218084493677 1 6
6 3 0 2 7 8 

442 13440275682041111255 2 6
5 7 8 4 3 1 
5 8 7 3 4 1 

435 13729268854342227513 1 6
5 8 7 4 0 1 

438 9905766826811406425 1 6
5 4 1 2 8 7 

430 9905766826811406425 1 6
5 3 1 2 7 8 

427 13729268854342227513 1 6
5 7 8 3 0 1 

441 17910402142339333652 2 6
5 7 8 4 3 0 
5 8 7 3 4 0 

444 12344830621430600246 2 6
5 3 4 2 8 7 
5 4 3 2 7 8 

423 6802621228514129226 2 6
5 1 0 2 7 8 
5 1 0 2 8 7 

437 16761186860563411250 1 6
5 4 0 2 8 7 

429 16761186860563411250 1 6
5 3 0 2 7 8 

414 2718422980283842141 4 6
2 7 8 4 3 1 
2 7 8 3 4 1 
2 8 7 4 3 1 
2 8 7 3 4 1 

411 6885603403005197941 4 6
7 8 3 4 0 1 
7 8 4 3 0 1 
8 7 3 4 0 1 
8 7 4 3 0 1 

413 14954093873457431157 4 6
2 7 8 4 3 0 
2 7 8 3 4 0 
2 8 7 4 3 0 
2 8 7 3 4 0 

407 11111462995028172763 2 6
4 0 1 2 7 8 
4 0 1 2 8 7 

399 11111462995028172763 2 6
3 0 1 2 7 8 
3 0 1 2 8 7 

378 13539338113806718503 1 6
8 5 6 4 3 1 

374 8314295010570997826 1 6
4 1 2 8 5 6 

371 12596829571115992849 1 6
8 5 6 4 0 1 

366 15522774151790613500 1 6
2 8 3 1 5 6 

363 2686003901245120617 1 6
8 5 6 3 0 1 

359 8754590433487951296 1 6
5 6 2 8 1 0 

380 2818321856873047612 1 6
2 8 5 6 4 3 

377 12455728097444621387 1 6
8 5 6 4 3 0 

373 5133118485129274562 1 6
4 0 2 8 5 6 

365 13054740467062881486 1 6
3 0 2 8 5 6 

350 17704571688582986264 1 6
6 2 8 4 3 1 

347 12483100815628541499 2 6
6 8 4 3 0 1 
8 6 4 3 0 1 

343 7543583938208663059 1 6
6 2 8 4 1 0 

349 1417151832107010618 1 6
6 2 8 4 3 0 

335 13527205956831187720 1 6
6 2 8 3 1 0 

318 6205474421343035644 1 6
5 2 8 4 3 1 

315 4441705521911996736 1 6
5 8 4 3 0 1 

311 7174961762170288871 1 6
5 2 8 4 1 0 

303 11323313032739642081 1 6
5 2 8 3 1 0 

317 17928892317834802982 1 6
5 2 8 4 3 0 

287 2873925164310407511 2 6
2 8 3 4 0 1 
2 8 4 3 0 1 

250 13539338113806718503 1 6
7 5 6 3 4 1 

246 15522774151790613500 1 6
2 7 4 1 5 6 

243 2686003901245120617 1 6
7 5 6 4 0 1 

238 8314295010570997826 1 6
3 1 2 7 5 6 

231 8754590433487951296 1 6
5 6 2 7 1 0 

235 12596829571115992849 1 6
7 5 6 3 0 1 

252 2818321856873047612 1 6
2 7 5 6 3 4 

249 12455728097444621387 1 6
7 5 6 3 4 0 

245 13054740467062881486 1 6
4 0 2 7 5 6 

237 5133118485129274562 1 6
3 0 2 7 5 6 

219 12483100815628541499 2 6
6 7 3 4 0 1 
7 6 3 4 0 1 

222 17704571688582986264 1 6
6 2 7 3 4 1 

215 13527205956831187720 1 6
6 2 7 4 1 0 

207 7543583938208663059 1 6
6 2 7 3 1 0 

221 1417151832107010618 1 6
6 2 7 3 4 0 

190 6205474421343035644 1 6
5 2 7 3 4 1 

183 11323313032739642081 1 6
5 2 7 4 1 0 

187 4441705521911996736 1 6
5 7 3 4 0 1 

189 17928892317834802982 1 6
5 2 7 3 4 0 

175 7174961762170288871 1 6
5 2 7 3 1 0 

159 2873925164310407511 2 6
2 7 3 4 0 1 
2 7 4 3 0 1 

126 16799019074328755113 2 6
2 5 6 4 3 1 
2 5 6 3 4 1 

119 295587955743702074 1 6
2 5 6 4 1 0 

123 7111924232179366430 2 6
5 6 3 4 0 1 
5 6 4 3 0 1 

63 5547569424040551395 4 6
2 5 3 4 1 0 
2 5 4 3 1 0 
5 2 3 4 1 0 
5 2 4 3 1 0 

125 2316756643218193684 2 6
2 5 6 4 3 0 
2 5 6 3 4 0 

111 295587955743702074 1 6
2 5 6 3 1 0 

95 1289121513275421203 2 6
2 6 3 4 1 0 
2 6 4 3 1 0 

496 6741467239324405349 1 5
4 5 6 8 7 

482 7605085300132705666 2 5
1 5 6 7 8 
1 5 6 8 7 

488 6741467239324405349 1 5
3 5 6 7 8 

481 8545317020595886043 2 5
0 5 6 7 8 
0 5 6 8 7 

484 92814284032699566 2 5
5 6 2 7 8 
5 6 2 8 7 

466 8981592606043057185 1 5
6 4 1 8 7 

454 11856364133124780818 4 5
1 6 2 7 8 
1 6 2 8 7 
6 1 2 7 8 
6 1 2 8 7 

458 8981592606043057185 1 5
6 3 1 7 8 

472 11943577567058281672 2 5
6 4 3 7 8 
6 3 4 8 7 

451 5473357030034430206 2 5
6 7 8 0 1 
6 8 7 0 1 

468 4631904248890746148 1 5
4 6 2 8 7 

465 9958297331571201865 1 5
6 4 0 8 7 

457 9958297331571201865 1 5
6 3 0 7 8 

460 4631904248890746148 1 5
3 6 2 7 8 

453 10562718210236991120 2 5
0 6 2 7 8 
0 6 2 8 7 

434 1366476437427098565 1 5
5 4 1 8 7 

419 14302842250964093788 2 5
5 7 8 0 1 
5 8 7 0 1 

426 1366476437427098565 1 5
5 3 1 7 8 

440 14574766795494761683 2 5
5 4 3 7 8 
5 3 4 8 7 

422 3440356624299248035 2 5
5 1 2 7 8 
5 1 2 8 7 

436 2209096102231801039 2 5
4 5 2 8 7 
5 4 2 8 7 

428 2209096102231801039 2 5
3 5 2 7 8 
5 3 2 7 8 

433 17427159929951332599 1 5
5 4 0 8 7 

425 17427159929951332599 1 5
5 3 0 7 8 

410 5967179431941344354 4 5
7 8 4 3 1 
7 8 3 4 1 
8 7 4 3 1 
8 7 3 4 1 

421 9400621741385204461 2 5
5 0 2 7 8 
5 0 2 8 7 

403 12237576118153726196 2 5
7 8 4 0 1 
8 7 4 0 1 

406 8199278229739520409 2 5
4 1 2 7 8 
4 1 2 8 7 

412 16621145235865671250 4 5
3 4 2 7 8 
3 4 2 8 7 
4 3 2 7 8 
4 3 2 8 7 

398 8199278229739520409 2 5
3 1 2 7 8 
3 1 2 8 7 

395 12237576118153726196 2 5
7 8 3 0 1 
8 7 3 0 1 

409 8931768057365379349 4 5
7 8 4 3 0 
7 8 3 4 0 
8 7 4 3 0 
8 7 3 4 0 

391 11282040451330141184 2 5
0 1 2 7 8 
0 1 2 8 7 

405 8692925150831294480 2 5
4 0 2 7 8 
4 0 2 8 7 

397 8692925150831294480 2 5
3 0 2 7 8 
3 0 2 8 7 

370 1209380303678623036 1 5
8 4 1 5 6 

278 15406660600063173003 2 4
2 8 4 1 
4 1 2 8 

21 8037372403875399827 1 3
2 4 0 

270 15406660600063173003 2 4
2 8 3 1 
3 1 2 8 

13 8037372403875399827 1 3
2 3 0 

263 15547395545335767677 1 4
2 8 0 1 

225 6212638599416873181 1 4
0 7 5 6 

210 11990769028644529110 2 4
6 7 4 1 
7 6 4 1 

202 7280204158998552156 2 4
6 7 3 1 
7 6 3 1 

216 1901980464436632427 2 4
6 7 3 4 
7 6 3 4 

135 15547395545335767677 1 4
2 7 0 1 

392 2849805779172057352 2 3
3 7 8 
3 8 7 

106 5373860658120540068 1 4
5 6 3 1 

114 5373860658120540068 1 4
5 6 4 1 

116 13482312166786051139 2 4
2 4 5 6 
4 2 5 6 

102 1460861365064218190 1 4
2 1 5 6 

120 9896287798247146928 2 4
5 6 3 4 
5 6 4 3 

226 4416077531919838335 2 4
1 7 5 6 
7 1 5 6 

99 1802318888323685098 1 4
5 6 0 1 

356 5373860658120540068 1 4
5 6 2 8 

108 13482312166786051139 2 4
2 3 5 6 
3 2 5 6 

228 5373860658120540068 1 4
5 6 2 7 

101 16098768122137247120 1 4
2 0 5 6 

358 13521009107723832627 1 5
1 5 6 2 8 

232 3407052874047130810 1 4
3 7 5 6 

105 10325758659863459999 1 4
5 6 3 0 

362 6530123369034129631 1 5
8 5 6 3 1 

240 8293608281406649797 1 4
4 7 5 6 

113 10325758659863459999 1 4
5 6 4 0 

86 12152577045520422986 1 4
2 6 4 1 

78 12152577045520422986 1 4
2 6 3 1 

92 3874126117847925266 2 4
2 6 4 3 
2 6 3 4 

198 311993389089937251 2 4
1 6 2 7 
6 1 2 7 

71 14665051628361562410 1 4
2 6 1 0 

328 18054779487213094827 2 3
3 6 8 
3 8 6 

212 17894880357480254922 1 4
4 6 2 7 

85 2003861805427680249 1 4
2 6 4 0 

342 8202407297492161261 1 5
6 4 1 2 8 

204 5069303078012082896 1 4
3 6 2 7 

77 2003861805427680249 1 4
2 6 3 0 

334 8495863120914076784 1 5
6 2 8 3 1 

54 3350840979172127825 2 4
2 5 4 1 
5 2 4 1 

58 9829021077594943929 2 4
5 3 4 1 
5 4 3 1 

46 3350840979172127825 2 4
2 5 3 1 
5 2 3 1 

178 5655568875390600688 1 4
5 7 4 1 

51 11820176405941577902 1 4
5 4 0 1 

308 10880432878561687756 2 4
4 5 2 8 
5 4 2 8 

60 17844284739976809631 4 4
2 5 4 3 
2 5 3 4 
5 2 4 3 
5 2 3 4 

293 3238541908382779286 1 4
5 0 2 8 

36 17087753756477223945 2 2
2 5 
5 2 

166 12159194040976764615 1 4
5 1 2 7 

39 6193694537863685569 2 4
2 5 1 0 
5 2 1 0 

296 12533917308045192969 2 3
3 5 8 
5 3 8 

170 14505538550821850107 1 4
5 7 3 1 

43 11820176405941577902 1 4
5 3 0 1 

300 31118838446587086 2 4
3 5 2 8 
5 3 2 8 

172 10880432878561687756 2 4
3 5 2 7 
5 3 2 7 

45 1484074537966833129 2 4
2 5 3 0 
5 2 3 0 

302 18087956534886359526 1 5
5 2 8 3 1 

180 31118838446587086 2 4
4 5 2 7 
5 4 2 7 

53 1484074537966833129 2 4
2 5 4 0 
5 2 4 0 

310 14556229065056051670 1 5
5 2 8 4 1 

184 15369845972000323493 1 4
5 7 3 4 

57 7626879958779878079 2 4
5 3 4 0 
5 4 3 0 

314 1202488322516277266 1 5
5 8 4 3 1 

284 17663828750069960505 2 4
2 8 4 3 
2 8 3 4 

30 9829021077594943929 2 4
2 3 4 1 
2 4 3 1 

156 17663828750069960505 2 4
2 7 4 3 
2 7 3 4 

29 7626879958779878079 2 4
2 3 4 0 
2 4 3 0 

286 772038652885336484 2 5
2 8 3 4 1 
2 8 4 3 1 

277 12791988022481837126 1 4
4 0 2 8 

20 17087753756477223945 2 2
2 4 
4 2 

150 15406660600063173003 2 4
2 7 4 1 
4 1 2 7 

23 11820176405941577902 1 4
2 4 0 1 

269 12791988022481837126 1 4
3 0 2 8 

12 17087753756477223945 2 2
2 3 
3 2 

142 15406660600063173003 2 4
2 7 3 1 
3 1 2 7 

15 11820176405941577902 1 4
2 3 0 1 

104 12858325137428765181 1 3
3 5 6 

361 11545359974904732146 1 5
8 5 6 3 0 

97 15670235019955143527 1 3
0 5 6 

354 4416077531919838335 2 4
1 8 5 6 
8 1 5 6 

84 17662388742419376403 2 3
2 4 6 
4 2 6 

341 12506492573344492136 1 5
6 4 0 2 8 

76 17662388742419376403 2 3
2 3 6 
3 2 6 

333 6773447996968830208 1 5
6 3 0 2 8 

52 10464402029777390164 6 3
2 4 5 
2 5 4 
4 2 5 
4 5 2 
5 4 2 
5 2 4 

309 16231809082160289504 1 5
5 4 0 2 8 

44 10464402029777390164 6 3
2 3 5 
2 5 3 
3 2 5 
3 5 2 
5 3 2 
5 2 3 

301 203987485000468723 1 5
5 3 0 2 8 

56 17383987363454026160 2 3
5 4 3 
5 3 4 

313 13237113376843041732 1 5
5 8 4 3 0 

165 3238541908382779286 1 4
5 0 2 7 

38 3519693191574693728 2 3
2 5 1 
5 2 1 

295 12487970428486425326 1 5
5 2 8 1 0 

292 11149028268085365730 1 3
5 2 8 

35 9633740902251361798 1 3
5 0 1 

5 3770640129362694187 1 2
2 0 

197 11196275537487416321 1 4
0 6 2 7 

70 16258839135554755291 2 3
2 1 6 
2 6 1 

327 11489969976300715953 1 5
6 2 8 1 0 

100 12858325137428765181 1 3
2 5 6 

357 5785288063898478833 1 5
0 5 6 2 8 

209 16321608838549083557 2 4
6 7 4 0 
7 6 4 0 

336 12254329342543767602 2 3
4 6 8 
4 8 6 

79 8582080357581519376 1 5
2 6 3 1 0 

33 3770640129362694187 1 2
5 0 

290 10706753935364593016 2 3
5 1 8 
5 8 1 

201 12017297739278896455 2 4
6 7 3 0 
7 6 3 0 

261 7975031763489587529 1 3
0 2 8 

7 9633740902251361798 1 3
2 0 1 

69 13040796107580532674 1 3
2 0 6 

326 311993389089937251 2 4
1 6 2 8 
6 1 2 8 

40 17087753756477223945 2 2
3 5 
5 3 

297 8058174946502602294 1 4
5 8 3 0 

48 17087753756477223945 2 2
4 5 
5 4 

305 10518250133096405606 1 4
5 8 4 0 

149 12791988022481837126 1 4
4 0 2 7 

276 11149028268085365730 1 3
4 2 8 

22 11149028268085365730 1 3
2 4 1 

279 3183446108457449395 1 5
2 8 4 0 1 

140 11149028268085365730 1 3
3 2 7 

41 8037372403875399827 1 3
5 3 0 

298 5655568875390600688 1 4
5 8 3 1 

168 9792737628942422839 2 3
3 5 7 
5 3 7 

28 17383987363454026160 2 3
2 3 4 
2 4 3 

285 17897194193432393339 2 5
2 8 3 4 0 
2 8 4 3 0 

112 12858325137428765181 1 3
4 5 6 

369 12123498993517827028 1 5
8 4 0 5 6 

133 7975031763489587529 1 3
0 2 7 

148 11149028268085365730 1 3
4 2 7 

37 8962527072878789285 2 3
2 5 0 
5 2 0 

294 12159194040976764615 1 4
5 1 2 8 

164 11149028268085365730 1 3
5 2 7 

400 2849805779172057352 2 3
4 7 8 
4 8 7 

143 3183446108457449395 1 5
2 7 3 0 1 

161 16657960328445842505 1 3
5 0 7 

418 12423888041580094999 2 4
5 1 7 8 
5 1 8 7 

49 8037372403875399827 1 3
5 4 0 

306 14505538550821850107 1 4
5 8 4 1 

176 12533917308045192969 2 3
4 5 7 
5 4 7 

193 7161841802869262925 2 3
0 6 7 
0 7 6 

450 4109833914059158341 4 4
1 6 7 8 
1 6 8 7 
6 1 7 8 
6 1 8 7 

200 12254329342543767602 2 3
3 6 7 
3 7 6 

208 18054779487213094827 2 3
4 6 7 
4 7 6 

385 17796487684100207495 2 3
0 7 8 
0 8 7 

141 12791988022481837126 1 4
3 0 2 7 

14 11149028268085365730 1 3
2 3 1 

271 3183446108457449395 1 5
2 8 3 0 1 

268 11149028268085365730 1 3
3 2 8 

169 10518250133096405606 1 4
5 7 3 0 

42 11149028268085365730 1 3
5 3 1 

299 4882800505189553800 1 5
5 8 3 0 1 

163 12271588500445678875 1 4
5 7 0 1 

420 18446051609787146811 2 4
5 2 7 8 
5 2 8 7 

177 8058174946502602294 1 4
5 7 4 0 

50 11149028268085365730 1 3
5 4 1 

307 4437792786917921012 1 5
5 8 4 0 1 

304 9792737628942422839 2 3
4 5 8 
5 4 8 

47 8437993534088003032 2 5
2 5 3 1 0 
5 2 3 1 0 

194 6906529405458791006 6 3
1 6 7 
1 7 6 
6 1 7 
6 7 1 
7 6 1 
7 1 6 

321 7161841802869262925 2 3
0 6 8 
0 8 6 

195 7702379580940045131 2 4
6 7 0 1 
7 6 0 1 

322 6906529405458791006 6 3
1 6 8 
1 8 6 
6 1 8 
6 8 1 
8 6 1 
8 1 6 

162 10706753935364593016 2 3
5 1 7 
5 7 1 

289 16657960328445842505 1 3
5 0 8 

416 2849805779172057352 2 3
5 7 8 
5 8 7 

312 15369845972000323493 1 4
5 8 4 3 

55 8437993534088003032 2 5
2 5 4 1 0 
5 2 4 1 0 

291 12271588500445678875 1 4
5 8 0 1 

325 11196275537487416321 1 4
0 6 2 8 

332 17894880357480254922 1 4
3 6 2 8 

329 16321608838549083557 2 4
6 8 3 0 
8 6 3 0 

340 5069303078012082896 1 4
4 6 2 8 

337 12017297739278896455 2 4
6 8 4 0 
8 6 4 0 

344 1901980464436632427 2 4
6 8 4 3 
8 6 4 3 

87 8582080357581519376 1 5
2 6 4 1 0 

323 7702379580940045131 2 4
6 8 0 1 
8 6 0 1 

330 11990769028644529110 2 4
6 8 3 1 
8 6 3 1 

338 7280204158998552156 2 4
6 8 4 1 
8 6 4 1 

353 6212638599416873181 1 4
0 8 5 6 

360 8293608281406649797 1 4
3 8 5 6 

103 7797267482707730301 1 5
2 5 6 1 0 

389 944848701752696606 2 4
0 2 7 8 
0 2 8 7 

368 3407052874047130810 1 4
4 8 5 6 

393 11595600140812226500 2 4
3 0 7 8 
3 0 8 7 

396 18446051609787146811 2 4
3 2 7 8 
3 2 8 7 

404 18446051609787146811 2 4
4 2 7 8 
4 2 8 7 

401 11595600140812226500 2 4
4 0 7 8 
4 0 8 7 

394 1226238002688797454 2 4
3 1 7 8 
3 1 8 7 

402 1226238002688797454 2 4
4 1 7 8 
4 1 8 7 

387 11691337676145466220 2 4
7 8 0 1 
8 7 0 1 

408 7009458825596742945 4 4
3 4 7 8 
3 4 8 7 
4 3 7 8 
4 3 8 7 

151 3183446108457449395 1 5
2 7 4 0 1 

417 2061751897820398594 2 4
5 0 7 8 
5 0 8 7 

424 5480290657662309016 2 4
3 5 7 8 
5 3 7 8 

167 12487970428486425326 1 5
5 2 7 1 0 

432 5480290657662309016 2 4
4 5 8 7 
5 4 8 7 

449 17266284731404731464 2 4
0 6 7 8 
0 6 8 7 

456 5735371542436802573 1 4
3 6 7 8 

199 11489969976300715953 1 5
6 2 7 1 0 

464 5735371542436802573 1 4
4 6 8 7 

480 4418891621091123933 2 4
5 6 7 8 
5 6 8 7 

31 18153768705766607709 2 5
2 3 4 0 1 
2 4 3 0 1 

59 18153768705766607709 2 5
5 3 4 0 1 
5 4 3 0 1 

316 3629827356409355518 1 5
5 2 8 4 3 

61 4004893316092548313 4 5
2 5 3 4 0 
2 5 4 3 0 
5 2 3 4 0 
5 2 4 3 0 

93 11590188897571706022 2 5
2 6 3 4 0 
2 6 4 3 0 

62 16694245704883279941 4 5
2 5 3 4 1 
2 5 4 3 1 
5 2 3 4 1 
5 2 4 3 1 

94 7359570895737850433 2 5
2 6 3 4 1 
2 6 4 3 1 

109 11878704327953482815 1 5
2 3 0 5 6 

121 13386749342551815964 2 5
5 6 4 3 0 
5 6 3 4 0 

124 928230601207374978 2 5
2 5 6 3 4 
2 5 6 4 3 

117 11878704327953482815 1 5
2 4 0 5 6 

107 14727528170298483024 1 5
5 6 3 0 1 

364 13920352390520694226 1 5
3 2 8 5 6 

115 14727528170298483024 1 5
5 6 4 0 1 

372 3664511182769896785 1 5
4 2 8 5 6 

110 7707485000959051665 1 5
2 3 1 5 6 

118 7707485000959051665 1 5
2 4 1 5 6 

122 2657185054015010701 2 5
5 6 4 3 1 
5 6 3 4 1 

157 17897194193432393339 2 5
2 7 3 4 0 
2 7 4 3 0 

158 772038652885336484 2 5
2 7 3 4 1 
2 7 4 3 1 

173 16231809082160289504 1 5
5 3 0 2 7 

185 13237113376843041732 1 5
5 7 3 4 0 

181 203987485000468723 1 5
5 4 0 2 7 

188 3629827356409355518 1 5
5 2 7 3 4 

171 4437792786917921012 1 5
5 7 3 0 1 

174 14556229065056051670 1 5
5 2 7 3 1 

179 4882800505189553800 1 5
5 7 4 0 1 

182 18087956534886359526 1 5
5 2 7 4 1 

186 1202488322516277266 1 5
5 7 3 4 1 

205 12506492573344492136 1 5
6 3 0 2 7 

213 6773447996968830208 1 5
6 4 0 2 7 

220 5616155869680100405 1 5
6 2 7 3 4 

217 10746108176690729469 2 5
6 7 3 4 0 
7 6 3 4 0 

203 17911944473178809345 2 5
6 7 3 0 1 
7 6 3 0 1 

206 8202407297492161261 1 5
6 3 1 2 7 

214 8495863120914076784 1 5
6 2 7 4 1 

211 15337652480769389129 2 5
6 7 4 0 1 
7 6 4 0 1 

218 12753209399029219157 2 5
6 7 3 4 1 
7 6 3 4 1 

229 5785288063898478833 1 5
0 5 6 2 7 

233 12123498993517827028 1 5
7 3 0 5 6 

236 3664511182769896785 1 5
3 2 7 5 6 

241 11545359974904732146 1 5
7 5 6 4 0 

244 13920352390520694226 1 5
4 2 7 5 6 

248 8820866425611611416 1 5
7 5 6 3 4 

227 8489864341178124877 1 5
7 5 6 0 1 

230 13521009107723832627 1 5
1 5 6 2 7 

234 1209380303678623036 1 5
7 3 1 5 6 

242 6530123369034129631 1 5
7 5 6 4 1 

348 5616155869680100405 1 5
6 2 8 4 3 

345 10746108176690729469 2 5
6 8 4 3 0 
8 6 4 3 0 

331 15337652480769389129 2 5
6 8 3 0 1 
8 6 3 0 1 

339 17911944473178809345 2 5
6 8 4 0 1 
8 6 4 0 1 

346 12753209399029219157 2 5
6 8 4 3 1 
8 6 4 3 1 

355 8489864341178124877 1 5
8 5 6 0 1 

376 8820866425611611416 1 5
8 5 6 4 3 

