bhabha2lp[0,0,0,-1,0,1,0,0,0]*(-a5)
bhabha2lp[0,1,0,-1,0,0,0,0,0]*(-a1)
bhabha2lp[0,0,0,0,-1,1,0,0,0]*(a5)
bhabha2lp[0,0,0,0,0,0,0,0,1]*(6*a8)
bhabha2lp[0,1,0,0,-1,0,0,0,0]*(a1)
bhabha2lp[0,0,0,0,0,0,0,-1,1]*(2*a8)
bhabha2lp[-1,0,0,1,0,0,0,0,0]*(-3*a3)
bhabha2lp[0,0,0,0,0,0,0,0,0]*(5*a3+5*a7-5*a4-5*a8)
bhabha2lp[0,0,0,1,0,0,0,0,0]*(-3*a3*eta)
bhabha2lp[0,0,-1,0,0,0,0,0,1]*(3*a8)
bhabha2lp[0,0,0,1,-1,0,0,0,0]*(-2*a3)
bhabha2lp[0,0,0,0,1,0,0,0,0]*(3*eta*a4)
bhabha2lp[-1,0,0,0,1,0,0,0,0]*(3*a4)
bhabha2lp[0,0,0,0,0,0,0,1,0]*(-6*a7)
bhabha2lp[0,0,0,0,0,1,0,-1,0]*(a5)
bhabha2lp[0,0,0,-1,1,0,0,0,0]*(2*a4)
bhabha2lp[0,0,0,0,0,1,0,0,-1]*(-a5)
bhabha2lp[0,0,0,0,0,0,0,1,-1]*(-2*a7)
bhabha2lp[0,0,-1,0,0,0,0,1,0]*(-3*a7)

bhabha2lp[-1,1,0,0,0,0,0,0,0]*(-a1)
bhabha2lp[0,1,0,-1,0,0,0,0,0]*(2*a1)
bhabha2lp[0,1,0,0,0,0,0,0,0]*(-eta*a1-a1)
bhabha2lp[0,0,0,0,0,0,0,0,0]*(-a5+a3+a7-a1)
bhabha2lp[0,0,0,0,0,1,0,-1,0]*(-2*a5)
bhabha2lp[-1,0,0,1,0,0,0,0,0]*(-3*a3)
bhabha2lp[0,0,-1,0,0,1,0,0,0]*(2*a5)
bhabha2lp[0,0,0,1,0,0,0,0,0]*(-3*a3*eta+2*a3)
bhabha2lp[0,-1,0,1,0,0,0,0,0]*(2*a3)
bhabha2lp[-1,0,0,0,0,1,0,0,0]*(-2*a5)
bhabha2lp[0,0,0,0,0,0,0,-1,1]*(a8)
bhabha2lp[0,0,0,0,0,0,-1,0,1]*(5*a8)
bhabha2lp[0,0,0,0,0,1,-1,0,0]*(a5)
bhabha2lp[0,0,0,-1,0,1,0,0,0]*(2*a5)
bhabha2lp[0,0,0,0,0,-1,0,0,1]*(-5*a8)
bhabha2lp[0,0,0,0,0,1,0,0,0]*(2*a5-2*a5*eta)
bhabha2lp[0,0,-1,0,0,0,0,0,1]*(-a8)
bhabha2lp[0,0,0,0,1,0,0,0,0]*(5*a4-6*eta*a4)
bhabha2lp[0,0,0,0,0,0,0,0,1]*(-5*eta*a8-7*a8)
bhabha2lp[0,0,0,-1,1,0,0,0,0]*(a4)
bhabha2lp[-1,0,0,0,0,0,0,0,1]*(-5*a8)
bhabha2lp[-1,0,0,0,1,0,0,0,0]*(-6*a4)
bhabha2lp[0,-1,0,0,1,0,0,0,0]*(5*a4)
bhabha2lp[0,0,-1,0,0,0,0,1,0]*(-a7)
bhabha2lp[0,-1,0,0,0,0,0,0,1]*(5*a8)
bhabha2lp[-1,0,0,0,0,0,0,1,0]*(-2*a7)
bhabha2lp[0,-1,0,0,0,0,0,1,0]*(2*a7)
bhabha2lp[0,0,0,0,0,0,0,1,0]*(-2*eta*a7-4*a7)
bhabha2lp[0,0,0,0,0,-1,0,1,0]*(-2*a7)
bhabha2lp[0,0,0,0,0,0,-1,1,0]*(2*a7)

bhabha2lp[-1,1,0,0,0,0,0,0,0]*(a1)
bhabha2lp[0,1,0,0,-1,0,0,0,0]*(-a1)
bhabha2lp[0,1,0,0,0,0,0,0,0]*(eta*a1+a1)
bhabha2lp[0,0,0,0,0,0,0,0,0]*(a5+5*a3+5*a7-6*a4+a1-6*a8)
bhabha2lp[0,1,0,-1,0,0,0,0,0]*(-a1)
bhabha2lp[-1,0,0,1,0,0,0,0,0]*(3*a3)
bhabha2lp[0,0,0,1,-1,0,0,0,0]*(-3*a3)
bhabha2lp[0,0,0,1,0,0,0,0,0]*(3*a3*eta-5*a3)
bhabha2lp[0,-1,0,1,0,0,0,0,0]*(-5*a3)
bhabha2lp[0,0,0,-1,0,1,0,0,0]*(-a5)
bhabha2lp[-1,0,0,0,0,1,0,0,0]*(2*a5)
bhabha2lp[0,0,0,0,-1,1,0,0,0]*(-a5)
bhabha2lp[0,0,-1,0,0,1,0,0,0]*(-2*a5)
bhabha2lp[0,0,0,0,0,1,0,0,0]*(-2*a5+2*a5*eta)
bhabha2lp[0,0,0,0,0,1,0,0,-1]*(a5)
bhabha2lp[0,0,0,0,0,-1,0,0,1]*(2*a8)
bhabha2lp[0,0,0,0,0,1,-1,0,0]*(-a5)
bhabha2lp[0,0,0,0,0,0,0,0,1]*(2*eta*a8+10*a8)
bhabha2lp[0,0,0,0,0,0,0,-1,1]*(2*a8)
bhabha2lp[0,0,0,0,0,0,-1,0,1]*(-2*a8)
bhabha2lp[-1,0,0,0,0,0,0,0,1]*(2*a8)
bhabha2lp[0,0,0,0,0,1,0,-1,0]*(a5)
bhabha2lp[0,0,-1,0,0,0,0,0,1]*(4*a8)
bhabha2lp[0,0,-1,0,0,0,0,1,0]*(-2*a7)
bhabha2lp[0,0,0,0,0,0,0,1,-1]*(-3*a7)
bhabha2lp[0,0,0,0,0,0,0,1,0]*(5*eta*a7+a7)
bhabha2lp[-1,0,0,0,0,0,0,1,0]*(5*a7)
bhabha2lp[0,-1,0,0,0,0,0,1,0]*(-5*a7)
bhabha2lp[0,0,0,-1,1,0,0,0,0]*(2*a4)
bhabha2lp[0,0,0,0,0,-1,0,1,0]*(5*a7)
bhabha2lp[0,0,0,0,0,0,-1,1,0]*(-5*a7)
bhabha2lp[0,0,0,0,1,0,0,0,0]*(-2*a4+6*eta*a4)
bhabha2lp[0,-1,0,0,1,0,0,0,0]*(-2*a4)
bhabha2lp[-1,0,0,0,1,0,0,0,0]*(6*a4)
bhabha2lp[0,-1,0,0,0,0,0,0,1]*(-2*a8)

