498 3498002001533713040 1 6
4 1 5 6 8 7 

490 3498002001533713040 1 6
3 1 5 6 7 8 

486 2326761913774207903 2 6
1 5 6 2 7 8 
1 5 6 2 8 7 

504 13854408235133541898 2 6
5 6 3 4 8 7 
5 6 4 3 7 8 

483 14264151562585881090 2 6
5 6 0 1 7 8 
5 6 0 1 8 7 

500 5519727335022709917 1 6
4 5 6 2 8 7 

497 16180005482488865512 1 6
4 0 5 6 8 7 

492 5519727335022709917 1 6
3 5 6 2 7 8 

489 16180005482488865512 1 6
3 0 5 6 7 8 

474 7064138778674053709 2 6
6 7 8 4 3 1 
6 8 7 3 4 1 

485 880897576847698837 2 6
0 5 6 2 7 8 
0 5 6 2 8 7 

470 17088399969848492392 1 6
6 4 1 2 8 7 

467 11697227354975087356 2 6
6 8 7 4 0 1 
6 8 7 4 1 0 

462 17088399969848492392 1 6
6 3 1 2 7 8 

476 10142476851179650411 2 6
6 3 4 2 8 7 
6 4 3 2 7 8 

459 11697227354975087356 2 6
6 7 8 3 1 0 
6 7 8 3 0 1 

455 7590868649891116939 2 6
6 0 1 2 7 8 
6 0 1 2 8 7 

473 7064138778674053709 2 6
6 7 8 4 3 0 
6 8 7 3 4 0 

442 13440275682041111255 2 6
5 7 8 4 3 1 
5 8 7 3 4 1 

469 4371227831466499847 1 6
6 4 0 2 8 7 

461 4371227831466499847 1 6
6 3 0 2 7 8 

435 7901353271205530723 1 6
5 8 7 4 0 1 

438 9905766826811406425 1 6
5 4 1 2 8 7 

430 9905766826811406425 1 6
5 3 1 2 7 8 

444 12344830621430600246 2 6
5 3 4 2 8 7 
5 4 3 2 7 8 

427 7901353271205530723 1 6
5 7 8 3 0 1 

441 6996002816734345000 2 6
5 7 8 4 3 0 
5 8 7 3 4 0 

423 4723873456107524884 2 6
5 0 1 2 7 8 
5 0 1 2 8 7 

414 2718422980283842141 4 6
2 7 8 4 3 1 
2 7 8 3 4 1 
2 8 7 4 3 1 
2 8 7 3 4 1 

437 16037820349883012251 1 6
5 4 0 2 8 7 

429 16037820349883012251 1 6
5 3 0 2 7 8 

411 7311500396586544101 8 6
7 8 3 4 0 1 
7 8 3 4 1 0 
7 8 4 3 0 1 
7 8 4 3 1 0 
8 7 3 4 1 0 
8 7 3 4 0 1 
8 7 4 3 1 0 
8 7 4 3 0 1 

413 2718422980283842141 4 6
2 7 8 4 3 0 
2 7 8 3 4 0 
2 8 7 4 3 0 
2 8 7 3 4 0 

407 10573688035083130586 4 6
2 7 8 4 1 0 
2 7 8 4 0 1 
2 8 7 4 0 1 
2 8 7 4 1 0 

399 10573688035083130586 4 6
2 7 8 3 1 0 
2 7 8 3 0 1 
2 8 7 3 0 1 
2 8 7 3 1 0 

374 8314295010570997826 1 6
4 1 2 8 5 6 

378 13539338113806718503 1 6
8 5 6 4 3 1 

371 2032834022306373890 1 6
8 5 6 4 0 1 

366 15522774151790613500 1 6
2 8 3 1 5 6 

359 16137928127667547197 1 6
2 8 5 6 0 1 

363 7996449280727717438 1 6
8 5 6 3 0 1 

380 2818321856873047612 1 6
2 8 5 6 4 3 

373 16474565648896154316 2 6
2 8 4 0 5 6 
4 0 2 8 5 6 

377 18119751569292979805 1 6
8 5 6 4 3 0 

365 6614678207456400965 1 6
2 8 3 0 5 6 

350 17704571688582986264 1 6
6 2 8 4 3 1 

347 12583696202621605659 4 6
6 8 4 3 0 1 
6 8 4 3 1 0 
8 6 4 3 1 0 
8 6 4 3 0 1 

343 2801256009073726963 1 6
6 2 8 4 0 1 

335 8931179669701199846 1 6
6 2 8 3 0 1 

349 4593551510668470330 1 6
6 2 8 4 3 0 

318 6205474421343035644 1 6
5 2 8 4 3 1 

315 7624121840157003436 1 6
5 8 4 3 0 1 

311 17686055446150339608 1 6
5 2 8 4 0 1 

317 15500130569129113703 1 6
5 2 8 4 3 0 

303 16990624687693514587 1 6
5 2 8 3 0 1 

287 17039919870381952179 4 6
2 8 3 4 0 1 
2 8 3 4 1 0 
2 8 4 3 0 1 
2 8 4 3 1 0 

250 13539338113806718503 1 6
7 5 6 3 4 1 

246 15522774151790613500 1 6
2 7 4 1 5 6 

243 7996449280727717438 1 6
7 5 6 4 0 1 

238 8314295010570997826 1 6
3 1 2 7 5 6 

231 16137928127667547197 1 6
2 7 5 6 0 1 

235 2032834022306373890 1 6
7 5 6 3 0 1 

252 2818321856873047612 1 6
2 7 5 6 3 4 

237 16474565648896154316 2 6
2 7 3 0 5 6 
3 0 2 7 5 6 

249 18119751569292979805 1 6
7 5 6 3 4 0 

245 6614678207456400965 1 6
2 7 4 0 5 6 

222 17704571688582986264 1 6
6 2 7 3 4 1 

219 12583696202621605659 4 6
6 7 3 4 0 1 
6 7 3 4 1 0 
7 6 3 4 1 0 
7 6 3 4 0 1 

215 8931179669701199846 1 6
6 2 7 4 0 1 

207 2801256009073726963 1 6
6 2 7 3 0 1 

190 6205474421343035644 1 6
5 2 7 3 4 1 

221 4593551510668470330 1 6
6 2 7 3 4 0 

187 7624121840157003436 1 6
5 7 3 4 0 1 

175 17686055446150339608 1 6
5 2 7 3 0 1 

183 16990624687693514587 1 6
5 2 7 4 0 1 

189 15500130569129113703 1 6
5 2 7 3 4 0 

126 16799019074328755113 2 6
2 5 6 4 3 1 
2 5 6 3 4 1 

159 17039919870381952179 4 6
2 7 3 4 0 1 
2 7 3 4 1 0 
2 7 4 3 0 1 
2 7 4 3 1 0 

123 5912430068037730824 4 6
5 6 3 4 0 1 
5 6 3 4 1 0 
5 6 4 3 0 1 
5 6 4 3 1 0 

119 8728280157300944257 1 6
2 5 6 4 0 1 

63 16906247115315893035 4 6
2 5 3 4 1 0 
2 5 4 3 1 0 
5 2 3 4 1 0 
5 2 4 3 1 0 

125 6385259526083594833 2 6
2 5 6 4 3 0 
2 5 6 3 4 0 

111 8728280157300944257 1 6
2 5 6 3 0 1 

95 17750908094927262078 2 6
2 6 3 4 0 1 
2 6 4 3 0 1 

496 6741467239324405349 1 5
4 5 6 8 7 

482 7605085300132705666 2 5
1 5 6 7 8 
1 5 6 8 7 

488 6741467239324405349 1 5
3 5 6 7 8 

481 13407985405822897104 2 5
0 5 6 7 8 
0 5 6 8 7 

484 92814284032699566 2 5
5 6 2 7 8 
5 6 2 8 7 

466 8981592606043057185 1 5
6 4 1 8 7 

451 10343535586940613518 4 5
6 1 0 7 8 
6 1 0 8 7 
6 0 1 7 8 
6 0 1 8 7 

458 8981592606043057185 1 5
6 3 1 7 8 

472 11943577567058281672 2 5
6 4 3 7 8 
6 3 4 8 7 

454 11856364133124780818 4 5
1 6 2 7 8 
1 6 2 8 7 
6 1 2 7 8 
6 1 2 8 7 

468 4631904248890746148 1 5
4 6 2 8 7 

465 8981592606043057185 1 5
6 4 0 8 7 

460 4631904248890746148 1 5
3 6 2 7 8 

453 6450721405801337554 4 5
0 6 2 7 8 
0 6 2 8 7 
6 0 2 7 8 
6 0 2 8 7 

457 8981592606043057185 1 5
6 3 0 7 8 

426 1366476437427098565 1 5
5 3 1 7 8 

434 1366476437427098565 1 5
5 4 1 8 7 

440 14574766795494761683 2 5
5 4 3 7 8 
5 3 4 8 7 

422 3440356624299248035 2 5
5 1 2 7 8 
5 1 2 8 7 

419 999953844782520312 2 5
5 0 1 7 8 
5 0 1 8 7 

436 2209096102231801039 2 5
4 5 2 8 7 
5 4 2 8 7 

428 2209096102231801039 2 5
3 5 2 7 8 
5 3 2 7 8 

433 2268903439637123360 1 5
5 4 0 8 7 

425 2268903439637123360 1 5
5 3 0 7 8 

421 9966727462761530888 2 5
5 0 2 7 8 
5 0 2 8 7 

410 5967179431941344354 4 5
7 8 4 3 1 
7 8 3 4 1 
8 7 4 3 1 
8 7 3 4 1 

403 13900138646254817226 4 5
7 8 4 0 1 
7 8 4 1 0 
8 7 4 1 0 
8 7 4 0 1 

406 8199278229739520409 2 5
4 1 2 7 8 
4 1 2 8 7 

398 8199278229739520409 2 5
3 1 2 7 8 
3 1 2 8 7 

270 15406660600063173003 2 4
2 8 3 1 
3 1 2 8 

13 11149028268085365730 1 3
2 3 0 

278 15406660600063173003 2 4
2 8 4 1 
4 1 2 8 

21 11149028268085365730 1 3
2 4 0 

263 15030547681265595241 2 4
2 8 0 1 
2 8 1 0 

225 8483622232732914947 2 4
0 7 5 6 
7 0 5 6 

210 11990769028644529110 2 4
6 7 4 1 
7 6 4 1 

202 7280204158998552156 2 4
6 7 3 1 
7 6 3 1 

216 1901980464436632427 2 4
6 7 3 4 
7 6 3 4 

135 15030547681265595241 2 4
2 7 0 1 
2 7 1 0 

392 2849805779172057352 2 3
3 7 8 
3 8 7 

114 5373860658120540068 1 4
5 6 4 1 

106 5373860658120540068 1 4
5 6 3 1 

116 13482312166786051139 2 4
2 4 5 6 
4 2 5 6 

102 1460861365064218190 1 4
2 1 5 6 

108 13482312166786051139 2 4
2 3 5 6 
3 2 5 6 

120 9896287798247146928 2 4
5 6 3 4 
5 6 4 3 

226 4416077531919838335 2 4
1 7 5 6 
7 1 5 6 

99 17753229109672601987 2 4
5 6 0 1 
5 6 1 0 

356 5373860658120540068 1 4
5 6 2 8 

240 8293608281406649797 1 4
4 7 5 6 

113 5373860658120540068 1 4
5 6 4 0 

370 1209380303678623036 1 5
8 4 1 5 6 

228 5373860658120540068 1 4
5 6 2 7 

101 3407052874047130810 1 4
2 0 5 6 

358 13521009107723832627 1 5
1 5 6 2 8 

232 3407052874047130810 1 4
3 7 5 6 

105 5373860658120540068 1 4
5 6 3 0 

362 6530123369034129631 1 5
8 5 6 3 1 

92 3874126117847925266 2 4
2 6 4 3 
2 6 3 4 

78 12152577045520422986 1 4
2 6 3 1 

86 12152577045520422986 1 4
2 6 4 1 

198 311993389089937251 2 4
1 6 2 7 
6 1 2 7 

71 16339812223176129473 1 4
2 6 0 1 

328 18054779487213094827 2 3
3 6 8 
3 8 6 

212 17894880357480254922 1 4
4 6 2 7 

85 5069303078012082896 1 4
2 6 4 0 

342 8202407297492161261 1 5
6 4 1 2 8 

308 10880432878561687756 2 4
4 5 2 8 
5 4 2 8 

51 17465662671288161290 2 4
5 4 1 0 
5 4 0 1 

54 3350840979172127825 2 4
2 5 4 1 
5 2 4 1 

312 15369845972000323493 1 4
5 8 4 3 

55 12514887252950008870 2 5
2 5 4 1 0 
5 2 4 1 0 

58 9829021077594943929 2 4
5 3 4 1 
5 4 3 1 

204 5069303078012082896 1 4
3 6 2 7 

77 5069303078012082896 1 4
2 6 3 0 

334 8495863120914076784 1 5
6 2 8 3 1 

300 31118838446587086 2 4
3 5 2 8 
5 3 2 8 

43 17465662671288161290 2 4
5 3 1 0 
5 3 0 1 

46 3350840979172127825 2 4
2 5 3 1 
5 2 3 1 

305 1988476479463015152 1 4
5 8 4 0 

48 17087753756477223945 2 2
4 5 
5 4 

178 5655568875390600688 1 4
5 7 4 1 

60 17844284739976809631 4 4
2 5 4 3 
2 5 3 4 
5 2 4 3 
5 2 3 4 

293 1988476479463015152 1 4
5 0 2 8 

36 17087753756477223945 2 2
2 5 
5 2 

166 12159194040976764615 1 4
5 1 2 7 

39 13003072639446942615 2 4
2 5 1 0 
5 2 1 0 

296 12533917308045192969 2 3
3 5 8 
5 3 8 

297 11536386154879626174 1 4
5 8 3 0 

40 17087753756477223945 2 2
3 5 
5 3 

170 14505538550821850107 1 4
5 7 3 1 

180 31118838446587086 2 4
4 5 2 7 
5 4 2 7 

53 10880432878561687756 2 4
2 5 4 0 
5 2 4 0 

310 14556229065056051670 1 5
5 2 8 4 1 

112 12858325137428765181 1 3
4 5 6 

369 10586545431142571195 1 5
8 4 0 5 6 

104 12858325137428765181 1 3
3 5 6 

361 13090551354030949950 1 5
8 5 6 3 0 

172 10880432878561687756 2 4
3 5 2 7 
5 3 2 7 

45 10880432878561687756 2 4
2 5 3 0 
5 2 3 0 

302 18087956534886359526 1 5
5 2 8 3 1 

84 17662388742419376403 2 3
2 4 6 
4 2 6 

341 1690509611913852858 2 5
6 2 8 4 0 
6 4 0 2 8 

76 17662388742419376403 2 3
2 3 6 
3 2 6 

333 679386556739401822 1 5
6 2 8 3 0 

52 10464402029777390164 6 3
2 4 5 
2 5 4 
4 2 5 
4 5 2 
5 4 2 
5 2 4 

309 11249550081964164991 2 5
5 2 8 4 0 
5 4 0 2 8 

44 10464402029777390164 6 3
2 3 5 
2 5 3 
3 2 5 
3 5 2 
5 3 2 
5 2 3 

301 16260819127740764570 1 5
5 2 8 3 0 

56 17383987363454026160 2 3
5 4 3 
5 3 4 

313 915414240354639485 1 5
5 8 4 3 0 

165 1988476479463015152 1 4
5 0 2 7 

38 3519693191574693728 2 3
2 5 1 
5 2 1 

295 14427264436126542681 1 5
5 2 8 0 1 

292 11149028268085365730 1 3
5 2 8 

35 9856009855437824259 2 3
5 1 0 
5 0 1 

69 12254329342543767602 2 3
2 0 6 
2 6 0 

326 311993389089937251 2 4
1 6 2 8 
6 1 2 8 

149 15406660600063173003 2 4
2 7 4 0 
4 0 2 7 

22 11149028268085365730 1 3
2 4 1 

279 13257071953971646862 2 5
2 8 4 0 1 
2 8 4 1 0 

276 11149028268085365730 1 3
4 2 8 

7 9856009855437824259 2 3
2 1 0 
2 0 1 

20 17087753756477223945 2 2
2 4 
4 2 

277 15406660600063173003 2 4
2 8 4 0 
4 0 2 8 

100 12858325137428765181 1 3
2 5 6 

357 10586545431142571195 1 5
0 2 8 5 6 

209 11990769028644529110 2 4
6 7 4 0 
7 6 4 0 

336 12254329342543767602 2 3
4 6 8 
4 8 6 

79 11077592059109779213 1 5
2 6 3 0 1 

140 11149028268085365730 1 3
3 2 7 

397 8199278229739520409 2 5
3 0 2 7 8 
3 0 2 8 7 

41 11149028268085365730 1 3
5 3 0 

298 5655568875390600688 1 4
5 8 3 1 

168 9792737628942422839 2 3
3 5 7 
5 3 7 

28 17383987363454026160 2 3
2 3 4 
2 4 3 

285 772038652885336484 2 5
2 8 3 4 0 
2 8 4 3 0 

197 7280204158998552156 2 4
0 6 2 7 
6 0 2 7 

70 16258839135554755291 2 3
2 1 6 
2 6 1 

327 9095683934918099789 1 5
6 2 8 0 1 

12 17087753756477223945 2 2
2 3 
3 2 

269 15406660600063173003 2 4
2 8 3 0 
3 0 2 8 

148 11149028268085365730 1 3
4 2 7 

405 8199278229739520409 2 5
4 0 2 7 8 
4 0 2 8 7 

284 17663828750069960505 2 4
2 8 4 3 
2 8 3 4 

30 9829021077594943929 2 4
2 3 4 1 
2 4 3 1 

291 2969595286833018105 1 4
5 8 0 1 

37 9792737628942422839 2 3
2 5 0 
5 2 0 

294 12159194040976764615 1 4
5 1 2 8 

164 11149028268085365730 1 3
5 2 7 

400 2849805779172057352 2 3
4 7 8 
4 8 7 

143 13257071953971646862 2 5
2 7 3 0 1 
2 7 3 1 0 

161 16258839135554755291 2 3
5 0 7 
5 7 0 

418 12423888041580094999 2 4
5 1 7 8 
5 1 8 7 

49 11149028268085365730 1 3
5 4 0 

306 14505538550821850107 1 4
5 8 4 1 

176 12533917308045192969 2 3
4 5 7 
5 4 7 

193 6906529405458791006 6 3
0 6 7 
0 7 6 
6 0 7 
6 7 0 
7 6 0 
7 0 6 

450 4109833914059158341 4 4
1 6 7 8 
1 6 8 7 
6 1 7 8 
6 1 8 7 

200 12254329342543767602 2 3
3 6 7 
3 7 6 

150 15406660600063173003 2 4
2 7 4 1 
4 1 2 7 

23 17465662671288161290 2 4
2 4 0 1 
2 4 1 0 

208 18054779487213094827 2 3
4 6 7 
4 7 6 

141 15406660600063173003 2 4
2 7 3 0 
3 0 2 7 

14 11149028268085365730 1 3
2 3 1 

271 13257071953971646862 2 5
2 8 3 0 1 
2 8 3 1 0 

268 11149028268085365730 1 3
3 2 8 

169 1988476479463015152 1 4
5 7 3 0 

42 11149028268085365730 1 3
5 3 1 

299 2292814364924628516 1 5
5 8 3 0 1 

177 11536386154879626174 1 4
5 7 4 0 

50 11149028268085365730 1 3
5 4 1 

307 6619736403406056506 1 5
5 8 4 0 1 

304 9792737628942422839 2 3
4 5 8 
5 4 8 

47 12514887252950008870 2 5
2 5 3 1 0 
5 2 3 1 0 

163 2969595286833018105 1 4
5 7 0 1 

420 18446051609787146811 2 4
5 2 7 8 
5 2 8 7 

290 10706753935364593016 2 3
5 1 8 
5 8 1 

194 6906529405458791006 6 3
1 6 7 
1 7 6 
6 1 7 
6 7 1 
7 6 1 
7 1 6 

321 6906529405458791006 6 3
0 6 8 
0 8 6 
6 0 8 
6 8 0 
8 6 0 
8 0 6 

201 7280204158998552156 2 4
6 7 3 0 
7 6 3 0 

195 17727869722022097672 4 4
6 7 0 1 
6 7 1 0 
7 6 1 0 
7 6 0 1 

322 6906529405458791006 6 3
1 6 8 
1 8 6 
6 1 8 
6 8 1 
8 6 1 
8 1 6 

289 16258839135554755291 2 3
5 0 8 
5 8 0 

162 10706753935364593016 2 3
5 1 7 
5 7 1 

416 2849805779172057352 2 3
5 7 8 
5 8 7 

142 15406660600063173003 2 4
2 7 3 1 
3 1 2 7 

15 17465662671288161290 2 4
2 3 0 1 
2 3 1 0 

156 17663828750069960505 2 4
2 7 4 3 
2 7 3 4 

29 9829021077594943929 2 4
2 3 4 0 
2 4 3 0 

286 772038652885336484 2 5
2 8 3 4 1 
2 8 4 3 1 

184 15369845972000323493 1 4
5 7 3 4 

57 9829021077594943929 2 4
5 3 4 0 
5 4 3 0 

314 1202488322516277266 1 5
5 8 4 3 1 

325 7280204158998552156 2 4
0 6 2 8 
6 0 2 8 

332 17894880357480254922 1 4
3 6 2 8 

329 11990769028644529110 2 4
6 8 3 0 
8 6 3 0 

337 7280204158998552156 2 4
6 8 4 0 
8 6 4 0 

340 5069303078012082896 1 4
4 6 2 8 

330 11990769028644529110 2 4
6 8 3 1 
8 6 3 1 

344 1901980464436632427 2 4
6 8 4 3 
8 6 4 3 

87 11077592059109779213 1 5
2 6 4 0 1 

323 17727869722022097672 4 4
6 8 0 1 
6 8 1 0 
8 6 1 0 
8 6 0 1 

338 7280204158998552156 2 4
6 8 4 1 
8 6 4 1 

353 8483622232732914947 2 4
0 8 5 6 
8 0 5 6 

360 8293608281406649797 1 4
3 8 5 6 

103 1095283654243750707 1 5
2 5 6 0 1 

368 3407052874047130810 1 4
4 8 5 6 

393 1226238002688797454 2 4
3 0 7 8 
3 0 8 7 

396 18446051609787146811 2 4
3 2 7 8 
3 2 8 7 

354 4416077531919838335 2 4
1 8 5 6 
8 1 5 6 

404 18446051609787146811 2 4
4 2 7 8 
4 2 8 7 

401 1226238002688797454 2 4
4 0 7 8 
4 0 8 7 

387 9804642407803295598 4 4
0 1 7 8 
0 1 8 7 
1 0 7 8 
1 0 8 7 

394 1226238002688797454 2 4
3 1 7 8 
3 1 8 7 

402 1226238002688797454 2 4
4 1 7 8 
4 1 8 7 

408 7009458825596742945 4 4
3 4 7 8 
3 4 8 7 
4 3 7 8 
4 3 8 7 

151 13257071953971646862 2 5
2 7 4 0 1 
2 7 4 1 0 

417 11616118725593562397 2 4
5 0 7 8 
5 0 8 7 

424 5480290657662309016 2 4
3 5 7 8 
5 3 7 8 

167 14427264436126542681 1 5
5 2 7 0 1 

432 5480290657662309016 2 4
4 5 8 7 
5 4 8 7 

449 4109833914059158341 4 4
0 6 7 8 
0 6 8 7 
6 0 7 8 
6 0 8 7 

456 5735371542436802573 1 4
3 6 7 8 

199 9095683934918099789 1 5
6 2 7 0 1 

464 5735371542436802573 1 4
4 6 8 7 

480 4418891621091123933 2 4
5 6 7 8 
5 6 8 7 

31 6512159356901041018 4 5
2 3 4 1 0 
2 3 4 0 1 
2 4 3 0 1 
2 4 3 1 0 

59 6512159356901041018 4 5
5 3 4 1 0 
5 3 4 0 1 
5 4 3 1 0 
5 4 3 0 1 

316 3629827356409355518 1 5
5 2 8 4 3 

61 18352855609592336447 4 5
2 5 3 4 0 
2 5 4 3 0 
5 2 3 4 0 
5 2 4 3 0 

93 16373794830210312426 2 5
2 6 3 4 0 
2 6 4 3 0 

62 16694245704883279941 4 5
2 5 3 4 1 
2 5 4 3 1 
5 2 3 4 1 
5 2 4 3 1 

94 7359570895737850433 2 5
2 6 3 4 1 
2 6 4 3 1 

109 3664511182769896785 1 5
2 3 0 5 6 

117 3664511182769896785 1 5
2 4 0 5 6 

121 2657185054015010701 2 5
5 6 4 3 0 
5 6 3 4 0 

107 5748969494899744543 2 5
5 6 3 0 1 
5 6 3 1 0 

364 13920352390520694226 1 5
3 2 8 5 6 

124 928230601207374978 2 5
2 5 6 3 4 
2 5 6 4 3 

115 5748969494899744543 2 5
5 6 4 0 1 
5 6 4 1 0 

372 3664511182769896785 1 5
4 2 8 5 6 

110 7707485000959051665 1 5
2 3 1 5 6 

122 2657185054015010701 2 5
5 6 4 3 1 
5 6 3 4 1 

118 7707485000959051665 1 5
2 4 1 5 6 

157 772038652885336484 2 5
2 7 3 4 0 
2 7 4 3 0 

158 772038652885336484 2 5
2 7 3 4 1 
2 7 4 3 1 

181 16260819127740764570 1 5
5 2 7 4 0 

173 11249550081964164991 2 5
5 2 7 3 0 
5 3 0 2 7 

185 915414240354639485 1 5
5 7 3 4 0 

188 3629827356409355518 1 5
5 2 7 3 4 

171 6619736403406056506 1 5
5 7 3 0 1 

174 14556229065056051670 1 5
5 2 7 3 1 

179 2292814364924628516 1 5
5 7 4 0 1 

182 18087956534886359526 1 5
5 2 7 4 1 

186 1202488322516277266 1 5
5 7 3 4 1 

205 1690509611913852858 2 5
6 2 7 3 0 
6 3 0 2 7 

213 679386556739401822 1 5
6 2 7 4 0 

217 12753209399029219157 2 5
6 7 3 4 0 
7 6 3 4 0 

220 5616155869680100405 1 5
6 2 7 3 4 

203 5497854916877587050 4 5
6 7 3 0 1 
6 7 3 1 0 
7 6 3 1 0 
7 6 3 0 1 

206 8202407297492161261 1 5
6 3 1 2 7 

214 8495863120914076784 1 5
6 2 7 4 1 

211 11697711540434440683 4 5
6 7 4 0 1 
6 7 4 1 0 
7 6 4 1 0 
7 6 4 0 1 

229 10586545431142571195 1 5
0 2 7 5 6 

218 12753209399029219157 2 5
6 7 3 4 1 
7 6 3 4 1 

233 10586545431142571195 1 5
7 3 0 5 6 

236 3664511182769896785 1 5
3 2 7 5 6 

241 13090551354030949950 1 5
7 5 6 4 0 

244 13920352390520694226 1 5
4 2 7 5 6 

248 8820866425611611416 1 5
7 5 6 3 4 

227 4652563483651893616 1 5
7 5 6 0 1 

230 13521009107723832627 1 5
1 5 6 2 7 

234 1209380303678623036 1 5
7 3 1 5 6 

242 6530123369034129631 1 5
7 5 6 4 1 

345 12753209399029219157 2 5
6 8 4 3 0 
8 6 4 3 0 

348 5616155869680100405 1 5
6 2 8 4 3 

331 11697711540434440683 4 5
6 8 3 0 1 
6 8 3 1 0 
8 6 3 1 0 
8 6 3 0 1 

339 5497854916877587050 4 5
6 8 4 0 1 
6 8 4 1 0 
8 6 4 1 0 
8 6 4 0 1 

346 12753209399029219157 2 5
6 8 4 3 1 
8 6 4 3 1 

355 4652563483651893616 1 5
8 5 6 0 1 

376 8820866425611611416 1 5
8 5 6 4 3 

409 5967179431941344354 4 5
7 8 4 3 0 
7 8 3 4 0 
8 7 4 3 0 
8 7 3 4 0 

391 11281089336952903302 4 5
0 1 2 7 8 
0 1 2 8 7 
1 0 2 7 8 
1 0 2 8 7 

395 13900138646254817226 4 5
7 8 3 0 1 
7 8 3 1 0 
8 7 3 1 0 
8 7 3 0 1 

412 16621145235865671250 4 5
3 4 2 7 8 
3 4 2 8 7 
4 3 2 7 8 
4 3 2 8 7 

