496 1984773669962382838 1 5
8 5 4 7 6 

488 10193332366245195263 1 5
5 3 8 7 6 

482 6159721595343255565 2 5
5 8 7 1 6 
8 5 7 1 6 

484 9439660851264801632 1 5
5 7 6 8 2 

481 534286976665875579 2 5
5 8 7 0 6 
8 5 7 0 6 

472 3591517754669876069 1 5
4 3 8 6 7 

465 1528777472991877218 2 5
4 8 0 7 6 
8 4 0 7 6 

466 683940156524816545 2 5
4 8 1 6 7 
8 4 1 6 7 

389 2452762783774908058 2 4
2 8 0 7 
8 2 0 7 

353 17311404249689896827 2 4
5 8 0 6 
8 5 0 6 

337 1359601656496707692 2 4
4 8 0 6 
8 4 0 6 

326 1149615649539080731 8 4
1 6 2 8 
1 6 8 2 
2 8 6 1 
2 8 1 6 
6 1 2 8 
6 1 8 2 
8 2 6 1 
8 2 1 6 

330 9995010543248812889 2 4
3 8 6 1 
3 8 1 6 

73 14480636711240576365 1 3
3 0 6 

325 2452762783774908058 2 4
2 8 0 6 
8 2 0 6 

298 8263370218753447942 2 4
1 5 3 8 
5 1 3 8 

41 9933427505793043769 1 3
3 0 5 

294 7978115995136584964 2 4
1 5 8 2 
5 1 8 2 

37 2960999922919671982 2 3
0 2 5 
0 5 2 

282 3654678851064562061 2 4
1 4 3 8 
4 1 3 8 

25 9933427505793043769 1 3
3 0 4 

278 9227379641990250253 2 4
1 4 8 2 
4 1 8 2 

21 2960999922919671982 2 3
0 2 4 
0 4 2 

149 11775900602878708316 2 4
2 4 0 7 
4 2 0 7 

406 7865171807056526061 1 5
4 8 2 1 7 

139 2478656351248067299 2 4
3 0 1 7 
3 0 7 1 

141 8039361703429628773 1 4
3 2 0 7 

398 10654322417539233982 2 5
1 7 3 8 2 
7 1 3 8 2 

120 14723623575890196320 1 4
3 6 4 5 

116 4247939009769351187 2 4
2 6 4 5 
6 2 4 5 

368 15183985570863556182 2 4
6 8 5 4 
8 6 5 4 

114 11197286858225558775 4 4
4 5 1 6 
4 5 6 1 
5 4 1 6 
5 4 6 1 

240 9182445166795294852 4 4
4 5 6 7 
4 5 7 6 
5 4 6 7 
5 4 7 6 

113 9162768334895878497 2 4
4 5 0 6 
5 4 0 6 

370 3220813728252967273 1 5
8 4 5 1 6 

108 3656293589500805796 2 4
5 6 3 2 
6 5 3 2 

360 9915396459164551742 2 4
5 6 3 8 
6 5 3 8 

103 12637316758030528153 2 5
2 5 6 1 0 
5 2 6 1 0 

106 14966590157583354970 1 4
3 5 6 1 

232 18125736765879375276 1 4
3 5 6 7 

105 2564019949852523210 1 4
3 5 0 6 

362 6482587984969130768 1 5
5 3 8 6 1 

356 7978115995136584964 2 4
5 6 2 8 
6 5 2 8 

102 7978115995136584964 2 4
2 5 6 1 
5 2 6 1 

228 17015737541233389546 2 4
2 5 7 6 
5 2 7 6 

101 6588100622220267137 2 4
2 5 0 6 
5 2 0 6 

358 14969561408483289998 4 5
5 2 8 1 6 
5 1 6 2 8 
5 6 1 8 2 
5 8 2 6 1 

216 14219444897841257376 1 4
3 4 6 7 

89 14967859639284897164 1 4
3 4 6 0 

346 1396594946541677127 1 5
4 3 8 6 1 

92 369532976787244944 2 4
4 6 3 2 
6 4 3 2 

344 14498336858762634412 2 4
4 6 3 8 
6 4 3 8 

87 12048256902074485937 2 5
2 4 6 1 0 
4 2 6 1 0 

90 125969937635585562 1 4
3 4 6 1 

312 16543826037171927102 2 4
4 5 3 8 
5 4 3 8 

55 18260387265783332925 1 5
2 5 4 0 1 

58 2974034241685862189 1 4
3 1 5 4 

46 6436561202648490140 2 4
1 5 3 2 
5 1 3 2 

30 6925972535638963533 2 4
1 4 3 2 
4 1 3 2 

104 12769602731266802952 2 3
3 5 6 
3 6 5 

361 11816265972775444760 1 5
5 3 8 0 6 

172 6534630873780932037 2 4
5 7 3 2 
7 5 3 2 

45 9286521018991337012 1 4
0 5 3 2 

302 10492797632581598728 2 5
1 5 3 8 2 
5 1 3 8 2 

88 16258839135554755291 2 3
3 4 6 
3 6 4 

345 5169124994623139128 1 5
4 3 8 6 0 

156 17065607942865884096 2 4
4 7 3 2 
7 4 3 2 

29 9286521018991337012 1 4
0 4 3 2 

286 13711194862312158503 2 5
1 4 3 8 2 
4 1 3 8 2 

201 3015355255510132366 2 4
3 0 6 7 
3 0 7 6 

458 278121509420541698 1 5
3 8 1 6 7 

74 3870621583062396010 2 3
3 1 6 
3 6 1 

331 9009960350211394591 2 5
3 8 6 1 0 
3 8 1 6 0 

269 6165045323065275444 1 4
0 3 8 2 

142 10083773938285380914 2 4
3 2 1 7 
3 2 7 1 

15 8039361703429628773 1 4
3 2 0 1 

56 9473937741700373895 2 3
3 4 5 
3 5 4 

313 2111938506168151930 2 5
0 4 5 3 8 
0 5 4 3 8 

138 17258787824257198352 2 3
3 1 7 
3 7 1 

395 6513220730794254902 2 5
3 8 0 7 1 
3 8 0 1 7 

265 6225960478752216711 1 3
0 3 8 

11 14480636711240576365 1 3
3 0 1 

291 6588100622220267137 2 4
5 8 0 1 
8 5 0 1 

164 13119232308241019096 6 3
2 5 7 
2 7 5 
5 2 7 
5 7 2 
7 5 2 
7 2 5 

421 14406305191513889406 1 5
5 7 0 8 2 

400 12260785478939447192 6 3
4 7 8 
4 8 7 
7 4 8 
7 8 4 
8 7 4 
8 4 7 

143 10670426006277611462 2 5
3 2 0 1 7 
3 2 0 7 1 

273 2960999922919671982 2 3
0 4 8 
0 8 4 

200 12585292063867719537 2 3
3 6 7 
3 7 6 

457 4472410007131704137 2 5
3 8 0 7 6 
3 8 0 6 7 

277 3644851419817780398 2 4
0 4 2 8 
0 4 8 2 

150 4203977922869772278 2 4
2 4 7 1 
4 2 7 1 

23 1359601656496707692 2 4
2 4 0 1 
4 2 0 1 

338 9227379641990250253 2 4
4 8 1 6 
8 4 1 6 

84 14590248500468714027 6 3
2 4 6 
2 6 4 
4 2 6 
4 6 2 
6 4 2 
6 2 4 

341 13012346116198059629 1 5
4 2 8 6 0 

152 8666925077151757690 2 3
3 4 7 
3 7 4 

409 13417561897908114103 1 5
4 3 8 0 7 

261 17433826505429928829 2 3
0 2 8 
0 8 2 

153 15657230156485694101 1 4
3 4 0 7 

410 16174970923371728394 1 5
4 3 8 1 7 

26 10706753935364593016 2 3
3 1 4 
3 4 1 

283 9111369254900679923 1 5
4 3 8 1 0 

212 3570514013793875461 2 4
2 4 6 7 
4 2 6 7 

85 16391257364855098757 2 4
2 4 6 0 
4 2 6 0 

342 9734358704431802836 4 5
4 2 8 1 6 
4 1 6 2 8 
4 6 1 8 2 
4 8 2 6 1 

306 4247939009769351187 2 4
1 8 4 5 
8 1 4 5 

49 17449091222679233093 2 3
0 4 5 
0 5 4 

52 11283220846380389061 2 3
2 4 5 
2 5 4 

309 13454827616274256301 4 5
0 4 5 2 8 
0 4 5 8 2 
0 5 4 2 8 
0 5 4 8 2 

112 11283220846380389061 2 3
6 5 4 
6 4 5 

369 18260387265783332925 1 5
8 5 4 0 6 

180 10247633285845319962 2 4
2 7 5 4 
7 2 5 4 

53 610796871856680708 2 4
0 2 4 5 
0 2 5 4 

310 3220813728252967273 1 5
1 4 5 8 2 

263 2452762783774908058 2 4
2 8 0 1 
8 2 0 1 

9 4236855264783094440 1 2
3 0 

177 9162768334895878497 2 4
4 5 0 7 
5 4 0 7 

434 226933868202995567 1 5
8 5 4 7 1 

50 11283220846380389061 2 3
1 4 5 
1 5 4 

307 16365785327136191887 1 5
8 4 5 1 0 

304 11283220846380389061 2 3
8 5 4 
8 4 5 

47 6824215868415660244 1 5
5 3 2 0 1 

165 9888362969270268049 2 4
2 5 7 0 
5 2 7 0 

422 13047148655785087850 1 5
5 7 1 8 2 

38 754205998099296360 6 3
1 2 5 
1 5 2 
2 1 5 
2 5 1 
5 2 1 
5 1 2 

295 3512608842824809026 1 5
5 8 2 0 1 

274 14590248500468714027 6 3
1 4 8 
1 8 4 
4 1 8 
4 8 1 
8 4 1 
8 1 4 

137 14480636711240576365 1 3
3 0 7 

394 9192055608578120628 2 4
3 8 7 1 
3 8 1 7 

78 5212208834225348329 2 4
3 2 1 6 
3 2 6 1 

275 16391257364855098757 2 4
4 8 1 0 
8 4 1 0 

148 1780203312458342186 6 3
2 4 7 
2 7 4 
4 2 7 
4 7 2 
7 4 2 
7 2 4 

405 16252469738091418095 1 5
4 2 8 0 7 

168 10706753935364593016 2 3
3 5 7 
3 7 5 

425 3627920291532344187 1 5
5 3 8 7 0 

354 7978115995136584964 2 4
5 8 1 6 
8 5 1 6 

100 14860785610888650053 6 3
2 5 6 
2 6 5 
5 2 6 
5 6 2 
6 5 2 
6 2 5 

357 3512608842824809026 1 5
5 2 8 0 6 

267 13900664650087359942 1 4
3 8 0 1 

13 16421244571923190592 1 3
0 3 2 

169 15571392718663817386 1 4
3 5 0 7 

426 13613183913195522611 1 5
5 3 8 7 1 

42 8666925077151757690 2 3
3 1 5 
3 5 1 

299 7129224465491514863 1 5
5 3 8 0 1 

176 11283220846380389061 2 3
7 5 4 
7 4 5 

433 8607911207818876283 1 5
8 5 4 7 0 

290 14860785610888650053 6 3
1 5 8 
1 8 5 
5 1 8 
5 8 1 
8 5 1 
8 1 5 

308 11197286858225558775 4 4
4 5 2 8 
4 5 8 2 
5 4 2 8 
5 4 8 2 

51 9162768334895878497 2 4
4 5 0 1 
5 4 0 1 

54 15183985570863556182 2 4
1 2 5 4 
2 1 5 4 

352 754205998099296360 6 3
5 6 8 
5 8 6 
6 5 8 
6 8 5 
8 6 5 
8 5 6 

184 2974034241685862189 1 4
3 7 4 5 

57 13358801435789870791 2 4
3 0 4 5 
3 0 5 4 

314 18399049045554750256 1 5
1 4 5 3 8 

289 2960999922919671982 2 3
0 5 8 
0 8 5 

416 2728381371886174304 6 3
5 7 8 
5 8 7 
7 5 8 
7 8 5 
8 7 5 
8 5 7 

281 9098263945185374652 1 4
0 4 3 8 

154 6715984003799477414 1 4
3 4 7 1 

27 15571392718663817386 1 4
3 4 0 1 

340 9227379641990250253 2 4
4 6 2 8 
6 4 2 8 

86 9227379641990250253 2 4
2 4 6 1 
4 2 6 1 

297 9098263945185374652 1 4
0 5 3 8 

170 6715984003799477414 1 4
3 5 1 7 

43 15657230156485694101 1 4
3 5 0 1 

293 3644851419817780398 2 4
0 5 2 8 
0 5 8 2 

166 2974813683649203891 2 4
2 5 7 1 
5 2 7 1 

39 17311404249689896827 2 4
2 5 0 1 
5 2 0 1 

305 610796871856680708 2 4
0 8 5 4 
0 8 4 5 

178 808532758221848463 4 4
4 5 1 7 
4 5 7 1 
5 4 1 7 
5 4 7 1 

60 8370605069443973321 2 4
4 5 3 2 
5 4 3 2 

329 13900664650087359942 1 4
3 8 0 6 

202 15236505058129304159 1 4
3 1 6 7 

75 7119325071406311356 2 4
3 1 6 0 
3 6 1 0 

204 7150496180077738619 2 4
3 2 6 7 
3 2 7 6 

77 8039361703429628773 1 4
3 2 0 6 

334 8862520950643795406 2 5
1 6 3 8 2 
6 1 3 8 2 

390 14163061037027593466 4 4
2 8 7 1 
2 8 1 7 
8 2 7 1 
8 2 1 7 

393 13900664650087359942 1 4
3 8 0 7 

401 683956956010709725 2 4
4 8 0 7 
8 4 0 7 

404 4046967272674566029 2 4
4 7 2 8 
7 4 2 8 

402 11104051182257671545 2 4
4 8 1 7 
8 4 1 7 

408 13577514080792470848 2 4
4 7 3 8 
7 4 3 8 

151 3311628027958778448 2 5
2 4 0 7 1 
4 2 0 7 1 

417 6854251484048817638 2 4
5 8 7 0 
8 5 7 0 

418 10220627191361430879 2 4
5 8 7 1 
8 5 7 1 

424 13484597840124523113 2 4
5 7 3 8 
7 5 3 8 

167 7939720567569873688 2 5
2 5 7 0 1 
5 2 7 0 1 

420 78324714845983665 2 4
5 7 8 2 
7 5 8 2 

432 7885408825531391087 2 4
7 8 5 4 
8 7 5 4 

456 4716629999818422609 2 4
3 8 7 6 
3 8 6 7 

452 12792859129086584636 4 4
2 8 7 6 
2 8 6 7 
8 2 7 6 
8 2 6 7 

464 15704017212081516077 2 4
4 8 7 6 
8 4 7 6 

480 1677071180347565230 2 4
5 8 7 6 
8 5 7 6 

31 16456824672883955719 1 5
4 3 2 0 1 

59 8822239977645830512 1 5
3 5 4 0 1 

316 16469355339090461119 2 5
4 5 3 8 2 
5 4 3 8 2 

62 12135173208877064631 1 5
1 5 4 3 2 

79 3689667980903145316 2 5
3 2 1 6 0 
3 2 6 1 0 

61 18401703964670667620 2 5
0 4 5 3 2 
0 5 4 3 2 

91 3463611245389293127 1 5
3 4 6 1 0 

348 9218583933004043911 2 5
4 6 3 8 2 
6 4 3 8 2 

93 3145548051720498385 1 5
4 3 2 6 0 

94 8306237147010589666 1 5
4 3 2 6 1 

107 1550541311274372700 1 5
3 5 6 1 0 

364 4552942259017426045 2 5
5 6 3 8 2 
6 5 3 8 2 

109 16657199832401093374 1 5
5 3 2 0 6 

110 2777425228107064383 1 5
5 3 2 6 1 

118 3220813728252967273 1 5
2 4 5 6 1 

117 16365785327136191887 1 5
2 4 5 6 0 

121 3882840405164458524 1 5
3 4 5 6 0 

115 6079761020996101300 4 5
4 5 1 6 0 
4 5 6 1 0 
5 4 1 6 0 
5 4 6 1 0 

372 3220813728252967273 1 5
6 4 5 2 8 

122 6079734504302127448 1 5
3 4 5 6 1 

124 3569336385613337124 1 5
6 4 5 3 2 

155 15842353214616313914 1 5
3 4 0 7 1 

412 6684654516518421941 2 5
4 7 3 8 2 
7 4 3 8 2 

157 8463071460523970809 1 5
4 3 2 0 7 

158 5794470613774394554 1 5
4 3 2 7 1 

174 11192765136232413617 1 5
5 3 2 7 1 

171 15842353214616313914 1 5
3 5 0 1 7 

428 671962370553941845 2 5
5 7 3 8 2 
7 5 3 8 2 

173 3618331942287248086 1 5
5 3 2 7 0 

182 11420930645251342159 1 5
2 5 4 7 1 

181 16741963615451211964 1 5
2 5 4 7 0 

185 8822239977645830512 1 5
3 4 5 0 7 

179 2494271147558524498 4 5
4 5 0 1 7 
4 5 0 7 1 
5 4 0 1 7 
5 4 0 7 1 

436 17808166361350365388 1 5
7 5 4 8 2 

188 14849027137022793673 1 5
7 5 4 3 2 

203 8753138067871219141 1 5
3 1 6 0 7 

460 12749870280663442533 2 5
6 7 3 8 2 
7 6 3 8 2 

186 13288409680962758449 2 5
3 4 5 1 7 
3 5 4 7 1 

205 8567535172183515767 2 5
3 2 0 6 7 
3 2 0 7 6 

206 6089213516061521075 1 5
3 2 1 6 7 

213 7279449308958270488 2 5
2 4 6 0 7 
4 2 6 0 7 

214 8219797171344022969 2 5
2 4 6 1 7 
4 2 6 1 7 

218 6390567556443487704 1 5
3 4 6 1 7 

217 6196121009497808422 1 5
3 4 6 0 7 

220 13475630103291284317 1 5
4 3 2 6 7 

233 16266054606115049049 1 5
3 5 0 6 7 

230 8568392270807121372 2 5
2 5 7 6 1 
5 2 7 6 1 

229 5732911072733149479 2 5
2 5 7 0 6 
5 2 7 0 6 

234 5865648677003046637 1 5
3 5 6 1 7 

236 2569383802085552287 1 5
5 3 2 7 6 

242 10003363766066939319 2 5
4 5 1 6 7 
5 4 1 6 7 

244 16990069662827405584 1 5
2 5 4 7 6 

241 14729914007519173943 4 5
4 5 0 6 7 
4 5 0 7 6 
5 4 0 6 7 
5 4 0 7 6 

248 3279351965773113846 1 5
3 4 5 6 7 

271 9639560560209566512 1 5
0 1 3 8 2 

279 13012346116198059629 1 5
4 8 2 1 0 

285 16723822907892370272 1 5
0 4 3 8 2 

301 16723822907892370272 1 5
0 5 3 8 2 

333 9639560560209566512 1 5
0 6 3 8 2 

327 2226100687926518242 4 5
2 8 6 1 0 
2 8 1 6 0 
8 2 1 6 0 
8 2 6 1 0 

339 12048256902074485937 2 5
4 8 1 6 0 
8 4 1 6 0 

355 12637316758030528153 2 5
5 8 1 6 0 
8 5 1 6 0 

376 13219942401965839284 1 5
6 4 5 3 8 

397 9639560560209566512 1 5
0 7 3 8 2 

391 10021264953765032481 4 5
2 8 0 7 1 
2 8 0 1 7 
8 2 0 7 1 
8 2 0 1 7 

403 3545839329124481849 2 5
4 8 1 0 7 
8 4 1 0 7 

419 12464799585284159492 2 5
5 8 7 0 1 
8 5 7 0 1 

440 16325091733773607316 1 5
7 5 4 3 8 

454 6503944763070779140 2 5
2 8 1 6 7 
8 2 1 6 7 

453 5948884811671968824 4 5
2 8 0 7 6 
2 8 0 6 7 
8 2 0 7 6 
8 2 0 6 7 

468 7391718885437220859 1 5
4 2 8 6 7 

