505 89085547258866296 1 7
8 3 0 7 5 6 4 

493 12209312137207632537 1 7
8 3 0 2 7 5 6 

491 7612130533879224996 1 7
8 3 1 0 5 7 6 

494 9908790525309775654 4 7
8 3 1 2 5 7 6 
8 5 7 6 3 1 2 
8 7 5 6 1 3 2 
8 1 3 2 7 5 6 

443 3959954661951654331 1 7
8 3 1 0 5 7 4 

445 4574342232200759770 1 7
8 3 0 2 7 5 4 

431 18182650442523649117 1 7
8 7 5 1 3 0 2 

506 11991597659018196057 1 7
8 3 1 5 7 4 6 

508 16515118481816818159 1 7
8 3 2 7 5 4 6 

446 10132410115765420934 1 7
8 7 5 4 1 3 2 

379 7947800838245931973 1 7
8 5 6 4 1 3 0 

381 10466446174253080505 1 7
8 3 0 2 5 6 4 

367 15303474306646850737 1 7
8 5 6 1 3 0 2 

319 9349232361859879677 1 7
8 5 4 1 3 0 2 

382 8328519396705072256 1 7
8 5 4 6 1 3 2 

251 9246904242810100627 1 7
3 1 0 7 5 4 6 

253 15019836612481901209 1 7
3 0 2 7 5 4 6 

239 3025390779747136158 2 7
5 7 6 3 1 0 2 
7 5 6 3 1 0 2 

254 8889487504674123102 2 7
1 3 2 7 5 4 6 
3 1 2 7 5 4 6 

191 7745472247652100948 1 7
7 5 4 3 1 0 2 

127 7574340025700779457 2 7
5 4 6 3 1 0 2 
5 6 4 3 1 0 2 

499 14032865984381259134 1 7
8 1 0 5 7 6 4 

487 12466876843476724568 1 7
8 1 0 2 5 7 6 

501 7347651642188497101 1 7
8 0 2 7 5 6 4 

439 10876312386635877664 1 7
8 1 0 2 5 7 4 

375 7468127180605520489 1 7
8 5 6 4 1 0 2 

502 5378704688344178762 1 7
8 1 2 5 7 4 6 

247 16412376249911916024 1 7
1 0 2 7 5 4 6 

475 9256077889731599938 1 7
8 7 6 4 3 1 0 

477 11626299452203552349 1 7
8 3 0 2 7 6 4 

415 1333727535353604315 1 7
8 7 4 3 1 0 2 

463 16463783383698117232 1 7
8 7 6 3 1 0 2 

471 6348175251159180535 1 7
8 7 6 4 1 0 2 

478 13237773975204428058 1 7
8 7 4 6 3 1 2 

223 9027195364737292998 1 7
7 4 6 3 1 0 2 

351 12730986763673787200 1 7
8 6 4 3 1 0 2 

489 9434568138465419030 1 6
8 3 0 7 5 6 

441 17721570651957264755 1 6
8 3 0 7 5 4 

427 18128757832532547823 1 6
8 7 5 1 3 0 

429 5779308711331861551 1 6
8 7 5 3 0 2 

490 11616370611765744607 2 6
8 3 1 5 7 6 
8 1 3 7 5 6 

504 13750237810689034750 1 6
3 8 7 5 4 6 

492 9412640555912399309 1 6
8 3 2 7 5 6 

442 2142066381406890615 1 6
8 3 1 5 7 4 

430 11616370611765744607 2 6
8 5 7 3 1 2 
8 7 5 1 3 2 

444 3910171481660916484 1 6
8 3 2 7 5 4 

377 17029611089426022684 1 6
8 3 0 5 6 4 

363 17211498809764925704 1 6
8 5 6 1 3 0 

365 13885268645682068187 1 6
8 5 6 3 0 2 

315 5099449011188581868 1 6
8 5 4 1 3 0 

317 15367299250979551952 1 6
8 5 4 3 0 2 

303 15547817940125191517 1 6
5 8 1 3 0 2 

378 6513605135832538275 1 6
8 1 3 5 4 6 

380 6731557536752627248 1 6
8 3 2 5 4 6 

366 9412640555912399309 1 6
8 5 6 1 3 2 

318 8796745320480723038 1 6
8 5 4 1 3 2 

249 4245484972654997346 1 6
3 0 7 5 4 6 

235 1186328160421320895 2 6
3 1 0 5 7 6 
3 1 0 7 5 6 

237 11215213077277687541 2 6
3 0 2 5 7 6 
3 0 2 7 5 6 

238 17756126741628700531 8 6
1 3 2 5 7 6 
1 3 2 7 5 6 
3 1 2 5 7 6 
3 1 2 7 5 6 
5 7 6 1 3 2 
5 7 6 3 1 2 
7 5 6 3 1 2 
7 5 6 1 3 2 

189 8984283522063483791 1 6
3 0 2 7 5 4 

187 8082478643417613450 1 6
3 1 0 7 5 4 

175 11471719813691993732 2 6
5 7 3 1 0 2 
7 5 3 1 0 2 

250 14726895441069304156 2 6
1 3 7 5 4 6 
3 1 7 5 4 6 

252 4908006549449729470 1 6
3 2 7 5 4 6 

190 10468682947663614303 2 6
7 5 4 3 1 2 
7 5 4 1 3 2 

123 14622023559781605439 2 6
5 4 6 3 1 0 
5 6 4 3 1 0 

125 10020741063527197106 2 6
3 0 2 5 4 6 
3 0 2 5 6 4 

111 14714164550730510038 1 6
5 6 3 1 0 2 

126 5178468886762323107 4 6
5 4 6 1 3 2 
5 4 6 3 1 2 
5 6 4 3 1 2 
5 6 4 1 3 2 

63 14714164550730510038 1 6
5 4 3 1 0 2 

485 1893796280140187464 1 6
8 0 2 7 5 6 

497 13363496474745160399 1 6
0 8 7 5 6 4 

483 14937546392265903238 1 6
8 1 0 5 7 6 

423 11933887271113789450 1 6
8 5 7 1 0 2 

435 10483757152880932923 1 6
8 1 0 5 7 4 

437 4811723886530421281 1 6
8 0 2 7 5 4 

500 116941039498839199 2 6
2 8 7 5 4 6 
8 2 7 5 4 6 

498 15453768596313291023 1 6
1 8 5 7 4 6 

438 5945028823173629269 1 6
8 1 2 5 7 4 

486 9412640555912399309 1 6
8 1 2 5 7 6 

373 4755538616549368026 1 6
8 0 2 5 6 4 

371 8647998208568390696 1 6
8 1 0 5 6 4 

359 3508989726192637554 1 6
8 5 6 1 0 2 

311 16944809737276120649 1 6
8 5 4 1 0 2 

245 2302705370250391977 1 6
0 2 7 5 4 6 

374 11953788340704548208 1 6
8 1 2 5 4 6 

231 16580845458096863520 2 6
1 0 2 5 7 6 
1 0 2 7 5 6 

243 2786240294399717619 1 6
1 0 7 5 4 6 

183 4017724283387683431 1 6
1 0 2 7 5 4 

119 7650241692270825789 2 6
5 4 6 1 0 2 
5 6 4 1 0 2 

473 5890520848075908945 1 6
8 3 0 7 6 4 

246 4908006549449729470 1 6
1 2 7 5 4 6 

459 2146162281508546527 1 6
8 7 6 3 1 0 

461 7821929533309872486 1 6
8 7 6 3 0 2 

413 1236689202699447413 1 6
8 7 4 3 0 2 

411 13661313407320127698 1 6
8 7 4 3 1 0 

399 2071601511319537022 1 6
7 8 3 1 0 2 

474 1218026710231949217 1 6
8 3 1 7 4 6 

476 14309932175083082534 1 6
8 3 2 7 4 6 

462 9412640555912399309 1 6
8 7 6 3 1 2 

414 7556315532869520071 1 6
8 7 4 3 1 2 

347 18168533876023619756 1 6
8 6 4 3 1 0 

335 2844576400380246115 2 6
6 8 3 1 0 2 
8 6 3 1 0 2 

349 17835481465215078309 1 6
8 6 4 3 0 2 

287 1037692273451983863 2 6
4 8 3 1 0 2 
8 4 3 1 0 2 

350 18006789574656882005 1 6
8 4 6 3 1 2 

221 7605673215136205840 1 6
3 0 2 7 4 6 

219 17125237250573928260 1 6
7 4 6 3 1 0 

159 2968264540385700714 1 6
7 4 3 1 0 2 

207 14714164550730510038 1 6
7 6 3 1 0 2 

222 16725848883273342070 2 6
7 4 6 3 1 2 
7 4 6 1 3 2 

95 4163832694409534493 2 6
4 6 3 1 0 2 
6 4 3 1 0 2 

467 15339216400359182201 1 6
8 1 0 7 6 4 

469 596815999609091437 1 6
8 0 2 7 6 4 

455 14428182261610175979 1 6
8 7 6 1 0 2 

407 17537196874629041451 1 6
8 7 4 1 0 2 

343 152593016475886196 1 6
8 6 4 1 0 2 

215 2296987061414811319 1 6
7 4 6 1 0 2 

470 3531651497620718212 1 6
8 1 2 7 4 6 

426 7020025475163217522 4 5
8 3 1 5 7 
8 5 7 3 1 
8 7 5 1 3 
8 1 3 7 5 

425 11692626279429550832 1 5
8 3 0 7 5 

488 11754538530388310811 1 5
3 8 7 5 6 

440 9743576186089899044 1 5
3 8 7 5 4 

428 2903975499774314472 1 5
8 3 2 7 5 

313 7577404622768110960 1 5
8 3 0 5 4 

361 7221652579384438744 1 5
8 3 0 5 6 

301 10258050623825678620 1 5
5 8 3 0 2 

299 1234217058831238748 1 5
5 8 1 3 0 

376 15399886513521741890 1 5
3 8 5 4 6 

364 14101386073281614423 2 5
8 3 2 5 6 
8 5 6 3 2 

362 2903975499774314472 1 5
8 5 6 1 3 

316 10118561873234284183 1 5
8 3 2 5 4 

314 8759198559815617700 1 5
8 5 4 1 3 

302 11754538530388310811 1 5
5 8 1 3 2 

171 7586017086617388375 2 5
5 7 3 1 0 
7 5 3 1 0 

173 10876996492413511755 2 5
5 7 3 0 2 
7 5 3 0 2 

233 16839752733357365502 2 5
3 0 5 7 6 
3 0 7 5 6 

185 12893906743676464482 1 5
3 0 7 5 4 

354 12159194040976764615 1 4
1 8 5 6 

97 4749399184548986812 1 3
0 5 6 

306 12159194040976764615 1 4
1 8 5 4 

49 4749399184548986812 1 3
0 5 4 

113 4030207857968183973 2 4
0 5 4 6 
0 5 6 4 

370 8259646680289760488 2 5
1 8 5 6 4 
1 8 5 4 6 

101 8083751951567313759 1 4
5 6 0 2 

358 4729197768228215044 2 5
8 5 6 1 2 
8 1 2 5 6 

226 1325189704832684400 2 4
1 5 7 6 
1 7 5 6 

99 17168862537966865305 1 4
1 0 5 6 

356 6925972535638963533 2 4
2 8 5 6 
8 2 5 6 

53 8083751951567313759 1 4
5 4 0 2 

310 8249700287224329935 2 5
8 5 4 1 2 
8 1 2 5 4 

178 710983609461443341 1 4
1 7 5 4 

51 17168862537966865305 1 4
1 0 5 4 

308 4415345656511538872 2 4
2 8 5 4 
8 2 5 4 

166 3672422587768820861 2 4
1 2 5 7 
1 2 7 5 

39 11695702469716140254 1 4
5 1 0 2 

296 17034127061060784930 2 3
3 5 8 
5 3 8 

114 9890512650732357778 2 4
1 5 4 6 
1 5 6 4 

102 15406660600063173003 2 4
1 2 5 6 
5 6 1 2 

54 15406660600063173003 2 4
1 2 5 4 
5 4 1 2 

330 9113855309555439349 4 4
6 8 1 3 
6 8 3 1 
8 6 3 1 
8 6 1 3 

332 6925972535638963533 2 4
6 8 3 2 
8 6 3 2 

284 3656293589500805796 2 4
4 8 3 2 
8 4 3 2 

282 14835034075364811306 2 4
4 8 3 1 
8 4 3 1 

141 12431509778773554062 1 4
7 3 0 2 

398 11754538530388310811 1 5
7 8 3 1 2 

393 5319656546872523006 1 4
7 8 3 0 

136 17087753756477223945 2 2
3 7 
7 3 

139 14958073434774880151 1 4
7 3 1 0 

396 12159194040976764615 1 4
7 8 3 2 

204 15406660600063173003 2 4
3 2 7 6 
7 6 3 2 

456 12159194040976764615 1 4
3 8 7 6 

199 6940749273314999833 1 5
7 6 1 0 2 

329 12376072689446521806 2 4
6 8 3 0 
8 6 3 0 

202 3672422587768820861 2 4
7 6 3 1 
7 6 1 3 

156 1361567497545663179 1 4
7 4 3 2 

408 11042797408386191705 1 4
3 8 7 4 

151 11513891489305165863 1 5
7 4 1 0 2 

281 13746685172166953979 2 4
4 8 3 0 
8 4 3 0 

154 16318042805113000014 2 4
7 4 3 1 
7 4 1 3 

142 1325189704832684400 2 4
7 3 1 2 
7 1 3 2 

216 11505578824550306296 1 4
3 7 4 6 

89 212789056117192059 2 4
3 0 4 6 
3 0 6 4 

346 14289335156903113249 1 5
8 3 1 4 6 

344 17483863956178973856 1 4
3 8 4 6 

87 5253419290970812081 2 5
4 6 1 0 2 
6 4 1 0 2 

90 226500268584210914 4 4
1 3 4 6 
1 3 6 4 
3 1 4 6 
3 1 6 4 

92 17273543508590570368 2 4
3 2 4 6 
3 2 6 4 

450 10678243750605623333 1 4
1 8 7 6 

193 4749399184548986812 1 3
0 7 6 

323 5992077418384432655 2 4
6 8 1 0 
8 6 1 0 

402 1109700626124330340 1 4
1 8 7 4 

145 7950430979027082202 1 3
0 7 4 

275 14206562929951129842 2 4
4 8 1 0 
8 4 1 0 

338 352515996741112502 2 4
1 8 6 4 
1 8 4 6 

81 10196430034404980860 2 3
0 4 6 
0 6 4 

326 6925972535638963533 2 4
6 8 1 2 
8 6 1 2 

278 4415345656511538872 2 4
4 8 1 2 
8 4 1 2 

197 8083751951567313759 1 4
7 6 0 2 

454 14101386073281614423 2 5
8 7 6 1 2 
8 1 2 7 6 

152 1100806113672523033 1 3
3 7 4 

409 15601354651029414262 1 5
8 3 0 7 4 

200 11149028268085365730 1 3
3 7 6 

457 7593667253657191174 1 5
8 3 0 7 6 

209 5291639247944888484 1 4
0 7 4 6 

466 14625197825051044866 1 5
1 8 7 4 6 

82 13366814545066617902 2 3
1 4 6 
1 6 4 

339 5738249116714917054 1 5
8 1 0 6 4 

201 12779732573967479532 1 4
3 0 7 6 

458 2903975499774314472 1 5
8 7 6 3 1 

328 10706753935364593016 2 3
3 6 8 
3 8 6 

33 8480609940174239434 1 2
5 0 

290 3519693191574693728 2 3
1 5 8 
5 1 8 

386 17034127061060784930 2 3
1 7 8 
7 1 8 

129 8480609940174239434 1 2
7 0 

404 1981236148779951358 2 4
2 8 7 4 
8 2 7 4 

147 6379452939151201036 1 4
7 4 1 0 

277 2214926907677740476 2 4
4 8 0 2 
8 4 0 2 

150 1361567497545663179 1 4
7 4 1 2 

85 13694807647421095297 2 4
0 2 4 6 
0 2 6 4 

342 7634981992338201154 1 5
8 1 2 4 6 

37 7612506497513544562 1 3
5 0 2 

294 12159194040976764615 1 4
5 8 1 2 

449 12327410445329703125 1 4
0 8 7 6 

195 17168862537966865305 1 4
1 0 7 6 

452 6925972535638963533 2 4
2 8 7 6 
8 2 7 6 

322 10706753935364593016 2 3
1 6 8 
1 8 6 

340 16597801642729134302 2 4
2 8 4 6 
8 2 4 6 

83 17718726440951722706 2 4
1 0 4 6 
1 0 6 4 

86 17273543508590570368 2 4
1 2 4 6 
1 2 6 4 

388 10706753935364593016 2 3
7 2 8 
7 8 2 

131 11443029074512963503 1 3
7 1 0 

134 11149028268085365730 1 3
7 1 2 

391 3242830488541950585 1 5
7 8 1 0 2 

387 7813442244623010389 1 4
7 8 1 0 

130 17087753756477223945 2 2
1 7 
7 1 

133 7612506497513544562 1 3
7 0 2 

390 10678243750605623333 1 4
7 8 1 2 

138 13656853919990625924 2 3
7 3 1 
7 1 3 

395 13997480969839169316 1 5
7 8 3 1 0 

392 3519693191574693728 2 3
3 7 8 
7 3 8 

135 11695702469716140254 1 4
7 1 0 2 

321 5498241270308530610 2 3
0 6 8 
0 8 6 

194 11149028268085365730 1 3
1 7 6 

451 13907945324029639163 1 5
8 7 6 1 0 

389 5110730993198874388 1 4
7 8 0 2 

40 17087753756477223945 2 2
3 5 
5 3 

297 2192777437694031652 1 4
5 8 3 0 

149 13249180215728860869 1 4
7 4 0 2 

406 10237530559430110297 1 5
8 7 4 1 2 

276 14860785610888650053 6 3
2 4 8 
2 8 4 
4 2 8 
4 8 2 
8 4 2 
8 2 4 

385 11324596065549486751 1 3
7 0 8 

394 16263707073762088265 1 4
7 8 3 1 

137 1123132784104192351 1 3
7 3 0 

140 11149028268085365730 1 3
7 3 2 

397 3740396466705226071 1 5
7 8 3 0 2 

88 13366814545066617902 2 3
3 4 6 
3 6 4 

345 6256033803342506911 1 5
8 3 0 6 4 

401 10328868734133125562 1 4
0 8 7 4 

274 10706753935364593016 2 3
1 4 8 
1 8 4 

273 12015026199554904927 2 3
0 4 8 
0 8 4 

146 1100806113672523033 1 3
1 7 4 

403 13988017697893785408 1 5
8 7 4 1 0 

153 13703241774132192299 1 4
3 0 7 4 

410 11102861165387287137 1 5
8 7 4 3 1 

280 12769602731266802952 2 3
3 4 8 
3 8 4 

44 11149028268085365730 1 3
5 3 2 

177 14233250066034904882 1 4
0 7 5 4 

434 11084380748140727415 1 5
1 8 5 7 4 

50 11149028268085365730 1 3
1 5 4 

307 8000055480119979621 1 5
8 1 0 5 4 

225 7736872856303459013 2 4
0 5 7 6 
0 7 5 6 

482 11754538530388310811 1 5
1 8 5 7 6 

98 11149028268085365730 1 3
1 5 6 

355 6855873637459381433 1 5
8 1 0 5 6 

34 17087753756477223945 2 2
1 5 
5 1 

291 10705677334272101530 1 4
5 8 1 0 

161 18151995186477333234 2 3
0 5 7 
0 7 5 

418 16263707073762088265 1 4
1 8 5 7 

165 5007932333743101511 2 4
5 7 0 2 
7 5 0 2 

422 2903975499774314472 1 5
8 1 2 5 7 

38 11149028268085365730 1 3
5 1 2 

295 18420107904373882576 1 5
5 8 1 0 2 

292 10706753935364593016 2 3
5 2 8 
5 8 2 

35 11443029074512963503 1 3
5 1 0 

56 11149028268085365730 1 3
3 5 4 

163 5952998294085055213 2 4
1 0 5 7 
1 0 7 5 

420 9113855309555439349 4 4
2 8 7 5 
2 8 5 7 
8 2 7 5 
8 2 5 7 

162 13656853919990625924 2 3
1 5 7 
1 7 5 

419 12529252287204645525 1 5
8 1 0 5 7 

289 8362370557999984027 1 3
5 0 8 

104 11149028268085365730 1 3
3 5 6 

168 13656853919990625924 2 3
3 5 7 
3 7 5 

41 1123132784104192351 1 3
5 3 0 

298 16263707073762088265 1 4
5 8 1 3 

42 13656853919990625924 2 3
5 3 1 
5 1 3 

337 17035945239036391073 1 4
0 8 6 4 

210 11505578824550306296 1 4
1 7 4 6 

325 4345346724088686834 2 4
6 8 0 2 
8 6 0 2 

198 15406660600063173003 2 4
1 2 7 6 
7 6 1 2 

353 10960900495387557020 1 4
0 8 5 6 

293 6325290811711604609 1 4
5 8 0 2 

305 9298548271391790662 1 4
0 8 5 4 

417 9967694789607331105 1 4
0 8 7 5 

46 1325189704832684400 2 4
5 3 1 2 
5 1 3 2 

58 3672422587768820861 2 4
5 4 3 1 
5 4 1 3 

60 15406660600063173003 2 4
3 2 5 4 
5 4 3 2 

106 3672422587768820861 2 4
5 6 1 3 
5 6 3 1 

108 15406660600063173003 2 4
3 2 5 6 
5 6 3 2 

120 9890512650732357778 2 4
3 5 4 6 
3 5 6 4 

45 12431509778773554062 1 4
5 3 0 2 

43 14958073434774880151 1 4
5 3 1 0 

300 10678243750605623333 1 4
5 8 3 2 

57 12779732573967479532 1 4
3 0 5 4 

105 12779732573967479532 1 4
3 0 5 6 

172 3672422587768820861 2 4
3 2 5 7 
3 2 7 5 

184 710983609461443341 1 4
3 7 5 4 

232 1325189704832684400 2 4
3 5 7 6 
3 7 5 6 

169 16087091012341388452 2 4
3 0 5 7 
3 0 7 5 

312 5790440775842555603 1 4
3 8 5 4 

55 6940749273314999833 1 5
5 4 1 0 2 

360 10678243750605623333 1 4
3 8 5 6 

103 6940749273314999833 1 5
5 6 1 0 2 

170 1788481816032616716 8 4
1 3 5 7 
1 3 7 5 
3 1 5 7 
3 1 7 5 
5 7 1 3 
5 7 3 1 
7 5 3 1 
7 5 1 3 

424 16263707073762088265 1 4
3 8 7 5 

167 653445693707346923 2 5
5 7 1 0 2 
7 5 1 0 2 

214 122739892342492504 1 5
1 2 7 4 6 

211 5787199569031744918 1 5
1 0 7 4 6 

468 3932912945620292719 2 5
2 8 7 4 6 
8 2 7 4 6 

213 16632109482176462854 1 5
0 2 7 4 6 

279 1140085770088875646 2 5
4 8 1 0 2 
8 4 1 0 2 

327 9996007251779410186 2 5
6 8 1 0 2 
8 6 1 0 2 

341 11932494208606363040 1 5
8 0 2 6 4 

405 8261892206498686919 1 5
8 7 4 0 2 

453 499522120654694154 1 5
8 7 6 0 2 

465 3890411658631325394 1 5
0 8 7 6 4 

94 15609286567341687251 4 5
4 6 3 1 2 
4 6 1 3 2 
6 4 3 1 2 
6 4 1 3 2 

93 6233930698209036326 2 5
4 6 3 0 2 
6 4 3 0 2 

91 9171831263623127136 2 5
4 6 3 1 0 
6 4 3 1 0 

348 9610149598900032254 1 5
8 3 2 4 6 

158 18207528371512140480 2 5
7 4 3 1 2 
7 4 1 3 2 

206 12922176633001158555 2 5
7 6 3 1 2 
7 6 1 3 2 

220 122739892342492504 1 5
3 2 7 4 6 

143 560372283199517838 1 5
7 3 1 0 2 

218 2576903528297243763 2 5
1 3 7 4 6 
3 1 7 4 6 

155 13902389489554739198 1 5
7 4 3 1 0 

412 4005307340539020879 1 5
8 7 4 3 2 

157 13196791324450359649 1 5
7 4 3 0 2 

203 5958431576838388088 1 5
7 6 3 1 0 

460 4729197768228215044 2 5
8 3 2 7 6 
8 7 6 3 2 

205 1035202990458032337 1 5
7 6 3 0 2 

217 8458185058913050421 1 5
3 0 7 4 6 

286 2289104376326690067 2 5
4 8 3 1 2 
8 4 3 1 2 

334 12717222853809311445 4 5
6 8 3 1 2 
6 8 1 3 2 
8 6 3 1 2 
8 6 1 3 2 

283 4773233968566736153 2 5
4 8 3 1 0 
8 4 3 1 0 

285 3409231139403878577 2 5
4 8 3 0 2 
8 4 3 0 2 

333 8037174151923634240 2 5
6 8 3 0 2 
8 6 3 0 2 

331 13519289643466465109 2 5
6 8 3 1 0 
8 6 3 1 0 

472 4949083511651283518 1 5
3 8 7 4 6 

118 6275489921679089238 2 5
1 2 5 4 6 
1 2 5 6 4 

117 13004926901973014731 2 5
0 2 5 4 6 
0 2 5 6 4 

115 9377190602506502064 2 5
1 0 5 4 6 
1 0 5 6 4 

372 10034266139738798973 2 5
2 8 5 4 6 
8 2 5 4 6 

182 15552171818323427777 1 5
1 2 7 5 4 

242 11699716099694416210 1 5
1 7 5 4 6 

230 12922176633001158555 2 5
1 2 5 7 6 
1 2 7 5 6 

179 11587127407647140248 1 5
1 0 7 5 4 

436 13451169295447157555 2 5
2 8 7 5 4 
8 2 7 5 4 

181 17725045637140432833 1 5
0 2 7 5 4 

227 4083160010555682594 2 5
1 0 5 7 6 
1 0 7 5 6 

484 12717222853809311445 4 5
2 8 7 5 6 
2 8 5 7 6 
8 2 7 5 6 
8 2 5 7 6 

241 3181382222487534780 1 5
0 7 5 4 6 

229 1030367696703487371 2 5
0 2 5 7 6 
0 2 7 5 6 

309 6044749472365920255 1 5
8 5 4 0 2 

357 6166090868335385054 1 5
8 5 6 0 2 

369 14909722911203049963 1 5
0 8 5 6 4 

433 2497148699151011266 1 5
0 8 7 5 4 

421 13737507052969268075 1 5
8 7 5 0 2 

481 8891283533269960684 1 5
0 8 7 5 6 

62 12922176633001158555 2 5
5 4 3 1 2 
5 4 1 3 2 

110 12922176633001158555 2 5
5 6 3 1 2 
5 6 1 3 2 

124 6275489921679089238 2 5
3 2 5 4 6 
3 2 5 6 4 

47 560372283199517838 1 5
5 3 1 0 2 

122 17210670490316903930 4 5
1 3 5 4 6 
1 3 5 6 4 
3 1 5 4 6 
3 1 5 6 4 

59 5958431576838388088 1 5
5 4 3 1 0 

61 1035202990458032337 1 5
5 4 3 0 2 

107 5958431576838388088 1 5
5 6 3 1 0 

109 1035202990458032337 1 5
5 6 3 0 2 

121 5437796018219881992 2 5
3 0 5 4 6 
3 0 5 6 4 

188 15552171818323427777 1 5
3 2 7 5 4 

186 16234861693636487131 2 5
1 3 7 5 4 
3 1 7 5 4 

174 9240981769496231536 4 5
5 7 3 1 2 
5 7 1 3 2 
7 5 3 1 2 
7 5 1 3 2 

236 12922176633001158555 2 5
3 2 5 7 6 
3 2 7 5 6 

248 11699716099694416210 1 5
3 7 5 4 6 

234 9240981769496231536 4 5
1 3 5 7 6 
1 3 7 5 6 
3 1 5 7 6 
3 1 7 5 6 

