508 11568300809181820834 1 7
6 2 7 8 4 3 5 

501 15248766032377825255 1 7
6 2 8 7 4 5 0 

502 2242639163159199851 1 7
6 2 4 5 1 8 7 

477 15335172099223804537 1 7
6 2 7 8 4 3 0 

478 10921355829064279116 1 7
6 2 4 3 1 7 8 

471 13266800913280624035 1 7
4 0 6 2 1 7 8 

493 14319698128086056066 1 7
6 2 7 8 3 5 0 

463 12759190004329133506 1 7
6 2 3 0 1 7 8 

494 2365190374373006701 1 7
6 2 3 5 1 7 8 

487 12576685061673732890 1 7
6 2 5 0 1 8 7 

505 17905917024432216071 1 7
6 7 8 4 5 0 3 

506 1824990950170381589 1 7
6 1 7 8 4 3 5 

499 9209961032216319780 1 7
6 4 5 0 1 7 8 

491 5174632669517685557 1 7
6 1 8 7 3 5 0 

475 8945610531538217603 1 7
6 1 7 8 4 3 0 

439 12758413583970018357 1 7
2 4 5 0 1 8 7 

445 11522666957742682879 1 7
2 7 8 4 3 5 0 

446 18218612591300226226 1 7
2 4 3 5 1 7 8 

415 14767518189981668842 1 7
2 4 3 0 1 7 8 

443 1738043304512412162 2 7
1 7 8 4 0 5 3 
1 8 7 4 0 5 3 

431 12690129646653848812 1 7
2 1 7 8 3 5 0 

381 9501396826000197178 1 7
8 6 2 4 5 0 3 

351 9116578561613774913 1 7
1 8 6 2 4 3 0 

375 7330080253730329146 1 7
6 2 1 8 4 5 0 

382 7783042572803678712 1 7
6 2 1 8 4 3 5 

367 2708780681630690325 1 7
6 2 1 8 3 5 0 

379 7584002190745878214 1 7
6 1 8 4 3 5 0 

319 12816920018443610838 1 7
2 1 8 4 5 0 3 

254 9495934064119440248 1 7
6 2 1 7 4 3 5 

253 12273760035660610104 1 7
7 6 2 4 3 0 5 

247 3719276479945820331 1 7
6 2 1 7 4 0 5 

223 3664315867203912584 1 7
6 2 1 7 4 3 0 

251 18112008967155183098 1 7
6 1 7 4 3 0 5 

191 3301095054178011793 1 7
2 1 7 4 3 0 5 

239 7180307551774494962 1 7
6 2 1 7 3 0 5 

127 8739759146506123108 1 7
1 6 2 4 3 0 5 

500 7204244420567824876 1 6
6 2 4 5 8 7 

469 192106448794559716 1 6
4 0 6 2 7 8 

476 16889758267298843415 1 6
4 3 6 2 7 8 

485 3653043919354847640 1 6
6 2 5 0 8 7 

470 11326802037168385318 1 6
4 6 2 1 7 8 

492 9422474369841902985 1 6
6 2 7 8 3 5 

461 4115063658890341797 1 6
6 2 7 8 3 0 

486 13038076086771827985 1 6
5 6 2 1 8 7 

462 9339015363260666123 1 6
3 6 2 1 7 8 

455 7680981658672245109 1 6
0 6 2 1 7 8 

504 2142846342027909862 1 6
6 7 8 4 5 3 

498 1896600727043237661 1 6
6 4 5 1 7 8 

497 8286726541455391697 1 6
6 7 8 4 5 0 

467 14810620076822235117 1 6
6 4 0 1 7 8 

473 16983330136796638078 1 6
6 7 8 4 0 3 

474 8108987607851121357 1 6
6 4 3 1 7 8 

489 14905502344686299468 1 6
6 8 7 5 0 3 

490 15744897981010048400 1 6
6 3 5 1 8 7 

483 16040810521692136053 1 6
6 5 0 1 8 7 

459 13156155988502503543 1 6
6 3 0 1 7 8 

444 11144317505562206540 1 6
2 7 8 4 3 5 

437 16880227694879748057 1 6
2 8 7 4 5 0 

438 1847967074542465942 1 6
2 4 5 1 8 7 

413 3790220258277711309 1 6
2 7 8 4 3 0 

414 17289936650684479277 1 6
2 4 3 1 7 8 

407 11612050308332256163 1 6
2 4 0 1 8 7 

429 1810419611307573290 1 6
2 7 8 3 5 0 

430 14519894951318660865 1 6
2 3 5 1 7 8 

423 5398189924623172127 1 6
2 5 0 1 8 7 

441 1633217246857184455 2 6
7 8 4 0 5 3 
8 7 4 0 5 3 

399 5348030408430305063 1 6
2 3 0 1 7 8 

427 9106268647485401393 4 6
1 7 8 0 5 3 
1 7 8 0 3 5 
1 8 7 0 3 5 
1 8 7 0 5 3 

442 12756712606776557274 2 6
4 5 3 1 7 8 
4 5 3 1 8 7 

435 8697380830682313335 2 6
4 0 5 1 7 8 
4 0 5 1 8 7 

411 4339016554867735114 2 6
4 0 3 1 7 8 
4 0 3 1 8 7 

374 7521726275308472480 1 6
6 2 4 5 1 8 

373 1177314904848312683 1 6
8 6 2 4 5 0 

380 12787612110124263975 1 6
8 6 2 4 5 3 

349 4950726073539595215 1 6
8 6 2 4 0 3 

343 16077811998820141025 1 6
4 0 1 8 6 2 

350 15245497064398939377 1 6
1 8 6 2 4 3 

365 5555816204568943850 1 6
8 6 2 5 0 3 

359 2234776119695055955 1 6
6 2 1 8 5 0 

366 14893988872619036472 1 6
6 2 1 8 3 5 

335 2796066209321241193 1 6
1 8 6 2 3 0 

378 7453187076321706710 1 6
6 1 8 4 3 5 

377 11708507913010666920 1 6
6 8 4 5 0 3 

371 6564904936667928022 1 6
6 1 8 4 5 0 

347 16162050348002385411 1 6
6 1 8 4 3 0 

363 14907577329369729536 1 6
6 1 8 3 5 0 

317 8980399385001425409 2 6
2 8 4 5 0 3 
8 2 4 5 0 3 

318 1958242169090787049 1 6
2 1 8 4 5 3 

311 13753081327028954854 1 6
2 1 8 4 5 0 

287 13164519425280457384 1 6
2 1 8 4 0 3 

245 1656737703221156413 1 6
7 6 2 4 0 5 

315 864076243843151378 1 6
1 8 4 0 5 3 

303 17089087993482633840 1 6
2 1 8 5 0 3 

252 4627764168647703509 1 6
7 6 2 4 3 5 

246 5830863169817056481 1 6
4 5 6 2 1 7 

221 13706856490007217774 1 6
7 6 2 4 3 0 

215 5199440091055349756 1 6
4 0 6 2 1 7 

222 7457956587215073104 1 6
6 2 1 7 4 3 

237 7232069525735179750 1 6
7 6 2 3 0 5 

238 7082877381760568019 1 6
6 2 1 7 3 5 

207 4538867643907802951 1 6
6 2 1 7 3 0 

231 6640268945133034293 1 6
6 2 1 7 0 5 

249 7771328163412966825 1 6
6 7 4 0 5 3 

243 3000438543895613730 1 6
6 1 7 4 0 5 

250 3347533707647605108 1 6
6 1 7 4 3 5 

219 18137353308046714042 1 6
6 1 7 4 3 0 

235 16619462657273078220 1 6
6 1 7 3 0 5 

189 7780709372931448004 2 6
2 7 4 3 0 5 
7 2 4 3 0 5 

183 13234620564896546323 1 6
2 1 7 4 0 5 

159 14332136758221458832 1 6
2 1 7 4 3 0 

190 4437638152719133672 1 6
2 1 7 4 3 5 

175 1856171968900490073 1 6
2 1 7 3 0 5 

187 864076243843151378 1 6
1 7 4 0 5 3 

119 2967130710003455699 1 6
1 6 2 4 0 5 

125 864076243843151378 1 6
6 2 4 0 5 3 

126 14144279818478123308 1 6
1 6 2 4 3 5 

123 1639460870158373934 2 6
1 6 4 3 0 5 
6 1 4 3 0 5 

95 15962515323355226205 1 6
1 6 2 4 3 0 

111 10728680527936581868 1 6
1 6 2 3 0 5 

63 5654999132880999616 1 6
1 2 4 0 5 3 

468 3217252165401288818 1 5
4 6 2 7 8 

484 13939437611377896114 1 5
5 6 2 8 7 

453 3975063340123154638 1 5
0 6 2 7 8 

460 15607720264977154344 1 5
3 6 2 7 8 

496 14425966390303192742 1 5
6 4 5 7 8 

454 17788491003375796138 2 5
6 2 1 7 8 
6 2 1 8 7 

465 2459120634724553419 1 5
6 4 0 7 8 

472 4662424266731448128 1 5
6 4 3 7 8 

466 9648824109054852665 2 5
4 6 1 7 8 
6 4 1 7 8 

488 17183196908209335753 1 5
6 5 3 8 7 

481 8585531558632549495 1 5
6 5 0 8 7 

482 7593192566551732959 1 5
6 5 1 8 7 

457 13272553004019909369 1 5
6 0 3 7 8 

451 17722669187729053286 1 5
6 0 1 7 8 

458 3957820458289905012 2 5
6 3 1 7 8 
6 3 1 8 7 

405 6277802932669569937 1 5
2 4 0 8 7 

436 18282280123535946705 1 5
2 4 5 8 7 

412 16314518696237872253 1 5
2 4 3 7 8 

406 4556662677216329629 1 5
4 2 1 8 7 

428 6727134359175728711 1 5
2 3 5 7 8 

421 9629108109059966410 1 5
2 5 0 8 7 

422 15207790335891244739 2 5
2 5 1 8 7 
5 2 1 8 7 

398 15632246406413029307 2 5
2 3 1 7 8 
3 2 1 7 8 

397 11889530705756098067 1 5
2 3 0 7 8 

391 7786427076228764700 2 5
0 2 1 7 8 
0 2 1 8 7 

433 18051798514281723541 2 5
7 8 4 0 5 
8 7 4 0 5 

434 12466888878130331368 2 5
4 5 1 7 8 
4 5 1 8 7 

440 5129083301191390416 2 5
7 8 4 5 3 
8 7 4 5 3 

409 6389316751639565069 2 5
7 8 4 0 3 
8 7 4 0 3 

278 6570806256634135414 1 4
4 2 1 8 

294 6534630873780932037 2 4
2 5 1 8 
5 2 1 8 

263 10948578150276267346 1 4
0 2 1 8 

270 4415345656511538872 2 4
2 3 1 8 
3 2 1 8 

282 15406660600063173003 2 4
1 8 4 3 
4 3 1 8 

306 1361567497545663179 1 4
4 5 1 8 

298 7150496180077738619 2 4
1 8 5 3 
1 8 3 5 

180 3758550860374928371 2 4
2 7 4 5 
7 2 4 5 

156 15804328657059468321 2 4
2 7 4 3 
7 2 4 3 

172 1677071180347565230 2 4
2 7 3 5 
7 2 3 5 

135 10948578150276267346 1 4
0 2 1 7 

163 9060212711572572482 1 4
1 7 0 5 

420 2974813683649203891 2 4
2 5 8 7 
5 2 8 7 

139 9060212711572572482 1 4
1 7 0 3 

396 10220627191361430879 2 4
2 3 7 8 
3 2 7 8 

116 1361567497545663179 1 4
4 5 6 2 

86 17033440425027155532 2 4
1 4 6 2 
4 1 6 2 

212 15368499501652111834 1 4
4 7 6 2 

85 12676031066370048191 1 4
4 0 6 2 

342 2786230155103512443 1 5
4 1 8 6 2 

92 15406660600063173003 2 4
4 3 6 2 
6 2 4 3 

108 7150496180077738619 2 4
6 2 5 3 
6 2 3 5 

228 3907734590851251535 2 4
5 7 6 2 
7 5 6 2 

101 9060212711572572482 1 4
6 2 0 5 

358 5946777683810519811 1 5
5 6 2 1 8 

102 15024369831046084700 1 4
1 5 6 2 

198 15406660600063173003 2 4
1 7 6 2 
6 2 1 7 

71 669587857733064729 1 4
1 0 6 2 

328 10706753935364593016 2 3
6 3 8 
6 8 3 

204 15804328657059468321 2 4
3 7 6 2 
7 3 6 2 

77 9060212711572572482 1 4
6 2 0 3 

334 8249700287224329935 2 5
3 1 8 6 2 
3 6 2 1 8 

78 12159194040976764615 1 4
1 3 6 2 

114 7083331739448885094 2 4
1 6 4 5 
6 1 4 5 

120 8389516611493844045 1 4
6 4 5 3 

240 988429156731256704 1 4
6 7 4 5 

113 4799101468481645886 1 4
6 4 0 5 

370 2364145148934641800 1 5
6 4 5 1 8 

210 2995300807293622581 2 4
4 6 1 7 
6 4 1 7 

83 11019457479451012172 2 4
1 6 4 0 
6 1 4 0 

340 13921750370067809599 1 4
4 8 6 2 

216 15368499501652111834 1 4
6 7 4 3 

89 3585126905244507477 1 4
6 4 0 3 

346 11145829841084933874 1 5
6 1 8 4 3 

90 3350840979172127825 2 4
1 6 4 3 
6 1 4 3 

202 12159194040976764615 1 4
6 3 1 7 

75 13583891317579055437 2 4
1 6 3 0 
6 1 3 0 

332 4415345656511538872 2 4
3 8 6 2 
8 3 6 2 

226 1470142328109767921 1 4
6 5 1 7 

99 9793300532957320140 2 4
1 6 0 5 
6 1 0 5 

356 10983409412583460812 2 4
5 8 6 2 
8 5 6 2 

106 2094639431981163268 2 4
1 6 3 5 
6 1 3 5 

232 3594530558944545459 1 4
6 7 5 3 

105 8056155953585592642 2 4
6 0 5 3 
6 0 3 5 

362 13961414840516053336 1 5
6 1 8 3 5 

54 5036159874697649378 1 4
1 2 4 5 

30 12844178937462204567 1 4
1 2 4 3 

150 12844178937462204567 1 4
4 2 1 7 

23 2029806911339131771 1 4
1 2 4 0 

293 9828989223315750234 2 4
2 8 5 0 
8 2 5 0 

166 17551861176896189898 2 4
2 5 1 7 
5 2 1 7 

39 10586171094115939200 1 4
1 2 0 5 

259 13504931378059360753 1 3
0 1 8 

197 13694137383589613447 1 4
0 7 6 2 

70 11149028268085365730 1 3
1 6 2 

327 7660939459633546121 1 5
0 1 8 6 2 

11 4574036282289045403 1 3
1 0 3 

268 14860785610888650053 6 3
2 3 8 
2 8 3 
3 2 8 
3 8 2 
8 3 2 
8 2 3 

112 1100806113672523033 1 3
6 4 5 

369 13848903778732146523 1 5
6 8 4 5 0 

88 11149028268085365730 1 3
6 4 3 

345 9784016522169563045 1 5
6 8 4 0 3 

267 9060212711572572482 1 4
1 8 0 3 

140 2728381371886174304 6 3
2 3 7 
2 7 3 
3 2 7 
3 7 2 
7 3 2 
7 2 3 

104 12585292063867719537 2 3
6 5 3 
6 3 5 

361 6555812126032369175 1 5
6 8 5 0 3 

147 12676031066370048191 1 4
4 0 1 7 

404 6398757076883575033 1 4
4 2 8 7 

274 11149028268085365730 1 3
4 1 8 

133 9928030222584297835 2 3
0 2 7 
0 7 2 

269 5125178066022598564 2 4
2 8 0 3 
8 2 0 3 

142 15804328657059468321 2 4
2 3 1 7 
3 2 1 7 

15 10586171094115939200 1 4
1 2 0 3 

200 10706753935364593016 2 3
6 3 7 
6 7 3 

73 4574036282289045403 1 3
6 0 3 

330 12159194040976764615 1 4
6 3 1 8 

3 14736729569611883447 1 2
1 0 

42 12585292063867719537 2 3
1 3 5 
1 5 3 

299 2981636519390609558 2 5
1 8 0 5 3 
1 8 0 3 5 

80 17087753756477223945 2 2
4 6 
6 4 

337 4094773426229003073 1 4
6 8 4 0 

65 14736729569611883447 1 2
6 0 

322 11149028268085365730 1 3
6 1 8 

84 11149028268085365730 1 3
4 6 2 

341 16740078594750257499 1 5
8 4 0 6 2 

7 12985359438247507769 1 3
1 0 2 

261 9928030222584297835 2 3
0 2 8 
0 8 2 

26 11149028268085365730 1 3
1 4 3 

283 10706739422954430471 1 5
1 8 4 0 3 

18 17087753756477223945 2 2
1 4 
4 1 

275 12676031066370048191 1 4
4 0 1 8 

69 13504931378059360753 1 3
0 6 2 

326 15406660600063173003 2 4
1 8 6 2 
6 2 1 8 

50 1100806113672523033 1 3
1 4 5 

307 9013106141643874564 1 5
1 8 4 0 5 

35 4574036282289045403 1 3
1 0 5 

292 13119232308241019096 6 3
2 5 8 
2 8 5 
5 2 8 
5 8 2 
8 5 2 
8 2 5 

148 10706753935364593016 2 3
4 2 7 
4 7 2 

321 1904118235625069250 1 3
6 0 8 

448 17258787824257198352 2 3
6 7 8 
6 8 7 

67 790110836614516807 2 3
1 6 0 
6 1 0 

194 11149028268085365730 1 3
6 1 7 

291 9060212711572572482 1 4
1 8 0 5 

164 754205998099296360 6 3
2 5 7 
2 7 5 
5 2 7 
5 7 2 
7 5 2 
7 2 5 

19 15236695492755601648 1 3
1 4 0 

276 12769602731266802952 2 3
4 2 8 
4 8 2 

146 11149028268085365730 1 3
4 1 7 

403 580431840565853722 2 5
4 0 1 7 8 
4 0 1 8 7 

400 17258787824257198352 2 3
4 7 8 
4 8 7 

143 3637312588846943051 1 5
2 1 7 3 0 

300 17015737541233389546 2 4
2 8 5 3 
8 2 5 3 

43 8056155953585592642 2 4
1 0 3 5 
1 0 5 3 

46 698476773254776664 2 4
1 2 3 5 
1 2 5 3 

66 17087753756477223945 2 2
1 6 
6 1 

323 4121180282027529580 1 4
6 0 1 8 

193 17802271268360251908 1 3
6 0 7 

450 5625766177066252915 2 4
6 1 7 8 
6 1 8 7 

97 4574036282289045403 1 3
6 0 5 

354 2707213394142242189 1 4
6 5 1 8 

224 14718008852537657457 2 3
6 5 7 
6 7 5 

81 15236695492755601648 1 3
6 4 0 

338 9192673037414984222 2 4
4 6 1 8 
6 4 1 8 

208 2361156492905547982 2 3
4 6 7 
6 4 7 

131 13504931378059360753 1 3
0 1 7 

385 16493081890938892730 2 3
0 7 8 
0 8 7 

141 11487667108810863075 2 4
2 7 3 0 
7 2 3 0 

14 10706753935364593016 2 3
1 2 3 
1 3 2 

271 4053058237027790773 1 5
2 1 8 0 3 

165 7794952106051868258 2 4
2 7 0 5 
7 2 0 5 

38 10706753935364593016 2 3
1 2 5 
1 5 2 

295 17163639904888379445 1 5
2 1 8 5 0 

149 12806399668315166276 2 4
2 7 4 0 
7 2 4 0 

22 16574095905003600574 2 3
1 4 2 
4 1 2 

279 9158467229251309790 1 5
2 4 0 1 8 

195 3511697965688499266 1 4
6 0 1 7 

452 10083773938285380914 2 4
6 2 7 8 
6 2 8 7 

154 15406660600063173003 2 4
1 7 4 3 
4 3 1 7 

27 3585126905244507477 1 4
1 4 0 3 

284 3656293589500805796 2 4
2 8 4 3 
8 2 4 3 

201 5433916412527070489 1 4
6 7 0 3 

74 3519693191574693728 2 3
1 6 3 
6 1 3 

331 9645928448871007030 1 5
6 1 8 3 0 

225 15618236987972434878 1 4
6 7 0 5 

98 1330854201845664887 2 3
1 6 5 
6 1 5 

355 9530243458461879436 1 5
6 1 8 5 0 

352 2512533711646785065 2 3
6 5 8 
6 8 5 

209 12316301586667257154 1 4
6 7 4 0 

82 10464402029777390164 6 3
1 4 6 
1 6 4 
4 1 6 
4 6 1 
6 4 1 
6 1 4 

339 13977210441212271373 1 5
6 4 0 1 8 

336 5707635945091764290 2 3
4 6 8 
6 4 8 

79 8262735275087942755 1 5
1 6 2 3 0 

170 7150496180077738619 2 4
1 7 5 3 
1 7 3 5 

58 8389516611493844045 1 4
1 4 5 3 

178 1361567497545663179 1 4
4 5 1 7 

51 4799101468481645886 1 4
1 4 0 5 

308 16277330418281224939 2 4
2 8 4 5 
8 2 4 5 

277 2329514996330252987 2 4
2 8 4 0 
8 2 4 0 

329 565826370639269103 1 4
6 8 0 3 

360 11025324576651510866 1 4
6 8 5 3 

103 16644546732924258483 1 5
1 6 2 0 5 

353 3309816692068819196 1 4
6 8 5 0 

344 12147302030440244333 1 4
6 8 4 3 

87 9266459180787536014 1 5
1 4 0 6 2 

368 9545065420260481377 1 4
6 8 4 5 

325 5504487204040665928 1 4
0 8 6 2 

387 2295842123997460025 2 4
0 1 7 8 
0 1 8 7 

393 13045673309680638828 2 4
0 3 7 8 
0 3 8 7 

417 13045673309680638828 2 4
0 5 7 8 
0 5 8 7 

402 5625766177066252915 2 4
4 1 7 8 
4 1 8 7 

424 1699057898927065156 4 4
7 8 3 5 
7 8 5 3 
8 7 5 3 
8 7 3 5 

167 4802600495031627996 1 5
2 1 7 0 5 

401 14666370873099629343 2 4
4 0 7 8 
4 0 8 7 

408 10083773938285380914 2 4
4 3 7 8 
4 3 8 7 

151 2215784988551127673 1 5
2 4 0 1 7 

432 2045910373128645647 2 4
4 5 7 8 
4 5 8 7 

389 2439288742575753894 2 4
0 2 7 8 
0 2 8 7 

449 13378265943144752358 1 4
6 0 7 8 

456 14412209275766129787 2 4
6 3 7 8 
6 3 8 7 

199 572314317286707023 1 5
0 6 2 1 7 

480 7997573950467556605 1 4
6 5 8 7 

464 391625185477465501 2 4
4 6 7 8 
6 4 7 8 

59 3749243608978826496 1 5
1 4 0 5 3 

316 13123082405433924733 2 5
2 8 4 5 3 
8 2 4 5 3 

47 11461762250854841131 2 5
1 2 0 3 5 
1 2 0 5 3 

31 12170409358750118170 1 5
1 2 4 0 3 

55 13569255798755451052 1 5
1 2 4 0 5 

62 10080545440292170948 1 5
1 2 4 5 3 

107 16145454863931428625 2 5
1 6 3 0 5 
6 1 3 0 5 

364 740183334877632233 1 5
8 6 2 5 3 

115 4334517014615008885 2 5
1 6 4 0 5 
6 1 4 0 5 

372 13440385135254042455 1 5
8 6 2 4 5 

91 7387554842000271397 2 5
1 6 4 3 0 
6 1 4 3 0 

348 13952927501455476097 1 5
8 4 3 6 2 

121 3749243608978826496 1 5
6 4 0 5 3 

122 1626959030928130058 2 5
1 6 4 3 5 
6 1 4 3 5 

110 7187718677437403762 1 5
1 6 2 3 5 

109 2981636519390609558 2 5
6 2 0 5 3 
6 2 0 3 5 

94 10151104133732085890 1 5
1 6 2 4 3 

93 10706739422954430471 1 5
6 2 4 0 3 

124 16476275988343549283 1 5
6 2 4 5 3 

117 9013106141643874564 1 5
6 2 4 0 5 

118 14534091388890620093 1 5
1 4 5 6 2 

171 2981636519390609558 2 5
1 7 0 5 3 
1 7 0 3 5 

155 10706739422954430471 1 5
1 7 4 0 3 

179 9013106141643874564 1 5
1 7 4 0 5 

186 16476275988343549283 1 5
1 7 4 5 3 

174 379923436499829735 1 5
2 1 7 3 5 

158 2156186079903720028 2 5
2 1 7 4 3 
2 4 3 1 7 

173 9998362228424178136 2 5
2 7 3 0 5 
7 2 3 0 5 

157 12987257096064116193 2 5
2 7 4 3 0 
7 2 4 3 0 

182 10046078961121171847 1 5
2 4 5 1 7 

203 16064179401342123478 1 5
6 1 7 3 0 

188 18064990090265222733 2 5
2 7 4 3 5 
7 2 4 3 5 

181 9879635961038883787 2 5
2 7 4 0 5 
7 2 4 0 5 

227 13262590292755697268 1 5
6 1 7 0 5 

234 4575739162538219488 1 5
6 1 7 3 5 

233 6240216200904713790 1 5
6 7 0 5 3 

218 8274216949199480764 1 5
6 1 7 4 3 

211 1742427079657084864 1 5
6 4 0 1 7 

217 4286389492641863532 1 5
6 7 4 0 3 

241 12331470080200527876 1 5
6 7 4 0 5 

242 7110494713228506197 1 5
6 4 5 1 7 

248 16323102943569496337 1 5
6 7 4 5 3 

206 7312885696668073972 2 5
3 1 7 6 2 
3 6 2 1 7 

229 541998536737037424 1 5
7 6 2 0 5 

205 16083465498689932110 1 5
7 6 2 3 0 

230 17924674652927904615 1 5
5 6 2 1 7 

236 3502193146163856052 1 5
7 6 2 3 5 

214 3583861990886220277 1 5
4 6 2 1 7 

213 5435814648610150150 1 5
7 4 0 6 2 

220 6946320677797669053 2 5
7 4 3 6 2 
7 6 2 4 3 

244 16322526073318479751 1 5
7 4 5 6 2 

314 16476275988343549283 1 5
1 8 4 5 3 

302 17907995096785573956 1 5
2 1 8 5 3 

286 1239388414663996821 1 5
2 4 3 1 8 

301 3909357129252787178 2 5
2 8 5 0 3 
8 2 5 0 3 

310 9058481961428402352 1 5
2 4 5 1 8 

285 7418852206496921754 2 5
2 8 4 0 3 
8 2 4 0 3 

309 1815049173986230425 2 5
2 8 4 5 0 
8 2 4 5 0 

376 7362170159446135060 1 5
6 8 4 5 3 

333 15897131674915994573 1 5
8 6 2 0 3 

357 10108062419346896160 1 5
8 6 2 5 0 

395 6323019454100070085 2 5
0 3 1 7 8 
0 3 1 8 7 

419 6323019454100070085 2 5
0 5 1 7 8 
0 5 1 8 7 

426 16517402263426617062 4 5
3 5 1 7 8 
3 5 1 8 7 
5 3 1 7 8 
5 3 1 8 7 

425 10236574879699539666 4 5
7 8 0 5 3 
7 8 0 3 5 
8 7 0 3 5 
8 7 0 5 3 

410 17788491003375796138 2 5
4 3 1 7 8 
4 3 1 8 7 

