bhabha2vbox[0,0,0,0,0,0,0,0,0]*(-3*a3-5*a7+8*a4+5*a8-5*a5)
bhabha2vbox[0,0,0,1,-1,0,0,0,0]*(3*a3)
bhabha2vbox[-1,0,0,1,0,0,0,0,0]*(-6*a3)
bhabha2vbox[0,0,0,1,0,-1,0,0,0]*(6*a3)
bhabha2vbox[0,0,0,1,0,0,0,0,0]*(-30*a3-6*a3*eta)
bhabha2vbox[0,0,0,-1,1,0,0,0,0]*(-8*a4)
bhabha2vbox[0,-1,0,0,0,0,0,1,0]*(7*a7)
bhabha2vbox[0,0,0,0,1,0,0,0,0]*(-8*eta*a4-64*a4)
bhabha2vbox[-1,0,0,0,1,0,0,0,0]*(-8*a4)
bhabha2vbox[0,0,0,0,1,-1,0,0,0]*(8*a4)
bhabha2vbox[-1,0,0,0,0,1,0,0,0]*(5*a5)
bhabha2vbox[0,-1,0,0,0,0,1,0,0]*(-9*a6)
bhabha2vbox[0,0,0,-1,0,0,1,0,0]*(-3*a6)
bhabha2vbox[0,0,0,0,-1,0,1,0,0]*(3*a6)
bhabha2vbox[0,0,0,0,0,0,1,0,-1]*(3*a6)
bhabha2vbox[0,0,0,0,0,0,1,0,0]*(-6*eta*a6-48*a6)
bhabha2vbox[-1,0,0,0,0,0,1,0,0]*(-6*a6)
bhabha2vbox[0,0,0,0,0,0,0,-1,1]*(2*a8)
bhabha2vbox[0,0,0,0,0,-1,1,0,0]*(6*a6)
bhabha2vbox[0,0,0,0,0,0,1,-1,0]*(6*a6)
bhabha2vbox[0,-1,0,0,0,0,0,0,1]*(-7*a8)
bhabha2vbox[0,0,0,0,0,1,0,0,0]*(22*a5+5*eta*a5)
bhabha2vbox[0,0,0,0,0,0,0,1,0]*(14*a7)
bhabha2vbox[0,0,0,0,0,0,0,1,-1]*(-2*a7)
bhabha2vbox[0,0,0,-1,0,1,0,0,0]*(2*a5)
bhabha2vbox[0,0,0,0,0,0,0,0,1]*(-14*a8)
bhabha2vbox[0,0,0,0,-1,1,0,0,0]*(-2*a5)

bhabha2vbox[-1,0,0,1,0,0,0,0,0]*(6*a3)
bhabha2vbox[0,0,0,0,0,0,0,0,0]*(-8*a3+8*a4+6*a8-6*a6)
bhabha2vbox[0,0,0,1,0,0,0,0,0]*(6*a3*eta)
bhabha2vbox[0,0,0,0,0,0,0,1,0]*(5*eta*a7+16*a7)
bhabha2vbox[0,0,0,1,-1,0,0,0,0]*(2*a3)
bhabha2vbox[-1,0,0,0,1,0,0,0,0]*(8*a4)
bhabha2vbox[0,0,0,-1,1,0,0,0,0]*(-16*a4)
bhabha2vbox[0,0,0,0,1,0,0,0,0]*(8*eta*a4-32*a4)
bhabha2vbox[-1,0,0,0,0,0,0,1,0]*(5*a7)
bhabha2vbox[0,0,0,0,0,0,0,1,-1]*(-3*a7)
bhabha2vbox[0,0,0,-1,0,1,0,0,0]*(8*a5)
bhabha2vbox[0,0,-1,0,0,0,1,0,0]*(6*a6)
bhabha2vbox[0,-1,0,0,0,0,0,1,0]*(3*a7)
bhabha2vbox[0,0,0,0,0,0,1,0,0]*(-16*a6)
bhabha2vbox[0,-1,0,0,0,0,1,0,0]*(-2*a6)
bhabha2vbox[0,0,0,-1,0,0,1,0,0]*(-2*a6)
bhabha2vbox[0,0,0,0,-1,0,1,0,0]*(2*a6)
bhabha2vbox[0,0,0,0,0,0,1,0,-1]*(2*a6)
bhabha2vbox[0,0,0,0,0,0,-1,1,0]*(5*a7)
bhabha2vbox[0,0,-1,0,0,0,0,1,0]*(-5*a7)
bhabha2vbox[0,0,0,0,0,1,0,0,0]*(8*a5-5*eta*a5)
bhabha2vbox[0,-1,0,0,0,0,0,0,1]*(-6*a8)
bhabha2vbox[0,0,0,0,-1,1,0,0,0]*(-3*a5)
bhabha2vbox[0,0,0,-1,0,0,0,1,0]*(-5*a7)
bhabha2vbox[-1,0,0,0,0,1,0,0,0]*(-5*a5)
bhabha2vbox[-1,0,0,0,0,0,0,0,1]*(-2*a8)
bhabha2vbox[0,0,-1,0,0,0,0,0,1]*(2*a8)
bhabha2vbox[0,0,0,-1,0,0,0,0,1]*(2*a8)
bhabha2vbox[0,0,0,0,0,0,-1,0,1]*(-2*a8)
bhabha2vbox[0,0,0,0,0,0,0,0,1]*(-16*a8-2*eta*a8)

bhabha2vbox[-1,0,0,1,0,0,0,0,0]*(-5*a3)
bhabha2vbox[0,0,0,0,0,0,0,0,0]*(3*a3-3*a7-3*a5+3*a6)
bhabha2vbox[0,0,0,1,0,0,0,0,0]*(-10*a3-5*a3*eta)
bhabha2vbox[0,-1,0,0,0,0,0,1,0]*(3*a7)
bhabha2vbox[0,0,0,1,0,-1,0,0,0]*(2*a3)
bhabha2vbox[0,0,0,-1,0,0,0,1,0]*(2*a7)
bhabha2vbox[-1,0,0,0,1,0,0,0,0]*(-16*a4)
bhabha2vbox[0,0,0,-1,1,0,0,0,0]*(8*a4)
bhabha2vbox[0,0,0,0,1,0,0,0,0]*(-16*eta*a4-32*a4)
bhabha2vbox[0,0,-1,0,0,0,0,1,0]*(2*a7)
bhabha2vbox[0,0,0,0,1,-1,0,0,0]*(8*a4)
bhabha2vbox[-1,0,0,0,0,1,0,0,0]*(5*a5)
bhabha2vbox[0,0,-1,0,0,0,1,0,0]*(-3*a6)
bhabha2vbox[0,0,0,0,0,0,0,1,0]*(-2*eta*a7+2*a7)
bhabha2vbox[0,0,0,0,0,0,1,0,0]*(-2*eta*a6-8*a6)
bhabha2vbox[-1,0,0,0,0,0,1,0,0]*(-2*a6)
bhabha2vbox[0,-1,0,0,0,0,1,0,0]*(-2*a6)
bhabha2vbox[0,0,0,0,0,-1,1,0,0]*(2*a6)
bhabha2vbox[0,0,0,0,0,0,1,-1,0]*(2*a6)
bhabha2vbox[0,0,0,0,0,0,0,-1,1]*(6*a8)
bhabha2vbox[-1,0,0,0,0,0,0,1,0]*(-2*a7)
bhabha2vbox[0,0,0,0,0,0,-1,1,0]*(-2*a7)
bhabha2vbox[0,0,0,0,0,1,0,0,0]*(10*a5+5*eta*a5)
bhabha2vbox[0,-1,0,0,0,0,0,0,1]*(-6*a8)
bhabha2vbox[0,0,0,0,0,0,0,0,1]*(-2*a8+5*eta*a8)
bhabha2vbox[0,0,0,-1,0,1,0,0,0]*(-2*a5)
bhabha2vbox[-1,0,0,0,0,0,0,0,1]*(5*a8)
bhabha2vbox[0,0,-1,0,0,0,0,0,1]*(-5*a8)
bhabha2vbox[0,0,0,-1,0,0,0,0,1]*(-5*a8)
bhabha2vbox[0,0,0,0,0,0,-1,0,1]*(5*a8)

