469 16149088656285044820 1 6
4 2 8 0 7 6 

500 12170829104585938721 1 6
4 7 6 2 5 8 

476 15724894839884593195 1 6
4 2 8 7 6 3 

470 15968499117213807902 1 6
4 7 6 2 1 8 

497 3306152041074705082 1 6
4 5 8 0 7 6 

473 17152716585060388801 2 6
4 8 0 7 6 3 
8 4 0 7 6 3 

467 4929978400856405822 1 6
4 1 8 0 7 6 

504 14226637031556772505 2 6
4 5 8 7 3 6 
4 8 5 3 7 6 

498 3498549312986816086 1 6
4 7 6 1 8 5 

474 1825382913074927057 1 6
4 1 8 7 3 6 

485 1844279611615614675 1 6
0 7 6 2 5 8 

455 2619999634270249600 1 6
2 1 8 0 7 6 

461 9094640880678308586 1 6
2 8 0 7 6 3 

492 9753267481226121183 2 6
2 5 8 7 3 6 
2 5 8 3 7 6 

486 9026002476828787697 2 6
6 7 2 1 5 8 
7 6 2 1 5 8 

462 7310675000527496685 2 6
2 1 8 7 3 6 
2 1 8 3 7 6 

490 5582700520283938431 4 6
1 5 8 7 3 6 
1 5 8 3 7 6 
1 8 5 7 3 6 
1 8 5 3 7 6 

489 18416757750143476689 2 6
5 8 0 7 6 3 
8 5 0 7 6 3 

483 783173348672993143 2 6
0 7 6 1 5 8 
0 7 6 1 8 5 

459 14656233113816188074 1 6
1 8 0 7 6 3 

437 7846417920070748818 1 6
4 0 7 2 5 8 

407 6966457861201332101 1 6
4 0 7 2 1 8 

438 1973023864153014397 2 6
4 7 2 1 5 8 
7 4 2 1 5 8 

413 13307630695096188772 1 6
4 2 8 0 7 3 

444 5036957493177087395 1 6
4 7 3 2 5 8 

414 7097848862103204736 1 6
4 7 3 2 1 8 

441 5036957493177087395 1 6
4 5 8 0 7 3 

442 11476671447981831241 2 6
4 3 7 1 8 5 
4 7 3 1 5 8 

435 6535994859524026987 1 6
4 0 7 1 5 8 

411 4782570704373690879 1 6
4 1 8 0 7 3 

429 9664659580043954769 2 6
0 7 3 2 5 8 
2 5 8 0 7 3 

423 8465520297946801195 1 6
0 7 2 1 5 8 

399 13522730813437853064 1 6
2 1 8 0 7 3 

430 7432670946370089115 2 6
3 7 2 1 5 8 
7 3 2 1 5 8 

427 12975413387248904627 2 6
0 7 3 1 5 8 
0 7 3 1 8 5 

373 11037245233636908395 1 6
4 0 6 2 5 8 

349 3853260960869383197 1 6
4 2 8 0 6 3 

343 7867219294152014902 1 6
4 0 6 2 1 8 

374 1436776293340720894 2 6
4 6 2 1 5 8 
6 4 2 1 5 8 

380 13519986210406517989 1 6
4 6 3 2 5 8 

350 242017471426136079 1 6
4 3 6 2 1 8 

377 9008813506183197487 1 6
4 5 8 0 6 3 

371 15946098381933749160 1 6
4 0 6 1 5 8 

347 13113217198783398948 1 6
4 1 8 0 3 6 

378 3498549312986816086 1 6
4 3 6 1 5 8 

365 11452889645826571396 1 6
2 5 8 0 6 3 

335 8845572393615929970 1 6
2 1 8 0 6 3 

366 9026002476828787697 2 6
3 6 2 1 5 8 
6 3 2 1 5 8 

359 13437526630541352225 1 6
0 6 2 1 5 8 

363 13953941752478600336 2 6
0 6 3 1 5 8 
0 6 3 1 8 5 

311 17598824749247088271 1 6
0 4 2 1 5 8 

317 13307630695096188772 1 6
4 0 3 2 5 8 

318 5940882203286107723 2 6
3 4 2 1 5 8 
4 3 2 1 5 8 

287 919149719499140684 1 6
4 0 3 2 1 8 

315 10237553845134856436 1 6
4 0 3 1 5 8 

303 11373716349768958380 1 6
0 3 2 1 5 8 

245 10460191416158750932 1 6
4 2 5 0 7 6 

215 12782299319541628539 1 6
4 2 1 0 7 6 

221 8319460573645739203 1 6
2 4 0 7 6 3 

252 8767696551962297259 1 6
4 2 5 7 6 3 

222 17147405581173284446 1 6
4 2 1 7 3 6 

246 467093552853832368 1 6
4 7 6 2 1 5 

249 9300701271724180280 2 6
4 5 0 7 6 3 
5 4 0 7 6 3 

243 16389049404682135143 1 6
4 1 5 0 7 6 

250 1825382913074927057 1 6
4 1 5 3 7 6 

219 6943495640051638514 1 6
1 4 0 7 3 6 

231 7400516091302067269 1 6
2 1 5 0 7 6 

237 2023605352219904434 1 6
2 5 0 7 6 3 

238 17750322492692773297 2 6
2 1 5 3 7 6 
2 1 5 7 3 6 

207 6712992339181213246 1 6
2 1 0 7 6 3 

189 7846417920070748818 1 6
4 2 5 0 7 3 

235 14656233113816188074 1 6
1 5 0 7 6 3 

183 2885068932957307019 1 6
4 0 7 2 1 5 

187 14576710205502726224 1 6
4 1 5 0 7 3 

159 17514404381069913563 1 6
4 2 1 0 7 3 

190 5442629859416100075 1 6
4 7 3 2 1 5 

263 1650851142841256894 1 4
0 2 1 8 

197 8778297980605328996 1 4
2 0 7 6 

454 10511637903806338571 2 5
6 7 2 1 8 
7 6 2 1 8 

195 11855710887399975656 1 4
1 0 7 6 

452 15896268698264125057 2 4
2 8 7 6 
2 8 6 7 

149 11042797408386191705 1 4
2 4 0 7 

406 18142300570100916735 2 5
4 7 2 1 8 
7 4 2 1 8 

177 10955052312094187409 2 4
4 5 0 7 
5 4 0 7 

434 1528777472991877218 2 5
4 7 1 8 5 
7 4 1 8 5 

401 8185086226658989788 2 4
4 8 0 7 
8 4 0 7 

147 4739972550243613659 1 4
1 4 0 7 

404 4270695351041866627 2 4
4 7 2 8 
7 4 2 8 

165 12030119370035199782 2 4
0 7 2 5 
2 5 0 7 

389 1361567497545663179 1 4
0 7 2 8 

135 12370696629742536546 1 4
2 1 0 7 

141 8389516611493844045 1 4
2 0 7 3 

398 9697008756198250254 2 5
3 7 2 1 8 
7 3 2 1 8 

417 3982813991072387447 2 4
0 7 5 8 
0 7 8 5 

163 11481543688739825053 1 4
0 7 1 5 

139 12236225752695295147 1 4
1 0 7 3 

396 7150496180077738619 2 4
2 8 7 3 
2 8 3 7 

212 7044477751449671096 1 4
2 4 7 6 

85 10361489447717774680 1 4
2 4 0 6 

342 8763996321501079345 2 5
4 6 2 1 8 
6 4 2 1 8 

340 11699471195932271526 2 4
4 6 2 8 
6 4 2 8 

83 11652680313719546455 1 4
1 4 0 6 

86 3993603225453881070 2 4
4 6 2 1 
6 4 2 1 

116 852638576401355306 2 4
4 6 2 5 
6 4 2 5 

240 179286298576043391 2 4
4 5 6 7 
5 4 6 7 

113 242440319660852541 2 4
4 5 0 6 
5 4 0 6 

370 13353257963315785492 4 5
4 6 1 5 8 
4 6 1 8 5 
6 4 1 5 8 
6 4 1 8 5 

92 10732681782495955028 1 4
2 4 6 3 

282 1359601656496707692 2 4
3 4 1 8 
4 3 1 8 

28 10706753935364593016 2 3
2 3 4 
2 4 3 

285 4729197768228215044 2 5
4 2 8 0 3 
4 0 3 2 8 

387 11481543688739825053 1 4
0 7 1 8 

133 1100806113672523033 1 3
2 0 7 

74 3887233329888318402 2 3
1 3 6 
1 6 3 

331 9185906180358714341 1 5
1 8 0 6 3 

269 15406660600063173003 2 4
0 3 2 8 
2 8 0 3 

142 1360740520805593864 2 4
2 1 3 7 
2 1 7 3 

15 810521572161853684 1 4
2 1 0 3 

332 15896268698264125057 2 4
2 8 6 3 
2 8 3 6 

75 1341231823595407159 1 4
1 0 6 3 

78 10567854890590454379 2 4
2 1 3 6 
2 1 6 3 

131 16115292032163745907 1 3
1 0 7 

112 6906529405458791006 6 3
4 5 6 
4 6 5 
5 4 6 
5 6 4 
6 5 4 
6 4 5 

369 9009127556261700401 1 5
4 0 6 5 8 

180 10955052312094187409 2 4
4 7 2 5 
7 4 2 5 

53 11042797408386191705 1 4
0 4 2 5 

394 818929771311508147 2 4
1 8 7 3 
1 8 3 7 

267 8039361703429628773 1 4
0 3 1 8 

13 11149028268085365730 1 3
2 0 3 

140 12585292063867719537 2 3
2 3 7 
2 7 3 

397 16476275988343549283 1 5
2 8 0 7 3 

277 12159194040976764615 1 4
0 4 2 8 

150 15182408252316827636 2 4
4 7 2 1 
7 4 2 1 

23 10721363373567862501 1 4
0 4 2 1 

330 14705954250819092296 2 4
1 8 6 3 
1 8 3 6 

76 7698985776645440831 2 3
2 3 6 
2 6 3 

333 1253856313114366150 1 5
2 8 0 6 3 

67 16758981480353555402 1 3
1 0 6 

194 3887233329888318402 2 3
1 6 7 
1 7 6 

451 17253298327789332933 1 5
1 8 0 7 6 

402 683956956010709725 2 4
4 7 1 8 
7 4 1 8 

275 12272650819757476551 1 4
0 4 1 8 

21 3519693191574693728 2 3
0 2 4 
2 0 4 

148 12769602731266802952 2 3
2 4 7 
2 7 4 

405 8588430803318870469 1 5
4 0 7 2 8 

284 6925972535638963533 2 4
3 4 2 8 
4 3 2 8 

27 11788130684951674829 1 4
1 4 0 3 

30 970350526147589659 2 4
3 4 2 1 
4 3 2 1 

3 4236855264783094440 1 2
0 1 

259 14480636711240576365 1 3
0 1 8 

5 17087753756477223945 2 2
0 2 
2 0 

450 14705954250819092296 2 4
1 8 7 6 
1 8 6 7 

323 12766945251136529823 1 4
0 6 1 8 

196 7698985776645440831 2 3
2 6 7 
2 7 6 

453 7445691566095667742 1 5
2 8 0 7 6 

69 18318763533345863842 1 3
2 0 6 

138 14528258375710339284 2 3
1 3 7 
1 7 3 

395 2448205984744663046 1 5
1 8 0 7 3 

11 16421244571923190592 1 3
1 0 3 

291 3015355255510132366 2 4
0 1 5 8 
0 1 8 5 

37 1100806113672523033 1 3
0 2 5 

338 6995736005022066272 2 4
4 6 1 8 
6 4 1 8 

84 3854895435528399829 2 3
2 4 6 
2 6 4 

341 8234278822367851402 1 5
4 0 6 2 8 

26 2960999922919671982 2 3
1 3 4 
1 4 3 

283 1800322166971342757 1 5
4 0 3 1 8 

261 11149028268085365730 1 3
0 2 8 

7 12180167251319611772 1 3
0 2 1 

289 12585292063867719537 2 3
0 5 8 
0 8 5 

35 14480636711240576365 1 3
0 1 5 

49 12769602731266802952 2 3
0 4 5 
0 5 4 

108 7014131733599754745 2 4
2 5 3 6 
2 5 6 3 

56 12260785478939447192 6 3
3 4 5 
3 5 4 
4 3 5 
4 5 3 
5 4 3 
5 3 4 

313 9612578381137890767 1 5
4 0 3 5 8 

82 7462488888078504887 2 3
1 4 6 
1 6 4 

339 6623431608384325278 1 5
4 0 6 1 8 

336 6906529405458791006 6 3
4 6 8 
4 8 6 
6 4 8 
6 8 4 
8 6 4 
8 4 6 

79 16797720201336149953 1 5
2 1 0 6 3 

146 2960999922919671982 2 3
1 4 7 
1 7 4 

403 17795464074160015329 1 5
4 0 7 1 8 

19 2253059825139653645 1 3
0 1 4 

273 10706753935364593016 2 3
0 4 8 
0 8 4 

400 12260785478939447192 6 3
4 7 8 
4 8 7 
7 4 8 
7 8 4 
8 7 4 
8 4 7 

143 965989991267874746 1 5
2 1 0 7 3 

293 8389516611493844045 1 4
0 2 5 8 

39 10609460885002911461 1 4
0 2 1 5 

424 13150025586414177241 8 4
3 7 5 8 
3 7 8 5 
5 8 7 3 
5 8 3 7 
7 3 5 8 
7 3 8 5 
8 5 7 3 
8 5 3 7 

167 2590937398518449965 1 5
0 7 2 1 5 

297 7150496180077738619 2 4
0 3 5 8 
0 3 8 5 

170 818929771311508147 2 4
1 5 3 7 
1 5 7 3 

43 8039361703429628773 1 4
0 3 1 5 

172 3982813991072387447 2 4
2 5 3 7 
2 5 7 3 

45 1361567497545663179 1 4
2 5 0 3 

408 15704017212081516077 2 4
4 8 7 3 
8 4 7 3 

151 9034420476156765069 1 5
4 2 1 0 7 

281 6925972535638963533 2 4
4 8 0 3 
8 4 0 3 

154 10289722254248189726 2 4
1 4 3 7 
1 4 7 3 

312 15704017212081516077 2 4
3 4 5 8 
4 3 5 8 

55 4468833481186533007 1 5
0 4 2 1 5 

58 683956956010709725 2 4
3 4 1 5 
4 3 1 5 

432 15704017212081516077 2 4
4 7 8 5 
7 4 8 5 

175 15084302642973620116 1 6
2 1 5 0 7 3 

305 18125736765879375276 1 4
0 4 5 8 

178 1359601656496707692 2 4
4 7 1 5 
7 4 1 5 

51 1670330460300513683 1 4
0 4 1 5 

184 15704017212081516077 2 4
4 5 3 7 
5 4 3 7 

57 4270695351041866627 2 4
4 5 0 3 
5 4 0 3 

314 1528777472991877218 2 5
3 4 1 5 8 
4 3 1 5 8 

60 8185086226658989788 2 4
3 4 2 5 
4 3 2 5 

156 18125736765879375276 1 4
2 4 7 3 

29 12159194040976764615 1 4
2 4 0 3 

286 6660233869593719873 2 5
3 4 2 1 8 
4 3 2 1 8 

202 3789492243223121139 2 4
1 3 7 6 
1 7 3 6 

360 7556829846088060811 4 4
5 8 6 3 
5 8 3 6 
8 5 6 3 
8 5 3 6 

103 664354017389707410 1 5
0 6 2 1 5 

106 14705954250819092296 2 4
1 5 3 6 
1 5 6 3 

353 10667362792025660262 2 4
0 6 5 8 
0 6 8 5 

226 14705954250819092296 2 4
1 5 6 7 
1 5 7 6 

99 12766945251136529823 1 4
0 6 1 5 

204 2506011958774662217 2 4
2 3 7 6 
2 7 3 6 

77 10895110813981667549 1 4
2 0 6 3 

334 10511637903806338571 2 5
3 6 2 1 8 
6 3 2 1 8 

325 17177136069890610113 1 4
0 6 2 8 

198 10567854890590454379 2 4
2 1 6 7 
2 1 7 6 

71 6537750119053236242 1 4
2 1 0 6 

228 7014131733599754745 2 4
2 5 6 7 
2 5 7 6 

101 8272974117028570047 1 4
2 5 0 6 

344 179286298576043391 2 4
4 8 6 3 
8 4 6 3 

87 2345186709398054279 1 5
4 2 1 0 6 

90 421304037720833645 1 4
1 4 3 6 

337 10596920958349277763 2 4
4 8 0 6 
8 4 0 6 

210 421304037720833645 1 4
1 4 7 6 

368 3364750820705448782 4 4
4 6 5 8 
4 6 8 5 
6 4 5 8 
6 4 8 5 

111 12410949714271689694 1 6
2 1 5 0 6 3 

114 6995736005022066272 2 4
4 6 1 5 
6 4 1 5 

120 12190912153274299044 2 4
4 5 3 6 
5 4 3 6 

464 12190912153274299044 2 4
4 8 7 6 
8 4 7 6 

480 7556829846088060811 4 4
5 8 7 6 
5 8 6 7 
8 5 7 6 
8 5 6 7 

47 8000302510320556316 1 5
0 3 2 1 5 

59 8956211789723343530 1 5
4 0 3 1 5 

316 2370878691122667212 2 5
3 4 2 5 8 
4 3 2 5 8 

31 8162612853285424378 1 5
4 2 1 0 3 

62 12143008480851293538 2 5
3 4 2 1 5 
4 3 2 1 5 

61 8588430803318870469 1 5
4 2 5 0 3 

107 9185906180358714341 1 5
1 5 0 6 3 

364 7845252661427977046 2 5
3 6 2 5 8 
6 3 2 5 8 

110 16985201774889938632 2 5
3 6 2 1 5 
6 3 2 1 5 

109 8573717337418152007 1 5
2 5 0 6 3 

122 1070362762845727703 1 5
4 1 5 3 6 

91 18176125039530644940 1 5
1 4 0 3 6 

348 9895371878725026128 1 5
4 2 8 6 3 

115 1358870849667413215 1 5
4 0 6 1 5 

372 4705014155367496481 2 5
4 6 2 5 8 
6 4 2 5 8 

121 12573499696274658947 2 5
4 5 0 6 3 
5 4 0 6 3 

94 9186139046135902228 1 5
4 2 1 3 6 

124 11709386935695587718 1 5
4 2 5 6 3 

118 5377599425175791968 2 5
4 6 2 1 5 
6 4 2 1 5 

93 7779939170498292045 1 5
2 4 0 6 3 

171 2448205984744663046 1 5
1 5 0 7 3 

428 4622508568593048949 2 5
3 7 2 5 8 
7 3 2 5 8 

117 493338359042205984 1 5
4 2 5 0 6 

174 168013820275793318 2 5
3 7 2 1 5 
7 3 2 1 5 

173 12586974753393532778 1 5
2 5 0 7 3 

186 17240183323890053592 1 5
4 1 5 3 7 

155 1637400762744215280 1 5
1 4 0 7 3 

412 9612578381137890767 1 5
4 2 8 7 3 

179 10777331503819405856 1 5
4 0 7 1 5 

436 15516703111208343944 2 5
4 7 2 5 8 
7 4 2 5 8 

185 15516703111208343944 2 5
4 5 0 7 3 
5 4 0 7 3 

158 5139618562487779991 1 5
4 2 1 7 3 

188 65620483041778020 1 5
4 2 5 7 3 

182 1647165498796368804 2 5
4 7 2 1 5 
7 4 2 1 5 

157 5384603957822953242 1 5
2 4 0 7 3 

203 4729693509716950088 1 5
1 0 7 6 3 

460 7198735148424648000 2 5
2 8 7 3 6 
2 8 3 7 6 

234 514757801207525529 2 5
1 5 3 7 6 
1 5 7 3 6 

181 6277357237078501203 2 5
4 2 5 0 7 
4 0 7 2 5 

227 17253298327789332933 1 5
1 5 0 7 6 

484 7845252661427977046 2 5
6 7 2 5 8 
7 6 2 5 8 

206 5748046156218900535 2 5
2 1 3 7 6 
2 1 7 3 6 

230 16985201774889938632 2 5
6 7 2 1 5 
7 6 2 1 5 

199 14148254793217843148 1 5
2 1 0 7 6 

236 757016727125658107 2 5
2 5 3 7 6 
2 5 7 3 6 

205 3273106011170765271 1 5
2 0 7 6 3 

229 18021890924705301076 1 5
2 5 0 7 6 

242 8266657195223766617 1 5
4 1 5 7 6 

218 5880711265702020258 2 5
1 4 3 7 6 
1 4 7 3 6 

248 7262635795690302862 2 5
4 5 3 7 6 
5 4 3 7 6 

211 11673848567623662924 1 5
1 4 0 7 6 

468 6446652158694015929 1 5
4 2 8 7 6 

241 10794320996309993022 2 5
4 5 0 7 6 
5 4 0 7 6 

220 8454230288327463145 1 5
2 4 7 6 3 

214 537529710139302734 1 5
4 2 1 7 6 

244 3361935724419732594 1 5
4 2 5 7 6 

213 6805102856146787070 1 5
2 4 0 7 6 

299 8567535172183515767 2 5
0 3 1 5 8 
0 3 1 8 5 

271 13196655582220933221 1 5
0 3 2 1 8 

295 962708355586620232 1 5
0 2 1 5 8 

301 16476275988343549283 1 5
0 3 2 5 8 

307 6821869846888133031 1 5
0 4 1 5 8 

279 16881923457855276641 1 5
0 4 2 1 8 

309 5384603957822953242 1 5
0 4 2 5 8 

355 1458680763580105422 2 5
0 6 1 5 8 
0 6 1 8 5 

362 11376377629455561266 4 5
3 6 1 5 8 
3 6 1 8 5 
6 3 1 5 8 
6 3 1 8 5 

361 8850520360857520085 2 5
5 8 0 6 3 
8 5 0 6 3 

327 1060172768481199438 1 5
0 6 2 1 8 

357 1870422358782097123 1 5
0 6 2 5 8 

346 8266657195223766617 1 5
4 1 8 3 6 

376 4169205296502076595 1 5
4 5 8 3 6 

119 1622759807976935274 1 6
4 0 6 2 1 5 

345 2411772165362872566 2 5
4 8 0 6 3 
8 4 0 6 3 

419 18015178188023643172 2 5
0 7 1 5 8 
0 7 1 8 5 

425 4622508568593048949 2 5
5 8 0 7 3 
8 5 0 7 3 

426 1052580470540035219 4 5
3 7 1 5 8 
3 7 1 8 5 
7 3 1 5 8 
7 3 1 8 5 

391 4559447087420346899 1 5
0 7 2 1 8 

421 12586974753393532778 1 5
0 7 2 5 8 

410 17240183323890053592 1 5
4 1 8 7 3 

440 15397974748116556752 4 5
4 3 7 8 5 
4 5 8 7 3 
4 7 3 5 8 
4 8 5 3 7 

409 2370878691122667212 2 5
4 8 0 7 3 
8 4 0 7 3 

433 65620483041778020 1 5
4 0 7 5 8 

458 514757801207525529 2 5
1 8 7 3 6 
1 8 3 7 6 

488 143871076794329895 4 5
5 8 7 3 6 
5 8 3 7 6 
8 5 7 3 6 
8 5 3 7 6 

482 11376377629455561266 4 5
6 7 1 5 8 
6 7 1 8 5 
7 6 1 5 8 
7 6 1 8 5 

481 3772855870296834902 2 5
5 8 0 7 6 
8 5 0 7 6 

466 1070362762845727703 1 5
4 1 8 7 6 

496 4169205296502076595 1 5
4 8 5 7 6 

472 7262635795690302862 2 5
4 8 7 3 6 
8 4 7 3 6 

465 10512825698810245610 2 5
4 8 0 7 6 
8 4 0 7 6 

63 10840038754746816184 1 6
4 0 3 2 1 5 

123 13887744535048755172 1 6
4 1 5 0 3 6 

126 6556357029120747686 1 6
4 3 6 2 1 5 

95 17110571739845307653 1 6
4 2 1 0 3 6 

125 8416766052785034958 1 6
4 2 5 0 6 3 

