bhabha2pb2m[0,1,0,0,0,0,0,1,0] # 130
bhabha2pb2m[0,1,0,0,1,0,1,0,0] #  82
bhabha2pb2m[0,1,0,0,1,0,0,1,0] # 146
bhabha2pb2m[0,1,0,0,1,0,0,0,2] # 274
bhabha2pb2m[0,0,1,0,1,0,0,0,2] # 276
bhabha2pb2m[0,1,0,0,0,0,0,1,2] # 386
bhabha2pb2m[0,1,0,0,0,0,0,2,1] # 386
bhabha2pb2m[1,0,0,0,0,0,0,1,2] # 385
bhabha2pb2m[1,0,0,0,0,0,0,2,1] # 385
bhabha2pb2m[1,0,1,0,1,0,1,0,0] #  85
bhabha2pb2m[1,1,1,0,0,0,0,1,0] # 135
bhabha2pb2m[1,0,1,0,1,0,0,1,0] # 149
bhabha2pb2m[0,1,0,0,1,0,1,1,0] # 210
bhabha2pb2m[0,1,1,0,1,0,0,0,2] # 278
bhabha2pb2m[0,1,0,0,1,0,1,0,2] # 338
bhabha2pb2m[0,1,0,0,1,0,2,0,1] # 338
bhabha2pb2m[0,1,0,0,1,0,1,0,3] # 338
bhabha2pb2m[1,1,0,0,0,0,0,1,2] # 387
bhabha2pb2m[1,1,0,0,0,0,0,2,1] # 387
bhabha2pb2m[0,1,1,0,0,0,0,1,2] # 390
bhabha2pb2m[1,0,1,0,0,0,0,1,2] # 389
bhabha2pb2m[1,0,1,0,0,0,0,2,1] # 389
bhabha2pb2m[2,0,1,0,0,0,0,1,1] # 389
bhabha2pb2m[0,1,0,0,1,0,0,1,2] # 402
bhabha2pb2m[0,1,0,0,1,0,0,2,1] # 402
bhabha2pb2m[0,1,0,0,2,0,0,1,1] # 402
bhabha2pb2m[0,0,1,0,1,0,0,1,2] # 404
bhabha2pb2m[0,0,1,0,1,0,0,2,1] # 404
bhabha2pb2m[1,0,0,0,0,0,1,1,2] # 449
bhabha2pb2m[1,1,1,0,1,0,1,0,0] #  87
bhabha2pb2m[1,1,1,0,1,0,0,1,0] # 151
bhabha2pb2m[1,0,1,0,1,0,1,1,0] # 213
bhabha2pb2m[1,1,1,0,0,0,0,1,2] # 391
bhabha2pb2m[1,1,1,0,0,0,0,2,1] # 391
bhabha2pb2m[1,1,2,0,0,0,0,1,1] # 391
bhabha2pb2m[0,1,1,0,1,0,0,1,2] # 406
bhabha2pb2m[0,1,1,0,1,0,0,2,1] # 406
bhabha2pb2m[0,1,1,0,2,0,0,1,1] # 406
bhabha2pb2m[0,1,2,0,1,0,0,1,1] # 406
bhabha2pb2m[0,2,1,0,1,0,0,1,1] # 406
bhabha2pb2m[0,1,1,0,1,0,0,1,3] # 406
bhabha2pb2m[1,0,1,0,1,0,0,1,1] # 405
bhabha2pb2m[1,1,0,0,0,0,1,1,2] # 451
bhabha2pb2m[1,1,0,0,0,0,1,2,1] # 451
bhabha2pb2m[1,1,0,0,0,0,2,1,1] # 451
bhabha2pb2m[2,1,0,0,0,0,1,1,1] # 451
bhabha2pb2m[1,1,0,0,0,0,1,1,3] # 451
bhabha2pb2m[0,1,0,0,1,0,1,1,2] # 466
bhabha2pb2m[0,1,0,0,1,0,1,2,1] # 466
bhabha2pb2m[0,1,0,0,1,0,2,1,1] # 466
bhabha2pb2m[1,1,1,0,1,0,1,1,0] # 215
bhabha2pb2m[1,1,1,0,1,0,0,1,1] # 407
bhabha2pb2m[1,1,1,0,1,0,1,1,1] # 471
bhabha2pb2m[1,1,1,0,1,0,1,1,2] # 471
bhabha2pb2m[1,1,1,0,1,0,1,2,1] # 471
bhabha2pb2m[1,2,1,0,1,0,1,1,1] # 471
bhabha2pb2m[1,0,0,0,0,0,0,1,0] # 129
bhabha2pb2m[1,0,0,0,1,0,1,0,0] #  81
bhabha2pb2m[1,1,0,0,0,0,0,1,0] # 131
bhabha2pb2m[1,0,1,0,0,0,0,1,0] # 133
bhabha2pb2m[1,0,0,0,1,0,0,1,0] # 145
bhabha2pb2m[1,0,0,0,1,0,0,0,1] # 273
bhabha2pb2m[1,0,0,0,0,0,1,0,2] # 321
bhabha2pb2m[2,0,0,0,0,0,1,0,1] # 321
bhabha2pb2m[2,0,0,0,0,0,0,1,1] # 385
bhabha2pb2m[1,1,0,0,1,0,1,0,0] #  83
bhabha2pb2m[1,1,0,0,1,0,0,1,0] # 147
bhabha2pb2m[1,0,0,0,1,0,1,1,0] # 209
bhabha2pb2m[1,1,0,0,1,0,0,0,1] # 275
bhabha2pb2m[1,0,1,0,1,0,0,0,1] # 277
bhabha2pb2m[1,1,0,0,0,0,1,0,2] # 323
bhabha2pb2m[2,1,0,0,0,0,1,0,1] # 323
bhabha2pb2m[2,1,0,0,0,0,0,1,1] # 387
bhabha2pb2m[1,0,0,0,0,0,1,2,1] # 449
bhabha2pb2m[1,1,0,0,1,0,1,1,0] # 211
bhabha2pb2m[1,1,1,0,1,0,0,0,1] # 279
bhabha2pb2m[1,1,0,0,1,0,1,0,1] # 339
bhabha2pb2m[1,1,0,0,1,0,1,0,2] # 339
bhabha2pb2m[2,1,0,0,1,0,1,0,1] # 339
bhabha2pb2m[1,1,0,0,2,0,1,0,1] # 339
bhabha2pb2m[1,1,0,0,1,0,0,1,1] # 403
bhabha2pb2m[1,1,0,0,1,0,0,1,2] # 403
bhabha2pb2m[2,1,0,0,1,0,0,1,1] # 403
bhabha2pb2m[1,1,0,0,2,0,0,1,1] # 403
bhabha2pb2m[1,0,1,0,1,0,0,1,2] # 405
bhabha2pb2m[2,0,1,0,1,0,0,1,1] # 405
bhabha2pb2m[1,0,1,0,2,0,0,1,1] # 405
bhabha2pb2m[1,2,0,0,0,0,1,1,1] # 451
bhabha2pb2m[1,1,1,0,1,0,0,1,2] # 407
bhabha2pb2m[2,1,1,0,1,0,0,1,1] # 407
bhabha2pb2m[1,1,1,0,2,0,0,1,1] # 407
bhabha2pb2m[1,1,0,0,1,0,1,1,1] # 467
bhabha2pb2m[1,1,0,0,1,0,1,1,2] # 467
bhabha2pb2m[1,1,0,0,1,0,1,2,1] # 467
bhabha2pb2m[2,1,0,0,1,0,1,1,1] # 467
