469 11134694553407978307 1 6
4 2 8 0 7 6 

500 5010507814890445927 1 6
4 7 6 2 8 5 

476 28599381101347694 1 6
4 2 8 7 6 3 

497 3676257448012290956 1 6
4 8 5 0 7 6 

470 14080996867780782033 1 6
4 7 6 2 8 1 

473 5818612531324344578 2 6
4 8 0 7 6 3 
8 4 0 7 6 3 

467 7998820202536211748 1 6
4 8 1 0 7 6 

504 18149861683215583870 2 6
4 5 8 7 3 6 
4 8 5 3 7 6 

498 13561377396756813146 1 6
4 7 6 8 1 5 

474 13225605909975235907 1 6
4 8 1 7 3 6 

485 16942595767225548966 1 6
0 6 7 2 5 8 

455 8314504505848592986 1 6
0 6 7 2 1 8 

461 16457295498745040794 1 6
2 8 0 6 7 3 

492 1071285484515003149 2 6
2 5 8 7 3 6 
2 5 8 3 7 6 

486 6912640287242412540 2 6
6 7 2 5 1 8 
7 6 2 5 1 8 

462 3068960985259229109 2 6
2 1 8 7 3 6 
2 1 8 3 7 6 

489 2471687630610601131 2 6
5 8 0 6 7 3 
8 5 0 6 7 3 

490 10503113801327399523 4 6
1 5 8 7 3 6 
1 5 8 3 7 6 
1 8 5 7 3 6 
1 8 5 3 7 6 

483 16616847538426677833 2 6
0 6 7 1 5 8 
0 6 7 1 8 5 

459 6581572820855724921 1 6
1 8 0 6 7 3 

437 11623374169999770171 1 6
4 0 7 2 8 5 

413 3868409743698401530 1 6
4 2 8 0 7 3 

407 11318007032902215828 1 6
4 0 7 2 8 1 

438 5722559759442293087 2 6
4 7 2 8 5 1 
7 4 2 8 5 1 

444 14448074085796043849 1 6
4 3 7 2 8 5 

414 17598575998185720715 1 6
4 7 3 2 8 1 

441 14448074085796043849 1 6
4 8 5 0 3 7 

442 1517994807975665972 2 6
4 3 7 8 5 1 
4 7 3 5 8 1 

435 6529043362785933557 1 6
4 0 7 8 1 5 

411 2735386274795424001 1 6
4 8 1 0 7 3 

429 8340812443974365221 2 6
0 7 3 2 5 8 
2 5 8 0 7 3 

430 3981200829650701725 2 6
3 7 2 5 1 8 
7 3 2 5 1 8 

423 2631588035890787874 1 6
0 7 2 5 1 8 

399 9174730438162384811 1 6
0 7 3 2 1 8 

427 17743436661086031273 2 6
0 7 3 1 5 8 
0 7 3 1 8 5 

373 5239097783899393412 1 6
4 0 6 2 5 8 

343 2211538796257769451 1 6
4 0 6 2 8 1 

349 9737486676785961989 1 6
4 2 8 0 6 3 

374 5970571007896081603 2 6
4 6 2 5 1 8 
6 4 2 5 1 8 

380 2819862174829234984 1 6
4 3 6 2 5 8 

350 11795822958225406595 1 6
4 6 3 2 1 8 

377 856843983006433568 1 6
4 5 8 0 3 6 

371 5221951380265356842 1 6
4 0 6 8 1 5 

347 15332847647098005871 1 6
4 8 1 0 6 3 

378 13561377396756813146 1 6
4 3 6 5 1 8 

365 1585009362706468598 1 6
0 6 3 2 5 8 

359 15877612542355382866 1 6
0 6 2 5 1 8 

366 6912640287242412540 2 6
3 6 2 5 1 8 
6 3 2 5 1 8 

363 14293064819232133318 2 6
0 6 3 1 5 8 
0 6 3 1 8 5 

335 16186595865264737199 1 6
0 6 3 2 1 8 

317 3868409743698401530 1 6
4 0 3 2 5 8 

311 5945396375052835752 1 6
0 4 2 5 8 1 

318 6083214299628134613 2 6
3 4 2 5 1 8 
4 3 2 5 1 8 

287 15154711699930994587 1 6
4 0 3 2 8 1 

315 475711001245449901 1 6
4 0 3 5 8 1 

303 8896727778550595501 1 6
0 3 2 5 1 8 

245 4096307181063045945 1 6
4 2 5 0 6 7 

221 11519914278344757527 1 6
2 4 0 6 7 3 

215 10050181015872219751 1 6
4 2 1 0 6 7 

252 747224770234815852 1 6
4 2 5 3 6 7 

222 10186048223667342942 1 6
4 2 1 6 3 7 

246 583014993060110919 1 6
4 6 7 2 5 1 

249 5186141439474573988 2 6
4 5 0 3 6 7 
5 4 0 3 6 7 

243 8242326958830948987 1 6
4 1 5 0 6 7 

250 13225605909975235907 1 6
4 5 1 3 7 6 

219 8475543789097775212 1 6
1 4 0 6 7 3 

231 10084906310327648845 1 6
0 6 7 2 5 1 

207 11511923305126423292 1 6
2 1 0 6 7 3 

238 10121092934318067186 2 6
2 5 1 3 7 6 
2 5 1 7 3 6 

237 12593649856605652134 1 6
2 5 0 6 7 3 

235 6581572820855724921 1 6
1 5 0 6 7 3 

189 11623374169999770171 1 6
4 2 5 0 3 7 

183 7475373033286877072 1 6
4 0 7 2 5 1 

159 14446744593856224970 1 6
4 2 1 0 7 3 

190 7495480630947277958 1 6
4 3 7 2 5 1 

187 16689052067384154037 1 6
4 5 1 0 3 7 

175 4923438370666967369 1 6
0 7 3 2 5 1 

119 10080490639062343272 1 6
4 0 6 2 5 1 

263 4035577208844109525 1 4
0 2 1 8 

197 12491156454245015315 1 4
2 0 6 7 

454 15097520672288397683 2 5
6 7 2 1 8 
7 6 2 1 8 

195 18150363131563479761 1 4
1 0 6 7 

452 15896268698264125057 2 4
2 8 7 6 
2 8 6 7 

149 14360904535643422207 1 4
2 4 0 7 

406 3421320411605049147 2 5
4 7 2 8 1 
7 4 2 8 1 

177 13312223719028599295 2 4
4 5 0 7 
5 4 0 7 

434 11012613090493354492 2 5
4 7 8 1 5 
7 4 8 1 5 

147 216925232113826596 1 4
1 4 0 7 

404 15804328657059468321 2 4
4 7 2 8 
7 4 2 8 

165 13461187978258175434 2 4
0 7 2 5 
2 5 0 7 

389 13796289709583244209 1 4
0 7 2 8 

135 12555680171730555362 1 4
0 7 2 1 

141 529838076471764616 1 4
2 0 7 3 

398 10416710980967425535 2 5
3 7 2 1 8 
7 3 2 1 8 

417 8950438065344213768 2 4
0 7 5 8 
0 7 8 5 

163 16565695877079045279 1 4
0 7 1 5 

139 10087036949447775809 1 4
1 0 7 3 

396 7150496180077738619 2 4
2 8 7 3 
2 8 3 7 

116 10802396514267938305 2 4
4 6 2 5 
6 4 2 5 

212 3604963490995638787 1 4
2 4 6 7 

85 10511875851878532914 1 4
2 4 0 6 

342 13205837884044017024 2 5
4 6 2 1 8 
6 4 2 1 8 

340 11990769028644529110 2 4
4 6 2 8 
6 4 2 8 

83 10748933629213935513 1 4
1 4 0 6 

86 5747656065018169882 2 4
4 6 2 1 
6 4 2 1 

92 7004702972961935419 1 4
2 4 6 3 

240 10601132076907988804 2 4
4 5 7 6 
5 4 7 6 

113 7627879991285580330 2 4
4 5 0 6 
5 4 0 6 

370 1398158631647660415 4 5
4 6 1 5 8 
4 6 1 8 5 
6 4 1 5 8 
6 4 1 8 5 

120 1324427476534020738 2 4
4 5 3 6 
5 4 3 6 

368 3364750820705448782 4 4
4 6 5 8 
4 6 8 5 
6 4 5 8 
6 4 8 5 

111 13334245622194479586 1 6
0 6 3 2 5 1 

114 8463222285952631605 2 4
4 6 1 5 
6 4 1 5 

312 1677071180347565230 2 4
3 4 5 8 
4 3 5 8 

55 6093295005457220378 1 5
0 4 2 5 1 

58 20261548302223008 2 4
3 4 5 1 
4 3 5 1 

282 11164279965662094749 2 4
3 4 1 8 
4 3 1 8 

28 2512533711646785065 2 3
2 3 4 
2 4 3 

285 7101634434729969935 2 5
4 2 8 0 3 
4 0 3 2 8 

387 16565695877079045279 1 4
0 7 1 8 

133 6486448604913209494 1 3
2 0 7 

74 1157133852231411715 2 3
1 3 6 
1 6 3 

331 836165393996249648 1 5
1 8 0 6 3 

269 15406660600063173003 2 4
0 3 2 8 
2 8 0 3 

142 10850260592315917787 2 4
2 1 3 7 
2 1 7 3 

15 627544986314404477 1 4
0 3 2 1 

131 15515151711618997713 1 3
1 0 7 

112 6906529405458791006 6 3
4 5 6 
4 6 5 
5 4 6 
5 6 4 
6 5 4 
6 4 5 

369 2230367293743589585 1 5
4 0 6 8 5 

180 13312223719028599295 2 4
4 7 2 5 
7 4 2 5 

53 14360904535643422207 1 4
0 4 2 5 

332 15896268698264125057 2 4
2 8 6 3 
2 8 3 6 

75 14719023504820623414 1 4
1 0 6 3 

78 18366812520110924298 2 4
2 1 3 6 
2 1 6 3 

394 6305501177838887852 2 4
1 8 7 3 
1 8 3 7 

267 3779725885503056035 1 4
0 3 1 8 

13 11149028268085365730 1 3
2 0 3 

140 12585292063867719537 2 3
2 3 7 
2 7 3 

397 6610907291125018627 1 5
2 8 0 7 3 

277 4584585979680141891 1 4
0 4 2 8 

150 1765571406660358270 2 4
4 7 2 1 
7 4 2 1 

23 13480961445849865668 1 4
0 4 2 1 

280 754205998099296360 6 3
3 4 8 
3 8 4 
4 3 8 
4 8 3 
8 4 3 
8 3 4 

330 8019835161175320379 2 4
1 8 6 3 
1 8 3 6 

76 7698985776645440831 2 3
2 3 6 
2 6 3 

333 10615815066100640570 1 5
2 8 0 6 3 

194 1157133852231411715 2 3
1 6 7 
1 7 6 

451 8562457214682088261 1 5
1 8 0 6 7 

67 8630919305627799942 1 3
1 0 6 

259 17250501025191192120 1 3
0 1 8 

5 17087753756477223945 2 2
0 2 
2 0 

402 20261548302223008 2 4
4 7 8 1 
7 4 8 1 

275 16992953948281909082 1 4
0 4 8 1 

21 980584032734512894 2 3
0 2 4 
2 0 4 

148 10706753935364593016 2 3
2 4 7 
2 7 4 

405 13364603189197731809 1 5
4 0 7 2 8 

284 6454475818174722824 2 4
3 4 2 8 
4 3 2 8 

27 6362037361105324422 1 4
1 4 0 3 

30 10379175512226354055 2 4
3 4 2 1 
4 3 2 1 

3 3085733323793310697 1 2
0 1 

323 4951008622445461601 1 4
0 6 1 8 

196 7698985776645440831 2 3
2 6 7 
2 7 6 

453 806491426670361942 1 5
2 8 0 6 7 

69 5716569260272480414 1 3
2 0 6 

138 3584596353957403666 2 3
1 3 7 
1 7 3 

395 5610672468521596439 1 5
1 8 0 7 3 

11 6298889260055877585 1 3
1 0 3 

291 9948786386143750181 2 4
0 1 5 8 
0 1 8 5 

37 6486448604913209494 1 3
0 2 5 

338 8463222285952631605 2 4
4 6 1 8 
6 4 1 8 

84 18054779487213094827 2 3
2 4 6 
2 6 4 

341 11657477119684058396 1 5
4 0 6 2 8 

7 4312993485518831787 1 3
0 2 1 

261 11149028268085365730 1 3
0 2 8 

289 12585292063867719537 2 3
0 5 8 
0 8 5 

35 17250501025191192120 1 3
0 1 5 

56 2728381371886174304 6 3
3 4 5 
3 5 4 
4 3 5 
4 5 3 
5 4 3 
5 3 4 

313 6399919801106672932 1 5
4 0 3 5 8 

176 754205998099296360 6 3
4 5 7 
4 7 5 
5 4 7 
5 7 4 
7 5 4 
7 4 5 

433 14686111556629978587 1 5
4 0 7 8 5 

49 10706753935364593016 2 3
0 4 5 
0 5 4 

108 6360605120071040097 2 4
2 5 3 6 
2 5 6 3 

26 3684224192080029757 2 3
1 3 4 
1 4 3 

283 9686980583704521419 1 5
4 0 3 8 1 

82 3347474035243917583 2 3
1 4 6 
1 6 4 

339 2952633670898840973 1 5
4 0 6 8 1 

336 6906529405458791006 6 3
4 6 8 
4 8 6 
6 4 8 
6 8 4 
8 6 4 
8 4 6 

79 12570274963218340048 1 5
2 1 0 6 3 

146 3684224192080029757 2 3
1 4 7 
1 7 4 

403 7440190871979908556 1 5
4 0 7 8 1 

19 15410836770708375250 1 3
0 1 4 

273 2512533711646785065 2 3
0 4 8 
0 8 4 

400 2728381371886174304 6 3
4 7 8 
4 8 7 
7 4 8 
7 8 4 
8 7 4 
8 4 7 

143 7636698968512728249 1 5
2 1 0 7 3 

424 13150025586414177241 8 4
3 7 5 8 
3 7 8 5 
5 8 7 3 
5 8 3 7 
7 3 5 8 
7 3 8 5 
8 5 7 3 
8 5 3 7 

167 9170779518215580736 1 5
0 7 2 5 1 

297 7150496180077738619 2 4
0 3 5 8 
0 3 8 5 

170 6305501177838887852 2 4
1 5 3 7 
1 5 7 3 

43 3779725885503056035 1 4
0 3 1 5 

172 8950438065344213768 2 4
2 5 3 7 
2 5 7 3 

45 13796289709583244209 1 4
2 5 0 3 

293 529838076471764616 1 4
0 2 5 8 

39 12645682393519960790 1 4
0 2 5 1 

408 1677071180347565230 2 4
4 8 7 3 
8 4 7 3 

151 8142072948023037210 1 5
4 0 7 2 1 

281 6454475818174722824 2 4
4 8 0 3 
8 4 0 3 

154 4634709047748281356 2 4
1 4 3 7 
1 4 7 3 

432 1677071180347565230 2 4
4 7 8 5 
7 4 8 5 

305 11025324576651510866 1 4
0 4 8 5 

178 11164279965662094749 2 4
4 7 1 5 
7 4 1 5 

51 10918637473182342776 1 4
0 4 1 5 

184 1677071180347565230 2 4
4 5 3 7 
5 4 3 7 

57 15804328657059468321 2 4
4 5 0 3 
5 4 0 3 

314 11012613090493354492 2 5
3 4 5 1 8 
4 3 5 1 8 

60 11761636407375004198 2 4
3 4 2 5 
4 3 2 5 

156 11025324576651510866 1 4
2 4 3 7 

29 4584585979680141891 1 4
2 4 0 3 

286 10044036635097415066 2 5
3 4 2 1 8 
4 3 2 1 8 

360 7556829846088060811 4 4
5 8 6 3 
5 8 3 6 
8 5 6 3 
8 5 3 6 

103 6322679531387658206 1 5
0 6 2 5 1 

106 8019835161175320379 2 4
1 5 3 6 
1 5 6 3 

202 983609089190748271 2 4
1 3 7 6 
1 7 3 6 

353 11432557635371621338 2 4
0 6 5 8 
0 6 8 5 

226 8019835161175320379 2 4
1 5 6 7 
1 5 7 6 

99 4951008622445461601 1 4
0 6 1 5 

204 2506011958774662217 2 4
2 3 7 6 
2 7 3 6 

77 14611199869741869911 1 4
2 0 6 3 

334 15097520672288397683 2 5
3 6 2 1 8 
6 3 2 1 8 

325 4583129558019337484 1 4
0 6 2 8 

198 18366812520110924298 2 4
2 1 6 7 
2 1 7 6 

71 8176674900904982704 1 4
0 6 2 1 

228 6360605120071040097 2 4
2 5 6 7 
2 5 7 6 

101 17084916642812520607 1 4
0 6 2 5 

344 10601132076907988804 2 4
4 8 3 6 
8 4 3 6 

87 6050816845515806789 1 5
4 0 6 2 1 

90 10143959315736660894 1 4
1 4 3 6 

337 12907502260509506582 2 4
4 8 0 6 
8 4 0 6 

210 10143959315736660894 1 4
1 4 7 6 

401 11761636407375004198 2 4
4 8 0 7 
8 4 0 7 

480 7556829846088060811 4 4
5 8 7 6 
5 8 6 7 
8 5 7 6 
8 5 6 7 

450 8019835161175320379 2 4
1 8 7 6 
1 8 6 7 

464 1324427476534020738 2 4
4 8 7 6 
8 4 7 6 

47 3217406242897086305 1 5
0 3 2 5 1 

59 3990140857558195061 1 5
4 0 3 5 1 

316 14463169972624562395 2 5
3 4 2 5 8 
4 3 2 5 8 

31 1161359459404008645 1 5
4 2 1 0 3 

62 16499662530863272653 2 5
3 4 2 5 1 
4 3 2 5 1 

107 836165393996249648 1 5
1 5 0 6 3 

364 392989038128438156 2 5
3 6 2 5 8 
6 3 2 5 8 

61 13364603189197731809 1 5
4 2 5 0 3 

110 1446215478665143192 2 5
3 6 2 5 1 
6 3 2 5 1 

109 9106587055924941507 1 5
2 5 0 6 3 

122 659761187961296128 1 5
4 5 1 3 6 

91 3032912719668726183 1 5
1 4 0 6 3 

348 13305149213252506437 1 5
4 2 8 6 3 

115 17143890472527235311 1 5
4 0 6 1 5 

372 13594135148014827320 2 5
4 6 2 5 8 
6 4 2 5 8 

121 18393396471712058470 2 5
4 5 0 3 6 
5 4 0 3 6 

94 4957081213782361195 1 5
4 2 1 6 3 

118 2717257421075057406 2 5
4 6 2 5 1 
6 4 2 5 1 

124 14335385638262604182 1 5
4 2 5 3 6 

93 8966398515423052815 1 5
2 4 0 6 3 

171 5610672468521596439 1 5
1 5 0 7 3 

428 17443941716167504307 2 5
3 7 2 5 8 
7 3 2 5 8 

117 12636278000980625203 1 5
4 0 6 2 5 

174 6335677946707820820 2 5
3 7 2 5 1 
7 3 2 5 1 

173 2544471438310254489 1 5
2 5 0 7 3 

155 8508663851674981862 1 5
1 4 0 7 3 

412 6399919801106672932 1 5
4 2 8 7 3 

186 3332775125930216354 1 5
4 5 1 3 7 

179 135349017273922348 1 5
4 0 7 1 5 

436 17583430961032749130 2 5
4 7 2 8 5 
7 4 2 8 5 

185 17583430961032749130 2 5
4 5 0 3 7 
5 4 0 3 7 

158 12803959040765800442 1 5
4 2 1 3 7 

188 14686111556629978587 1 5
4 2 5 3 7 

182 11782597257186604079 2 5
4 7 2 5 1 
7 4 2 5 1 

157 11781286084244796545 1 5
2 4 0 7 3 

234 1269884434782369055 2 5
1 5 3 7 6 
1 5 7 3 6 

181 12690033318652965665 2 5
4 2 5 0 7 
4 0 7 2 5 

203 8113310992661936323 1 5
1 0 6 7 3 

460 7198735148424648000 2 5
2 8 7 3 6 
2 8 3 7 6 

227 8562457214682088261 1 5
1 5 0 6 7 

484 392989038128438156 2 5
6 7 2 5 8 
7 6 2 5 8 

206 13347833044270819155 2 5
2 1 3 7 6 
2 1 7 3 6 

230 1446215478665143192 2 5
6 7 2 5 1 
7 6 2 5 1 

199 17771322029966170638 1 5
2 1 0 6 7 

236 16334031723583977530 2 5
2 5 3 7 6 
2 5 7 3 6 

205 8513002820088761228 1 5
2 0 6 7 3 

229 17610924620197365280 1 5
2 5 0 6 7 

218 12656770491342833941 2 5
1 4 3 7 6 
1 4 7 3 6 

242 4213392921063732975 1 5
4 1 5 7 6 

248 4323769937847979480 2 5
4 5 3 7 6 
5 4 3 7 6 

211 11765913682375344 1 5
1 4 0 6 7 

468 14487101468001313312 1 5
4 2 8 7 6 

241 14324147780988298368 2 5
4 5 0 6 7 
5 4 0 6 7 

220 17789258283438766508 1 5
2 4 6 3 7 

244 3052808397193190825 1 5
4 2 5 6 7 

214 10366575100959594169 1 5
4 2 1 6 7 

213 5351010725821939208 1 5
2 4 0 6 7 

271 3721337278075414643 1 5
0 3 2 1 8 

299 11227027734489427862 2 5
0 3 1 5 8 
0 3 1 8 5 

295 3493447717841421537 1 5
0 2 5 1 8 

301 6610907291125018627 1 5
0 3 2 5 8 

307 15374230706499041054 1 5
0 4 8 1 5 

279 14243011027215357858 1 5
0 4 2 8 1 

309 11781286084244796545 1 5
0 4 2 5 8 

361 1560002834111704541 2 5
5 8 0 6 3 
8 5 0 6 3 

355 14731229825183759600 2 5
0 6 1 5 8 
0 6 1 8 5 

362 1909309878206364334 4 5
3 6 1 5 8 
3 6 1 8 5 
6 3 1 5 8 
6 3 1 8 5 

327 7083503985955971843 1 5
0 6 2 1 8 

357 11470893143994902956 1 5
0 6 2 5 8 

376 12945076698413370687 1 5
4 5 8 3 6 

346 4213392921063732975 1 5
4 1 8 3 6 

345 14944798473946623123 2 5
4 8 0 6 3 
8 4 0 6 3 

426 3690224526988697710 4 5
3 7 1 5 8 
3 7 1 8 5 
7 3 1 5 8 
7 3 1 8 5 

419 3969573182597379171 2 5
0 7 1 5 8 
0 7 1 8 5 

425 17443941716167504307 2 5
5 8 0 7 3 
8 5 0 7 3 

421 2544471438310254489 1 5
0 7 2 5 8 

391 1020628112970383933 1 5
0 7 2 1 8 

410 3332775125930216354 1 5
4 8 1 7 3 

440 2116756502251157976 4 5
4 3 7 8 5 
4 5 8 7 3 
4 7 3 5 8 
4 8 5 3 7 

409 14463169972624562395 2 5
4 8 0 7 3 
8 4 0 7 3 

458 1269884434782369055 2 5
1 8 7 3 6 
1 8 3 7 6 

482 1909309878206364334 4 5
6 7 1 5 8 
6 7 1 8 5 
7 6 1 5 8 
7 6 1 8 5 

481 13318080531566759780 2 5
5 8 0 6 7 
8 5 0 6 7 

488 143871076794329895 4 5
5 8 7 3 6 
5 8 3 7 6 
8 5 7 3 6 
8 5 3 7 6 

466 659761187961296128 1 5
4 8 1 7 6 

472 4323769937847979480 2 5
4 8 7 3 6 
8 4 7 3 6 

496 12945076698413370687 1 5
4 8 5 7 6 

465 4976883979189186308 2 5
4 8 0 7 6 
8 4 0 7 6 

63 858938325414816634 1 6
4 0 3 2 5 1 

123 12556487691593553564 1 6
4 5 1 0 3 6 

126 15401308013064180319 1 6
4 3 6 2 5 1 

125 4563225160936645600 1 6
4 2 5 0 3 6 

95 7803860053713389753 1 6
4 2 1 0 6 3 

