490 3554625641990904541 1 6
3 1 5 6 7 8 

498 3554625641990904541 1 6
4 1 5 6 8 7 

486 10765101758531577568 2 6
1 5 6 2 7 8 
1 5 6 2 8 7 

504 9956044197719473304 2 6
5 6 3 4 8 7 
5 6 4 3 7 8 

483 15294555730617195678 2 6
5 6 0 1 7 8 
5 6 0 1 8 7 

500 17852480585277649924 1 6
4 5 6 2 8 7 

497 6184049523988640630 1 6
4 0 5 6 8 7 

492 17852480585277649924 1 6
3 5 6 2 7 8 

489 6184049523988640630 1 6
3 0 5 6 7 8 

485 9094575885153888449 2 6
0 5 6 2 7 8 
0 5 6 2 8 7 

474 4716246587805141293 2 6
6 7 8 4 3 1 
6 8 7 3 4 1 

470 13142311590048548393 1 6
6 4 1 2 8 7 

467 5785544636496476899 2 6
6 8 7 4 0 1 
6 8 7 4 1 0 

476 186292643791967561 2 6
6 3 4 2 8 7 
6 4 3 2 7 8 

462 13142311590048548393 1 6
6 3 1 2 7 8 

459 5785544636496476899 2 6
6 7 8 3 1 0 
6 7 8 3 0 1 

455 13208466857957480849 2 6
6 0 1 2 7 8 
6 0 1 2 8 7 

473 4716246587805141293 2 6
6 7 8 4 3 0 
6 8 7 3 4 0 

442 10959216453834946080 2 6
5 7 8 4 3 1 
5 8 7 3 4 1 

469 2916613909608171314 1 6
6 4 0 2 8 7 

461 2916613909608171314 1 6
6 3 0 2 7 8 

438 7405254365001363646 1 6
5 4 1 2 8 7 

435 17595563821127352530 1 6
5 8 7 4 0 1 

430 7405254365001363646 1 6
5 3 1 2 7 8 

444 11289742321978543663 2 6
5 3 4 2 8 7 
5 4 3 2 7 8 

441 7880591647078963271 2 6
5 7 8 4 3 0 
5 8 7 3 4 0 

423 12693116842920622425 2 6
5 0 1 2 7 8 
5 0 1 2 8 7 

427 17595563821127352530 1 6
5 7 8 3 0 1 

437 14464426645971769976 1 6
5 4 0 2 8 7 

414 8132296289130230005 4 6
2 7 8 4 3 1 
2 7 8 3 4 1 
2 8 7 4 3 1 
2 8 7 3 4 1 

411 13243941631596502830 8 6
7 8 3 4 0 1 
7 8 3 4 1 0 
7 8 4 3 0 1 
7 8 4 3 1 0 
8 7 3 4 1 0 
8 7 3 4 0 1 
8 7 4 3 1 0 
8 7 4 3 0 1 

429 14464426645971769976 1 6
5 3 0 2 7 8 

407 229610303307296540 4 6
2 7 8 4 1 0 
2 7 8 4 0 1 
2 8 7 4 0 1 
2 8 7 4 1 0 

413 8132296289130230005 4 6
2 7 8 4 3 0 
2 7 8 3 4 0 
2 8 7 4 3 0 
2 8 7 3 4 0 

399 229610303307296540 4 6
2 7 8 3 1 0 
2 7 8 3 0 1 
2 8 7 3 0 1 
2 8 7 3 1 0 

378 4968255297549864714 1 6
8 5 6 4 3 1 

374 8314295010570997826 1 6
4 1 2 8 5 6 

371 2032834022306373890 1 6
8 5 6 4 0 1 

366 1592816360903501379 1 6
2 8 3 1 5 6 

363 9430735002331160940 1 6
8 5 6 3 0 1 

380 13068118046783101802 1 6
2 8 5 6 4 3 

359 16137928127667547197 1 6
2 8 5 6 0 1 

373 16474565648896154316 2 6
2 8 4 0 5 6 
4 0 2 8 5 6 

377 12533819794909008467 1 6
8 5 6 4 3 0 

365 4941449334212789118 1 6
2 8 3 0 5 6 

347 7094379941623942379 4 6
6 8 4 3 0 1 
6 8 4 3 1 0 
8 6 4 3 1 0 
8 6 4 3 0 1 

350 5464271561882034624 1 6
6 2 8 4 3 1 

343 2801256009073726963 1 6
6 2 8 4 0 1 

335 4257496277473912744 1 6
6 2 8 3 0 1 

318 15694524922344074318 1 6
5 2 8 4 3 1 

349 11656114196577348751 1 6
6 2 8 4 3 0 

311 17686055446150339608 1 6
5 2 8 4 0 1 

315 1045127600091222183 1 6
5 8 4 3 0 1 

303 15193388535255152951 1 6
5 2 8 3 0 1 

317 7368151470539041106 1 6
5 2 8 4 3 0 

287 4691973771045314377 4 6
2 8 3 4 0 1 
2 8 3 4 1 0 
2 8 4 3 0 1 
2 8 4 3 1 0 

250 4968255297549864714 1 6
7 5 6 3 4 1 

246 1592816360903501379 1 6
2 7 4 1 5 6 

243 9430735002331160940 1 6
7 5 6 4 0 1 

238 8314295010570997826 1 6
3 1 2 7 5 6 

235 2032834022306373890 1 6
7 5 6 3 0 1 

252 13068118046783101802 1 6
2 7 5 6 3 4 

231 16137928127667547197 1 6
2 7 5 6 0 1 

237 16474565648896154316 2 6
2 7 3 0 5 6 
3 0 2 7 5 6 

249 12533819794909008467 1 6
7 5 6 3 4 0 

245 4941449334212789118 1 6
2 7 4 0 5 6 

219 7094379941623942379 4 6
6 7 3 4 0 1 
6 7 3 4 1 0 
7 6 3 4 1 0 
7 6 3 4 0 1 

222 5464271561882034624 1 6
6 2 7 3 4 1 

207 2801256009073726963 1 6
6 2 7 3 0 1 

215 4257496277473912744 1 6
6 2 7 4 0 1 

221 11656114196577348751 1 6
6 2 7 3 4 0 

190 15694524922344074318 1 6
5 2 7 3 4 1 

183 15193388535255152951 1 6
5 2 7 4 0 1 

187 1045127600091222183 1 6
5 7 3 4 0 1 

189 7368151470539041106 1 6
5 2 7 3 4 0 

175 17686055446150339608 1 6
5 2 7 3 0 1 

126 14561513230986921992 2 6
2 5 6 4 3 1 
2 5 6 3 4 1 

159 4691973771045314377 4 6
2 7 3 4 0 1 
2 7 3 4 1 0 
2 7 4 3 0 1 
2 7 4 3 1 0 

119 8728280157300944257 1 6
2 5 6 4 0 1 

123 14867972510264080553 4 6
5 6 3 4 0 1 
5 6 3 4 1 0 
5 6 4 3 0 1 
5 6 4 3 1 0 

63 6093392353013245269 4 6
2 5 3 4 1 0 
2 5 4 3 1 0 
5 2 3 4 1 0 
5 2 4 3 1 0 

125 5761607461165081440 2 6
2 5 6 4 3 0 
2 5 6 3 4 0 

111 8728280157300944257 1 6
2 5 6 3 0 1 

95 10858559234626333467 2 6
2 6 3 4 0 1 
2 6 4 3 0 1 

482 967609743256294479 2 5
1 5 6 7 8 
1 5 6 8 7 

496 13419747555118098859 1 5
4 5 6 8 7 

488 13419747555118098859 1 5
3 5 6 7 8 

481 7124857922874327459 2 5
0 5 6 7 8 
0 5 6 8 7 

484 12671376597842841005 2 5
5 6 2 7 8 
5 6 2 8 7 

466 16737830334375412897 1 5
6 4 1 8 7 

451 3568425661543394168 4 5
6 1 0 7 8 
6 1 0 8 7 
6 0 1 7 8 
6 0 1 8 7 

458 16737830334375412897 1 5
6 3 1 7 8 

454 849797404349087801 4 5
1 6 2 7 8 
1 6 2 8 7 
6 1 2 7 8 
6 1 2 8 7 

472 2540194480647995558 2 5
6 4 3 7 8 
6 3 4 8 7 

468 8598414665655027762 1 5
4 6 2 8 7 

465 16737830334375412897 1 5
6 4 0 8 7 

460 8598414665655027762 1 5
3 6 2 7 8 

453 606285137572529816 4 5
0 6 2 7 8 
0 6 2 8 7 
6 0 2 7 8 
6 0 2 8 7 

434 5234057345307230079 1 5
5 4 1 8 7 

457 16737830334375412897 1 5
6 3 0 7 8 

426 5234057345307230079 1 5
5 3 1 7 8 

440 13246665977522149970 2 5
5 4 3 7 8 
5 3 4 8 7 

419 9609134882819137457 2 5
5 0 1 7 8 
5 0 1 8 7 

422 8259646680289760488 2 5
5 1 2 7 8 
5 1 2 8 7 

436 18122282496688370219 2 5
4 5 2 8 7 
5 4 2 8 7 

433 14845521542759317479 1 5
5 4 0 8 7 

428 18122282496688370219 2 5
3 5 2 7 8 
5 3 2 7 8 

425 14845521542759317479 1 5
5 3 0 7 8 

421 9160812880524710972 2 5
5 0 2 7 8 
5 0 2 8 7 

410 8229854702790897803 4 5
7 8 4 3 1 
7 8 3 4 1 
8 7 4 3 1 
8 7 3 4 1 

406 6275489921679089238 2 5
4 1 2 7 8 
4 1 2 8 7 

403 2739681941799785103 4 5
7 8 4 0 1 
7 8 4 1 0 
8 7 4 1 0 
8 7 4 0 1 

398 6275489921679089238 2 5
3 1 2 7 8 
3 1 2 8 7 

278 15406660600063173003 2 4
2 8 4 1 
4 1 2 8 

21 11149028268085365730 1 3
2 4 0 

270 15406660600063173003 2 4
2 8 3 1 
3 1 2 8 

13 11149028268085365730 1 3
2 3 0 

263 15030547681265595241 2 4
2 8 0 1 
2 8 1 0 

225 8483622232732914947 2 4
0 7 5 6 
7 0 5 6 

210 11699471195932271526 2 4
6 7 4 1 
7 6 4 1 

202 7280204158998552156 2 4
6 7 3 1 
7 6 3 1 

216 3855116606370171433 2 4
6 7 3 4 
7 6 3 4 

135 15030547681265595241 2 4
2 7 0 1 
2 7 1 0 

392 13366814545066617902 2 3
3 7 8 
3 8 7 

102 1460861365064218190 1 4
2 1 5 6 

116 13482312166786051139 2 4
2 4 5 6 
4 2 5 6 

106 5373860658120540068 1 4
5 6 3 1 

114 5373860658120540068 1 4
5 6 4 1 

226 4416077531919838335 2 4
1 7 5 6 
7 1 5 6 

99 17753229109672601987 2 4
5 6 0 1 
5 6 1 0 

356 5373860658120540068 1 4
5 6 2 8 

120 3080512231235116810 2 4
5 6 3 4 
5 6 4 3 

108 13482312166786051139 2 4
2 3 5 6 
3 2 5 6 

240 12029625934560945872 1 4
4 7 5 6 

113 5373860658120540068 1 4
5 6 4 0 

370 1209380303678623036 1 5
8 4 1 5 6 

228 5373860658120540068 1 4
5 6 2 7 

101 3407052874047130810 1 4
2 0 5 6 

358 13521009107723832627 1 5
1 5 6 2 8 

232 3407052874047130810 1 4
3 7 5 6 

105 5373860658120540068 1 4
5 6 3 0 

362 7699165727598621247 1 5
8 5 6 3 1 

86 12152577045520422986 1 4
2 6 4 1 

78 12152577045520422986 1 4
2 6 3 1 

92 8599884524454295065 2 4
2 6 4 3 
2 6 3 4 

198 311993389089937251 2 4
1 6 2 7 
6 1 2 7 

71 16339812223176129473 1 4
2 6 0 1 

328 3854895435528399829 2 3
3 6 8 
3 8 6 

212 6333077869789004859 1 4
4 6 2 7 

85 5069303078012082896 1 4
2 6 4 0 

342 8202407297492161261 1 5
6 4 1 2 8 

204 5069303078012082896 1 4
3 6 2 7 

77 5069303078012082896 1 4
2 6 3 0 

334 12811401127693062527 1 5
6 2 8 3 1 

308 10880432878561687756 2 4
4 5 2 8 
5 4 2 8 

51 17465662671288161290 2 4
5 4 1 0 
5 4 0 1 

54 3350840979172127825 2 4
2 5 4 1 
5 2 4 1 

312 16654306668473350014 1 4
5 8 4 3 

55 12514887252950008870 2 5
2 5 4 1 0 
5 2 4 1 0 

58 11990823882079085441 2 4
5 3 4 1 
5 4 3 1 

60 2445175737654497631 4 4
2 5 4 3 
2 5 3 4 
5 2 4 3 
5 2 3 4 

300 8948165776644765121 2 4
3 5 2 8 
5 3 2 8 

43 17465662671288161290 2 4
5 3 1 0 
5 3 0 1 

46 3350840979172127825 2 4
2 5 3 1 
5 2 3 1 

305 1988476479463015152 1 4
5 8 4 0 

48 17087753756477223945 2 2
4 5 
5 4 

178 10678243750605623333 1 4
5 7 4 1 

293 1988476479463015152 1 4
5 0 2 8 

36 17087753756477223945 2 2
2 5 
5 2 

166 12159194040976764615 1 4
5 1 2 7 

39 13003072639446942615 2 4
2 5 1 0 
5 2 1 0 

296 17034127061060784930 2 3
3 5 8 
5 3 8 

297 4371207259318435742 1 4
5 8 3 0 

40 17087753756477223945 2 2
3 5 
5 3 

170 14505538550821850107 1 4
5 7 3 1 

180 8948165776644765121 2 4
4 5 2 7 
5 4 2 7 

53 10880432878561687756 2 4
2 5 4 0 
5 2 4 0 

310 14556229065056051670 1 5
5 2 8 4 1 

284 11962963340393468856 2 4
2 8 4 3 
2 8 3 4 

30 11990823882079085441 2 4
2 3 4 1 
2 4 3 1 

104 12858325137428765181 1 3
3 5 6 

361 11290086292063011099 1 5
8 5 6 3 0 

172 10880432878561687756 2 4
3 5 2 7 
5 3 2 7 

45 10880432878561687756 2 4
2 5 3 0 
5 2 3 0 

302 1956492784028963872 1 5
5 2 8 3 1 

84 17662388742419376403 2 3
2 4 6 
4 2 6 

341 1690509611913852858 2 5
6 2 8 4 0 
6 4 0 2 8 

76 17662388742419376403 2 3
2 3 6 
3 2 6 

333 7158758797418064093 1 5
6 2 8 3 0 

52 10464402029777390164 6 3
2 4 5 
2 5 4 
4 2 5 
4 5 2 
5 4 2 
5 2 4 

309 11249550081964164991 2 5
5 2 8 4 0 
5 4 0 2 8 

44 10464402029777390164 6 3
2 3 5 
2 5 3 
3 2 5 
3 5 2 
5 3 2 
5 2 3 

301 10048709735413649430 1 5
5 2 8 3 0 

56 260049142612031377 2 3
5 4 3 
5 3 4 

313 2603477409751881175 1 5
5 8 4 3 0 

165 1988476479463015152 1 4
5 0 2 7 

38 3519693191574693728 2 3
2 5 1 
5 2 1 

295 14427264436126542681 1 5
5 2 8 0 1 

292 11149028268085365730 1 3
5 2 8 

35 9856009855437824259 2 3
5 1 0 
5 0 1 

69 12254329342543767602 2 3
2 0 6 
2 6 0 

326 311993389089937251 2 4
1 6 2 8 
6 1 2 8 

149 15406660600063173003 2 4
2 7 4 0 
4 0 2 7 

22 11149028268085365730 1 3
2 4 1 

279 13257071953971646862 2 5
2 8 4 0 1 
2 8 4 1 0 

276 11149028268085365730 1 3
4 2 8 

7 9856009855437824259 2 3
2 1 0 
2 0 1 

20 17087753756477223945 2 2
2 4 
4 2 

277 15406660600063173003 2 4
2 8 4 0 
4 0 2 8 

148 11149028268085365730 1 3
4 2 7 

405 6275489921679089238 2 5
4 0 2 7 8 
4 0 2 8 7 

100 12858325137428765181 1 3
2 5 6 

357 10586545431142571195 1 5
0 2 8 5 6 

168 9792737628942422839 2 3
3 5 7 
5 3 7 

41 11149028268085365730 1 3
5 3 0 

298 10678243750605623333 1 4
5 8 3 1 

209 11699471195932271526 2 4
6 7 4 0 
7 6 4 0 

336 12254329342543767602 2 3
4 6 8 
4 8 6 

79 11077592059109779213 1 5
2 6 3 0 1 

140 11149028268085365730 1 3
3 2 7 

397 6275489921679089238 2 5
3 0 2 7 8 
3 0 2 8 7 

28 260049142612031377 2 3
2 3 4 
2 4 3 

285 4829484002395752990 2 5
2 8 3 4 0 
2 8 4 3 0 

197 7280204158998552156 2 4
0 6 2 7 
6 0 2 7 

70 16258839135554755291 2 3
2 1 6 
2 6 1 

327 9095683934918099789 1 5
6 2 8 0 1 

12 17087753756477223945 2 2
2 3 
3 2 

269 15406660600063173003 2 4
2 8 3 0 
3 0 2 8 

112 12858325137428765181 1 3
4 5 6 

369 10586545431142571195 1 5
8 4 0 5 6 

161 16258839135554755291 2 3
5 0 7 
5 7 0 

418 352515996741112502 2 4
5 1 7 8 
5 1 8 7 

291 2969595286833018105 1 4
5 8 0 1 

37 9792737628942422839 2 3
2 5 0 
5 2 0 

294 12159194040976764615 1 4
5 1 2 8 

164 11149028268085365730 1 3
5 2 7 

400 13366814545066617902 2 3
4 7 8 
4 8 7 

143 13257071953971646862 2 5
2 7 3 0 1 
2 7 3 1 0 

49 11149028268085365730 1 3
5 4 0 

306 14505538550821850107 1 4
5 8 4 1 

176 17034127061060784930 2 3
4 5 7 
5 4 7 

193 6906529405458791006 6 3
0 6 7 
0 7 6 
6 0 7 
6 7 0 
7 6 0 
7 0 6 

450 2050920895343327577 4 4
1 6 7 8 
1 6 8 7 
6 1 7 8 
6 1 8 7 

200 12254329342543767602 2 3
3 6 7 
3 7 6 

150 15406660600063173003 2 4
2 7 4 1 
4 1 2 7 

23 17465662671288161290 2 4
2 4 0 1 
2 4 1 0 

208 3854895435528399829 2 3
4 6 7 
4 7 6 

141 15406660600063173003 2 4
2 7 3 0 
3 0 2 7 

14 11149028268085365730 1 3
2 3 1 

271 13257071953971646862 2 5
2 8 3 0 1 
2 8 3 1 0 

268 11149028268085365730 1 3
3 2 8 

163 2969595286833018105 1 4
5 7 0 1 

420 9890512650732357778 2 4
5 2 7 8 
5 2 8 7 

290 10706753935364593016 2 3
5 1 8 
5 8 1 

169 1988476479463015152 1 4
5 7 3 0 

42 11149028268085365730 1 3
5 3 1 

299 14808650562516471282 1 5
5 8 3 0 1 

177 4371207259318435742 1 4
5 7 4 0 

50 11149028268085365730 1 3
5 4 1 

307 6619736403406056506 1 5
5 8 4 0 1 

304 9792737628942422839 2 3
4 5 8 
5 4 8 

47 12514887252950008870 2 5
2 5 3 1 0 
5 2 3 1 0 

194 6906529405458791006 6 3
1 6 7 
1 7 6 
6 1 7 
6 7 1 
7 6 1 
7 1 6 

321 6906529405458791006 6 3
0 6 8 
0 8 6 
6 0 8 
6 8 0 
8 6 0 
8 0 6 

201 7280204158998552156 2 4
6 7 3 0 
7 6 3 0 

195 17727869722022097672 4 4
6 7 0 1 
6 7 1 0 
7 6 1 0 
7 6 0 1 

322 6906529405458791006 6 3
1 6 8 
1 8 6 
6 1 8 
6 8 1 
8 6 1 
8 1 6 

162 10706753935364593016 2 3
5 1 7 
5 7 1 

289 16258839135554755291 2 3
5 0 8 
5 8 0 

416 13366814545066617902 2 3
5 7 8 
5 8 7 

142 15406660600063173003 2 4
2 7 3 1 
3 1 2 7 

15 17465662671288161290 2 4
2 3 0 1 
2 3 1 0 

156 11962963340393468856 2 4
2 7 4 3 
2 7 3 4 

29 11990823882079085441 2 4
2 3 4 0 
2 4 3 0 

286 4829484002395752990 2 5
2 8 3 4 1 
2 8 4 3 1 

184 16654306668473350014 1 4
5 7 3 4 

57 11990823882079085441 2 4
5 3 4 0 
5 4 3 0 

314 13302104910189367149 1 5
5 8 4 3 1 

325 7280204158998552156 2 4
0 6 2 8 
6 0 2 8 

332 6333077869789004859 1 4
3 6 2 8 

329 11699471195932271526 2 4
6 8 3 0 
8 6 3 0 

340 5069303078012082896 1 4
4 6 2 8 

337 7280204158998552156 2 4
6 8 4 0 
8 6 4 0 

344 3855116606370171433 2 4
6 8 4 3 
8 6 4 3 

87 11077592059109779213 1 5
2 6 4 0 1 

330 11699471195932271526 2 4
6 8 3 1 
8 6 3 1 

323 17727869722022097672 4 4
6 8 0 1 
6 8 1 0 
8 6 1 0 
8 6 0 1 

338 7280204158998552156 2 4
6 8 4 1 
8 6 4 1 

360 12029625934560945872 1 4
3 8 5 6 

103 1095283654243750707 1 5
2 5 6 0 1 

353 8483622232732914947 2 4
0 8 5 6 
8 0 5 6 

368 3407052874047130810 1 4
4 8 5 6 

393 17273543508590570368 2 4
3 0 7 8 
3 0 8 7 

354 4416077531919838335 2 4
1 8 5 6 
8 1 5 6 

396 9890512650732357778 2 4
3 2 7 8 
3 2 8 7 

401 17273543508590570368 2 4
4 0 7 8 
4 0 8 7 

404 9890512650732357778 2 4
4 2 7 8 
4 2 8 7 

394 17273543508590570368 2 4
3 1 7 8 
3 1 8 7 

387 4937754985951721031 4 4
0 1 7 8 
0 1 8 7 
1 0 7 8 
1 0 8 7 

402 17273543508590570368 2 4
4 1 7 8 
4 1 8 7 

408 14281784742527751276 4 4
3 4 7 8 
3 4 8 7 
4 3 7 8 
4 3 8 7 

151 13257071953971646862 2 5
2 7 4 0 1 
2 7 4 1 0 

417 2693379576123972777 2 4
5 0 7 8 
5 0 8 7 

424 2143732557265139838 2 4
3 5 7 8 
5 3 7 8 

167 14427264436126542681 1 5
5 2 7 0 1 

432 2143732557265139838 2 4
4 5 8 7 
5 4 8 7 

449 2050920895343327577 4 4
0 6 7 8 
0 6 8 7 
6 0 7 8 
6 0 8 7 

456 9472055112188585408 1 4
3 6 7 8 

199 9095683934918099789 1 5
6 2 7 0 1 

464 9472055112188585408 1 4
4 6 8 7 

480 2551299507924137720 2 4
5 6 7 8 
5 6 8 7 

31 7989936680243281120 4 5
2 3 4 1 0 
2 3 4 0 1 
2 4 3 0 1 
2 4 3 1 0 

59 7989936680243281120 4 5
5 3 4 1 0 
5 3 4 0 1 
5 4 3 1 0 
5 4 3 0 1 

316 1916106744461055601 1 5
5 2 8 4 3 

61 17359738459793481148 4 5
2 5 3 4 0 
2 5 4 3 0 
5 2 3 4 0 
5 2 4 3 0 

93 10892879507596752940 2 5
2 6 3 4 0 
2 6 4 3 0 

94 10987309989154754278 2 5
2 6 3 4 1 
2 6 4 3 1 

62 8035105586566128768 4 5
2 5 3 4 1 
2 5 4 3 1 
5 2 3 4 1 
5 2 4 3 1 

109 3664511182769896785 1 5
2 3 0 5 6 

117 3664511182769896785 1 5
2 4 0 5 6 

121 5607331447955287779 2 5
5 6 4 3 0 
5 6 3 4 0 

107 5748969494899744543 2 5
5 6 3 0 1 
5 6 3 1 0 

364 12729040507105638627 1 5
3 2 8 5 6 

124 10800292375007858751 2 5
2 5 6 3 4 
2 5 6 4 3 

115 5748969494899744543 2 5
5 6 4 0 1 
5 6 4 1 0 

372 3664511182769896785 1 5
4 2 8 5 6 

110 7707485000959051665 1 5
2 3 1 5 6 

122 5607331447955287779 2 5
5 6 4 3 1 
5 6 3 4 1 

118 7707485000959051665 1 5
2 4 1 5 6 

157 4829484002395752990 2 5
2 7 3 4 0 
2 7 4 3 0 

158 4829484002395752990 2 5
2 7 3 4 1 
2 7 4 3 1 

181 10048709735413649430 1 5
5 2 7 4 0 

173 11249550081964164991 2 5
5 2 7 3 0 
5 3 0 2 7 

185 2603477409751881175 1 5
5 7 3 4 0 

188 1916106744461055601 1 5
5 2 7 3 4 

171 6619736403406056506 1 5
5 7 3 0 1 

174 14556229065056051670 1 5
5 2 7 3 1 

179 14808650562516471282 1 5
5 7 4 0 1 

186 13302104910189367149 1 5
5 7 3 4 1 

182 1956492784028963872 1 5
5 2 7 4 1 

205 1690509611913852858 2 5
6 2 7 3 0 
6 3 0 2 7 

213 7158758797418064093 1 5
6 2 7 4 0 

217 5062206546530226047 2 5
6 7 3 4 0 
7 6 3 4 0 

220 8683537006530209099 1 5
6 2 7 3 4 

206 8202407297492161261 1 5
6 3 1 2 7 

203 5497854916877587050 4 5
6 7 3 0 1 
6 7 3 1 0 
7 6 3 1 0 
7 6 3 0 1 

214 12811401127693062527 1 5
6 2 7 4 1 

211 4161407531158327716 4 5
6 7 4 0 1 
6 7 4 1 0 
7 6 4 1 0 
7 6 4 0 1 

218 5062206546530226047 2 5
6 7 3 4 1 
7 6 3 4 1 

229 10586545431142571195 1 5
0 2 7 5 6 

233 10586545431142571195 1 5
7 3 0 5 6 

236 3664511182769896785 1 5
3 2 7 5 6 

241 11290086292063011099 1 5
7 5 6 4 0 

244 12729040507105638627 1 5
4 2 7 5 6 

227 4652563483651893616 1 5
7 5 6 0 1 

248 17837758351355834498 1 5
7 5 6 3 4 

230 13521009107723832627 1 5
1 5 6 2 7 

234 1209380303678623036 1 5
7 3 1 5 6 

242 7699165727598621247 1 5
7 5 6 4 1 

345 5062206546530226047 2 5
6 8 4 3 0 
8 6 4 3 0 

348 8683537006530209099 1 5
6 2 8 4 3 

331 4161407531158327716 4 5
6 8 3 0 1 
6 8 3 1 0 
8 6 3 1 0 
8 6 3 0 1 

339 5497854916877587050 4 5
6 8 4 0 1 
6 8 4 1 0 
8 6 4 1 0 
8 6 4 0 1 

346 5062206546530226047 2 5
6 8 4 3 1 
8 6 4 3 1 

376 17837758351355834498 1 5
8 5 6 4 3 

355 4652563483651893616 1 5
8 5 6 0 1 

409 8229854702790897803 4 5
7 8 4 3 0 
7 8 3 4 0 
8 7 4 3 0 
8 7 3 4 0 

391 10142116883722639025 4 5
0 1 2 7 8 
0 1 2 8 7 
1 0 2 7 8 
1 0 2 8 7 

395 2739681941799785103 4 5
7 8 3 0 1 
7 8 3 1 0 
8 7 3 1 0 
8 7 3 0 1 

412 15348477826773002354 4 5
3 4 2 7 8 
3 4 2 8 7 
4 3 2 7 8 
4 3 2 8 7 

