bhabha2lp[0,0,0,-1,0,1,0,0,0]*(-a5)
bhabha2lp[0,1,0,-1,0,0,0,0,0]*(-a1)
bhabha2lp[0,0,0,0,-1,1,0,0,0]*(a5)
bhabha2lp[0,0,0,0,0,0,0,0,1]*(-16*a8)
bhabha2lp[0,1,0,0,-1,0,0,0,0]*(a1)
bhabha2lp[0,0,0,0,0,0,0,-1,1]*(2*a8)
bhabha2lp[-1,0,0,1,0,0,0,0,0]*(8*a3)
bhabha2lp[0,0,0,0,0,0,0,0,0]*(6*a8-6*a3-6*a7+6*a4)
bhabha2lp[0,0,0,-1,1,0,0,0,0]*(2*a4)
bhabha2lp[0,0,-1,0,0,0,0,0,1]*(-8*a8)
bhabha2lp[0,0,0,1,-1,0,0,0,0]*(-2*a3)
bhabha2lp[0,0,0,0,0,0,0,1,-1]*(-2*a7)
bhabha2lp[-1,0,0,0,1,0,0,0,0]*(-8*a4)
bhabha2lp[0,0,-1,0,0,0,0,1,0]*(8*a7)
bhabha2lp[0,0,0,0,0,1,0,-1,0]*(a5)
bhabha2lp[0,0,0,0,0,0,0,1,0]*(16*a7)
bhabha2lp[0,0,0,0,0,1,0,0,-1]*(-a5)

bhabha2lp[-1,1,0,0,0,0,0,0,0]*(-a1)
bhabha2lp[0,1,0,-1,0,0,0,0,0]*(2*a1)
bhabha2lp[0,1,0,0,0,0,0,0,0]*(-a1)
bhabha2lp[0,0,0,0,0,0,0,0,0]*(-a5+a3+a7-a1)
bhabha2lp[0,0,0,0,0,1,0,-1,0]*(-2*a5)
bhabha2lp[-1,0,0,1,0,0,0,0,0]*(-3*a3)
bhabha2lp[0,0,-1,0,0,1,0,0,0]*(2*a5)
bhabha2lp[0,0,0,1,0,0,0,0,0]*(2*a3)
bhabha2lp[0,-1,0,1,0,0,0,0,0]*(2*a3)
bhabha2lp[-1,0,0,0,0,1,0,0,0]*(-2*a5)
bhabha2lp[0,0,0,0,0,0,0,-1,1]*(a8)
bhabha2lp[0,0,0,0,0,0,-1,0,1]*(-6*a8)
bhabha2lp[0,0,0,0,0,1,-1,0,0]*(a5)
bhabha2lp[0,0,0,-1,0,1,0,0,0]*(2*a5)
bhabha2lp[0,0,0,0,0,-1,0,0,1]*(6*a8)
bhabha2lp[0,0,0,0,0,1,0,0,0]*(2*a5)
bhabha2lp[0,0,-1,0,0,0,0,0,1]*(-a8)
bhabha2lp[0,0,0,0,1,0,0,0,0]*(-6*a4)
bhabha2lp[0,0,0,0,0,0,0,0,1]*(4*a8)
bhabha2lp[0,0,0,-1,1,0,0,0,0]*(a4)
bhabha2lp[-1,0,0,0,0,0,0,0,1]*(6*a8)
bhabha2lp[-1,0,0,0,1,0,0,0,0]*(5*a4)
bhabha2lp[0,-1,0,0,1,0,0,0,0]*(-6*a4)
bhabha2lp[0,0,-1,0,0,0,0,1,0]*(-a7)
bhabha2lp[0,-1,0,0,0,0,0,0,1]*(-6*a8)
bhabha2lp[-1,0,0,0,0,0,0,1,0]*(-2*a7)
bhabha2lp[0,-1,0,0,0,0,0,1,0]*(2*a7)
bhabha2lp[0,0,0,0,0,0,0,1,0]*(-4*a7)
bhabha2lp[0,0,0,0,0,-1,0,1,0]*(-2*a7)
bhabha2lp[0,0,0,0,0,0,-1,1,0]*(2*a7)

bhabha2lp[-1,1,0,0,0,0,0,0,0]*(a1)
bhabha2lp[0,1,0,0,-1,0,0,0,0]*(-a1)
bhabha2lp[0,1,0,0,0,0,0,0,0]*(a1)
bhabha2lp[0,0,0,0,0,0,0,0,0]*(5*a8+a5-6*a3-6*a7+5*a4+a1)
bhabha2lp[0,1,0,-1,0,0,0,0,0]*(-a1)
bhabha2lp[-1,0,0,1,0,0,0,0,0]*(3*a3)
bhabha2lp[0,0,0,1,-1,0,0,0,0]*(-3*a3)
bhabha2lp[0,0,0,1,0,0,0,0,0]*(6*a3)
bhabha2lp[0,-1,0,1,0,0,0,0,0]*(6*a3)
bhabha2lp[0,0,0,-1,0,1,0,0,0]*(-a5)
bhabha2lp[-1,0,0,0,0,1,0,0,0]*(2*a5)
bhabha2lp[0,0,0,0,-1,1,0,0,0]*(-a5)
bhabha2lp[0,0,-1,0,0,1,0,0,0]*(-2*a5)
bhabha2lp[0,0,0,0,0,1,0,0,0]*(-2*a5)
bhabha2lp[0,0,0,0,0,1,0,0,-1]*(a5)
bhabha2lp[0,0,0,0,0,-1,0,0,1]*(2*a8)
bhabha2lp[0,0,0,0,0,1,-1,0,0]*(-a5)
bhabha2lp[0,0,0,0,0,0,0,0,1]*(-12*a8)
bhabha2lp[0,0,0,0,0,0,0,-1,1]*(2*a8)
bhabha2lp[0,0,0,0,0,0,-1,0,1]*(-2*a8)
bhabha2lp[-1,0,0,0,0,0,0,0,1]*(2*a8)
bhabha2lp[0,0,0,0,0,1,0,-1,0]*(a5)
bhabha2lp[0,0,-1,0,0,0,0,0,1]*(-7*a8)
bhabha2lp[0,0,-1,0,0,0,0,1,0]*(9*a7)
bhabha2lp[0,0,0,0,0,0,0,1,-1]*(-3*a7)
bhabha2lp[0,0,0,0,0,0,0,1,0]*(12*a7)
bhabha2lp[-1,0,0,0,0,0,0,1,0]*(-6*a7)
bhabha2lp[0,-1,0,0,0,0,0,1,0]*(6*a7)
bhabha2lp[0,0,0,-1,1,0,0,0,0]*(2*a4)
bhabha2lp[0,0,0,0,0,-1,0,1,0]*(-6*a7)
bhabha2lp[0,0,0,0,0,0,-1,1,0]*(6*a7)
bhabha2lp[0,0,0,0,1,0,0,0,0]*(-2*a4)
bhabha2lp[0,-1,0,0,1,0,0,0,0]*(-2*a4)
bhabha2lp[-1,0,0,0,1,0,0,0,0]*(-5*a4)
bhabha2lp[0,-1,0,0,0,0,0,0,1]*(-2*a8)

