469 785933624739364691 1 6
4 2 8 0 7 6 

500 3281547630470408239 1 6
4 7 6 2 8 5 

470 18046711759860018412 1 6
4 7 6 2 8 1 

476 73018858808055772 1 6
4 2 8 7 3 6 

497 12977551130246371506 1 6
4 8 5 0 7 6 

473 15126274953954733121 2 6
4 8 0 7 6 3 
8 4 0 7 6 3 

467 9964447362104010970 1 6
4 8 1 0 7 6 

504 18149861683215583870 2 6
4 5 8 7 3 6 
4 8 5 3 7 6 

474 8857986211496651834 1 6
4 8 1 7 3 6 

498 1457639728680025761 1 6
4 7 6 8 1 5 

485 1844279611615614675 1 6
0 7 6 2 5 8 

461 9094640880678308586 1 6
2 8 0 7 6 3 

455 4889189473130458043 1 6
2 1 8 0 7 6 

486 11297675345638265313 2 6
6 7 2 1 5 8 
7 6 2 1 5 8 

492 9753267481226121183 2 6
2 5 8 7 3 6 
2 5 8 3 7 6 

462 3104241898296220325 2 6
2 1 8 7 3 6 
2 1 8 3 7 6 

489 18416757750143476689 2 6
5 8 0 7 6 3 
8 5 0 7 6 3 

490 17203190599255752672 4 6
1 5 8 7 3 6 
1 5 8 3 7 6 
1 8 5 7 3 6 
1 8 5 3 7 6 

483 11022521331972925727 2 6
0 7 6 1 5 8 
0 7 6 1 8 5 

437 11657093155645032796 1 6
4 0 7 2 8 5 

459 11215913046730343976 1 6
1 8 0 7 6 3 

407 3607922709130688771 1 6
4 0 7 2 8 1 

438 9061150437182956697 2 6
4 7 2 8 1 5 
7 4 2 8 1 5 

413 5429548130154424946 1 6
4 2 8 0 7 3 

444 4256170867034288619 1 6
4 3 7 2 8 5 

414 5853841302732304933 1 6
4 7 3 2 8 1 

435 12996955314794340992 1 6
4 0 7 8 1 5 

441 4256170867034288619 1 6
4 8 5 0 3 7 

411 13096407007002564900 1 6
4 8 1 0 7 3 

442 962254076882589203 2 6
4 3 7 8 5 1 
4 7 3 5 8 1 

429 9664659580043954769 2 6
0 7 3 2 5 8 
2 5 8 0 7 3 

423 13908838054952942327 1 6
0 7 2 1 5 8 

430 5335847943493245815 2 6
3 7 2 1 5 8 
7 3 2 1 5 8 

399 5683514185151635856 1 6
2 1 8 0 7 3 

427 1577935848450061371 2 6
0 7 3 1 5 8 
0 7 3 1 8 5 

373 4985980885268847073 1 6
4 0 6 2 5 8 

349 3598392398185466599 1 6
4 2 8 0 3 6 

343 4426676999512010692 1 6
4 0 6 2 1 8 

380 5077991787233039273 1 6
4 3 6 2 5 8 

374 3247242826997617611 2 6
4 6 2 1 5 8 
6 4 2 1 5 8 

350 1491468876667922640 1 6
4 3 6 2 1 8 

377 12050199523898248970 1 6
4 5 8 0 3 6 

371 13119319189382304481 1 6
4 0 6 1 8 5 

347 5308247480748730735 1 6
4 1 8 0 3 6 

378 1457639728680025761 1 6
4 3 6 5 1 8 

365 11452889645826571396 1 6
2 5 8 0 6 3 

359 9096897651577636985 1 6
0 6 2 1 5 8 

335 16165256706167088839 1 6
2 1 8 0 6 3 

366 11297675345638265313 2 6
3 6 2 1 5 8 
6 3 2 1 5 8 

363 13547515948479027419 2 6
0 6 3 1 5 8 
0 6 3 1 8 5 

317 5429548130154424946 1 6
4 0 3 2 5 8 

311 11584758284552950363 1 6
0 4 2 1 5 8 

318 6950160299871853296 2 6
3 4 2 5 1 8 
4 3 2 5 1 8 

287 15382651894035080373 1 6
4 0 3 2 1 8 

315 16800027660421621152 1 6
4 0 3 5 1 8 

245 4696704029460083187 1 6
4 2 5 0 7 6 

303 17261043034793723741 1 6
0 3 2 1 5 8 

215 6427985905835292310 1 6
4 2 1 0 7 6 

221 17251551046216094911 1 6
2 4 0 7 3 6 

252 10026560303921432221 1 6
4 2 5 3 6 7 

246 13869429176901318401 1 6
4 7 6 2 1 5 

222 79647425195371993 1 6
4 2 1 3 7 6 

249 11916122209575043881 2 6
4 5 0 3 7 6 
5 4 0 3 7 6 

243 12646116370293481239 1 6
4 1 5 0 7 6 

219 1539198355925750258 1 6
1 4 0 7 3 6 

250 8857986211496651834 1 6
4 5 1 3 7 6 

237 2023605352219904434 1 6
2 5 0 7 6 3 

231 11358041473383748927 1 6
2 1 5 0 7 6 

207 13990619050496918554 1 6
2 1 0 7 6 3 

238 10471721686814461336 2 6
2 1 5 3 7 6 
2 1 5 7 3 6 

189 11657093155645032796 1 6
4 2 5 0 3 7 

235 11215913046730343976 1 6
1 5 0 7 6 3 

183 1174011560244846110 1 6
4 0 7 2 1 5 

159 9250855018279768003 1 6
4 2 1 0 7 3 

190 2214968392307868906 1 6
4 3 7 2 5 1 

175 8197280537331485404 1 6
2 1 5 0 7 3 

187 14420950121051432054 1 6
4 5 1 0 3 7 

125 5926202111376795349 1 6
4 2 5 0 3 6 

263 9873142608026435200 1 4
0 2 1 8 

197 8778297980605328996 1 4
2 0 7 6 

454 12512532042347433687 2 5
6 7 2 1 8 
7 6 2 1 8 

195 4222089766110216711 1 4
1 0 7 6 

452 15896268698264125057 2 4
2 8 7 6 
2 8 6 7 

177 3758550860374928371 2 4
4 5 0 7 
5 4 0 7 

434 202164546014951095 2 5
4 7 8 1 5 
7 4 8 1 5 

149 18188994175204141202 1 4
2 4 0 7 

406 8820792210056686819 2 5
4 7 2 8 1 
7 4 2 8 1 

417 3982813991072387447 2 4
0 7 5 8 
0 7 8 5 

163 11260989705761897788 1 4
0 7 1 5 

401 9515771854054113449 2 4
4 8 0 7 
8 4 0 7 

147 14561065232850229947 1 4
1 4 0 7 

404 15804328657059468321 2 4
4 7 2 8 
7 4 2 8 

165 12030119370035199782 2 4
0 7 2 5 
2 5 0 7 

141 8389516611493844045 1 4
2 0 7 3 

398 5101200794538598715 2 5
3 7 2 1 8 
7 3 2 1 8 

389 1361567497545663179 1 4
0 7 2 8 

135 6586949801563493967 1 4
2 1 0 7 

139 10816610238471345473 1 4
1 0 7 3 

396 7150496180077738619 2 4
2 8 7 3 
2 8 3 7 

212 10732681782495955028 1 4
2 4 6 7 

85 8089998097051435931 1 4
2 4 0 6 

342 10248105995465047761 2 5
4 6 2 1 8 
6 4 2 1 8 

240 10601132076907988804 2 4
4 5 7 6 
5 4 7 6 

113 10596920958349277763 2 4
4 5 0 6 
5 4 0 6 

370 6981243507158514998 4 5
4 6 1 5 8 
4 6 1 8 5 
6 4 1 5 8 
6 4 1 8 5 

116 852638576401355306 2 4
4 6 2 5 
6 4 2 5 

92 7044477751449671096 1 4
2 4 3 6 

340 11699471195932271526 2 4
4 6 2 8 
6 4 2 8 

83 1393210542896923832 1 4
1 4 0 6 

86 15835995726289341773 2 4
4 6 2 1 
6 4 2 1 

337 242440319660852541 2 4
4 8 0 6 
8 4 0 6 

210 6478491018694060941 1 4
1 4 7 6 

368 3364750820705448782 4 4
4 6 5 8 
4 6 8 5 
6 4 5 8 
6 4 8 5 

111 4341631916978128094 1 6
2 1 5 0 6 3 

114 4954404154166394402 2 4
4 6 1 5 
6 4 1 5 

312 1677071180347565230 2 4
3 4 5 8 
4 3 5 8 

55 9834314525140237784 1 5
0 4 2 1 5 

58 3404538831293044976 2 4
3 4 5 1 
4 3 5 1 

282 16747473210904696846 2 4
3 4 1 8 
4 3 1 8 

28 12769602731266802952 2 3
2 3 4 
2 4 3 

285 10665237275681059539 2 5
4 2 8 0 3 
4 0 3 2 8 

387 11260989705761897788 1 4
0 7 1 8 

133 1100806113672523033 1 3
2 0 7 

74 8335437956881997194 2 3
1 3 6 
1 6 3 

331 8926027321871964378 1 5
1 8 0 6 3 

269 15406660600063173003 2 4
0 3 2 8 
2 8 0 3 

142 13163607029326092139 2 4
2 1 3 7 
2 1 7 3 

15 14495276729010968208 1 4
2 1 0 3 

131 14731333940204241312 1 3
1 0 7 

332 15896268698264125057 2 4
2 8 6 3 
2 8 3 6 

75 7479748777368383258 1 4
1 0 6 3 

78 10630890812220257511 2 4
2 1 3 6 
2 1 6 3 

112 6906529405458791006 6 3
4 5 6 
4 6 5 
5 4 6 
5 6 4 
6 5 4 
6 4 5 

369 9009127556261700401 1 5
4 0 6 8 5 

180 3758550860374928371 2 4
4 7 2 5 
7 4 2 5 

53 18188994175204141202 1 4
0 4 2 5 

394 2540898276100957437 2 4
1 8 7 3 
1 8 3 7 

267 1666437849499697734 1 4
0 3 1 8 

13 11149028268085365730 1 3
2 0 3 

140 12585292063867719537 2 3
2 3 7 
2 7 3 

397 16476275988343549283 1 5
2 8 0 7 3 

277 12790940207649449064 1 4
0 4 2 8 

150 2276503206083499835 2 4
4 7 2 1 
7 4 2 1 

23 2784760452352989426 1 4
0 4 2 1 

280 754205998099296360 6 3
3 4 8 
3 8 4 
4 3 8 
4 8 3 
8 4 3 
8 3 4 

330 14420931636045211723 2 4
1 8 6 3 
1 8 3 6 

76 7698985776645440831 2 3
2 3 6 
2 6 3 

333 1253856313114366150 1 5
2 8 0 6 3 

194 8335437956881997194 2 3
1 6 7 
1 7 6 

451 13671706004751752783 1 5
1 8 0 7 6 

67 8640375503509760198 1 3
1 0 6 

259 2150741435829383373 1 3
0 1 8 

5 17087753756477223945 2 2
0 2 
2 0 

402 3404538831293044976 2 4
4 7 8 1 
7 4 8 1 

275 4661718070030048229 1 4
0 4 1 8 

21 5851304085804368075 2 3
0 2 4 
2 0 4 

148 10706753935364593016 2 3
2 4 7 
2 7 4 

405 12813607503129867153 1 5
4 0 7 2 8 

284 5017445520378449331 2 4
3 4 2 8 
4 3 2 8 

27 1449367238151428983 1 4
1 4 0 3 

30 5910445636666514722 2 4
3 4 2 1 
4 3 2 1 

3 6749820438703356068 1 2
0 1 

289 12585292063867719537 2 3
0 5 8 
0 8 5 

35 2150741435829383373 1 3
0 1 5 

323 14425648315975057673 1 4
0 6 1 8 

196 7698985776645440831 2 3
2 6 7 
2 7 6 

453 7445691566095667742 1 5
2 8 0 7 6 

69 18318763533345863842 1 3
2 0 6 

138 18174914236395934960 2 3
1 3 7 
1 7 3 

395 11335112802268531265 1 5
1 8 0 7 3 

11 12118398178183663465 1 3
1 0 3 

291 10600252980852207555 2 4
0 1 5 8 
0 1 8 5 

37 1100806113672523033 1 3
0 2 5 

338 4954404154166394402 2 4
4 6 1 8 
6 4 1 8 

84 3854895435528399829 2 3
2 4 6 
2 6 4 

341 11658169575919408720 1 5
4 0 6 2 8 

7 1483704839054650357 1 3
0 2 1 

261 11149028268085365730 1 3
0 2 8 

56 2728381371886174304 6 3
3 4 5 
3 5 4 
4 3 5 
4 5 3 
5 4 3 
5 3 4 

313 10711925097737042252 1 5
4 0 3 5 8 

176 754205998099296360 6 3
4 5 7 
4 7 5 
5 4 7 
5 7 4 
7 5 4 
7 4 5 

433 4596102902320277502 1 5
4 0 7 8 5 

49 10706753935364593016 2 3
0 4 5 
0 5 4 

108 7014131733599754745 2 4
2 5 3 6 
2 5 6 3 

26 1511571436509274567 2 3
1 3 4 
1 4 3 

283 7379408076965097842 1 5
4 0 3 1 8 

82 10783212237549073385 2 3
1 4 6 
1 6 4 

339 7847333438889968956 1 5
4 0 6 1 8 

336 6906529405458791006 6 3
4 6 8 
4 8 6 
6 4 8 
6 8 4 
8 6 4 
8 4 6 

79 17544093223859569632 1 5
2 1 0 6 3 

146 1511571436509274567 2 3
1 4 7 
1 7 4 

403 7801193205579560662 1 5
4 0 7 8 1 

19 17313278517247419956 1 3
0 1 4 

273 12769602731266802952 2 3
0 4 8 
0 8 4 

400 2728381371886174304 6 3
4 7 8 
4 8 7 
7 4 8 
7 8 4 
8 7 4 
8 4 7 

143 1265767806148008592 1 5
2 1 0 7 3 

424 13150025586414177241 8 4
3 7 5 8 
3 7 8 5 
5 8 7 3 
5 8 3 7 
7 3 5 8 
7 3 8 5 
8 5 7 3 
8 5 3 7 

167 18234588841133779567 1 5
0 7 2 1 5 

297 7150496180077738619 2 4
0 3 5 8 
0 3 8 5 

170 2540898276100957437 2 4
1 5 3 7 
1 5 7 3 

43 1666437849499697734 1 4
0 3 1 5 

293 8389516611493844045 1 4
0 2 5 8 

39 9669033196495163364 1 4
0 2 1 5 

172 3982813991072387447 2 4
2 5 3 7 
2 5 7 3 

45 1361567497545663179 1 4
2 5 0 3 

408 1677071180347565230 2 4
4 8 7 3 
8 4 7 3 

151 11956198844134272815 1 5
4 2 1 0 7 

281 5017445520378449331 2 4
4 8 0 3 
8 4 0 3 

154 3970828915642962000 2 4
1 4 3 7 
1 4 7 3 

432 1677071180347565230 2 4
4 7 8 5 
7 4 8 5 

305 18125736765879375276 1 4
0 4 8 5 

178 16747473210904696846 2 4
4 7 1 5 
7 4 1 5 

51 14169001223928758043 1 4
0 4 1 5 

184 1677071180347565230 2 4
4 5 3 7 
5 4 3 7 

57 15804328657059468321 2 4
4 5 0 3 
5 4 0 3 

314 202164546014951095 2 5
3 4 5 1 8 
4 3 5 1 8 

60 9515771854054113449 2 4
3 4 2 5 
4 3 2 5 

156 18125736765879375276 1 4
2 4 3 7 

29 12790940207649449064 1 4
2 4 0 3 

286 8277836908658311324 2 5
3 4 2 1 8 
4 3 2 1 8 

202 15293407023470009703 2 4
1 3 7 6 
1 7 3 6 

360 7556829846088060811 4 4
5 8 6 3 
5 8 3 6 
8 5 6 3 
8 5 3 6 

103 5778941830783900683 1 5
0 6 2 1 5 

106 14420931636045211723 2 4
1 5 3 6 
1 5 6 3 

353 10667362792025660262 2 4
0 6 5 8 
0 6 8 5 

226 14420931636045211723 2 4
1 5 6 7 
1 5 7 6 

99 14425648315975057673 1 4
0 6 1 5 

204 2506011958774662217 2 4
2 3 7 6 
2 7 3 6 

77 10895110813981667549 1 4
2 0 6 3 

334 12512532042347433687 2 5
3 6 2 1 8 
6 3 2 1 8 

325 17177136069890610113 1 4
0 6 2 8 

198 10630890812220257511 2 4
2 1 6 7 
2 1 7 6 

71 6928541454697062725 1 4
2 1 0 6 

228 7014131733599754745 2 4
2 5 6 7 
2 5 7 6 

101 8272974117028570047 1 4
2 5 0 6 

344 10601132076907988804 2 4
4 8 3 6 
8 4 3 6 

87 2390501991331158091 1 5
4 2 1 0 6 

90 6478491018694060941 1 4
1 4 3 6 

120 1324427476534020738 2 4
4 5 3 6 
5 4 3 6 

450 14420931636045211723 2 4
1 8 7 6 
1 8 6 7 

480 7556829846088060811 4 4
5 8 7 6 
5 8 6 7 
8 5 7 6 
8 5 6 7 

464 1324427476534020738 2 4
4 8 7 6 
8 4 7 6 

47 7544619273258695037 1 5
0 3 2 1 5 

59 12999704523843249824 1 5
4 0 3 5 1 

316 2931493229845075762 2 5
3 4 2 5 8 
4 3 2 5 8 

62 6012731695369125731 2 5
3 4 2 5 1 
4 3 2 5 1 

31 15104313081252020986 1 5
4 2 1 0 3 

61 12813607503129867153 1 5
4 2 5 0 3 

107 8926027321871964378 1 5
1 5 0 6 3 

364 7845252661427977046 2 5
3 6 2 5 8 
6 3 2 5 8 

110 6309211009843662520 2 5
3 6 2 1 5 
6 3 2 1 5 

109 8573717337418152007 1 5
2 5 0 6 3 

122 15373242851355587495 1 5
4 5 1 3 6 

91 15624841493051011238 1 5
1 4 0 3 6 

348 3139387622986693569 1 5
4 2 8 3 6 

115 12557009544574298260 1 5
4 0 6 1 5 

372 4705014155367496481 2 5
4 6 2 5 8 
6 4 2 5 8 

121 2321507838863568102 2 5
4 5 0 3 6 
5 4 0 3 6 

124 2045390665250012994 1 5
4 2 5 3 6 

94 16530833911875487006 1 5
4 2 1 3 6 

118 16304337225121872549 2 5
4 6 2 1 5 
6 4 2 1 5 

93 6898304350866816704 1 5
2 4 0 3 6 

117 2319499110910004793 1 5
4 2 5 0 6 

171 11335112802268531265 1 5
1 5 0 7 3 

428 4622508568593048949 2 5
3 7 2 5 8 
7 3 2 5 8 

174 17971022656110320050 2 5
3 7 2 1 5 
7 3 2 1 5 

173 12586974753393532778 1 5
2 5 0 7 3 

186 12189533223391111543 1 5
4 5 1 3 7 

155 3025558655240178502 1 5
1 4 0 7 3 

412 10711925097737042252 1 5
4 2 8 7 3 

179 4289451912441811734 1 5
4 0 7 1 5 

436 18064990090265222733 2 5
4 7 2 8 5 
7 4 2 8 5 

185 18064990090265222733 2 5
4 5 0 3 7 
5 4 0 3 7 

188 4596102902320277502 1 5
4 2 5 3 7 

158 7329941400542511337 1 5
4 2 1 3 7 

182 1198405563914133678 2 5
4 7 2 1 5 
7 4 2 1 5 

203 10087291430230357419 1 5
1 0 7 6 3 

460 7198735148424648000 2 5
2 8 7 3 6 
2 8 3 7 6 

234 4553408702970376039 2 5
1 5 3 7 6 
1 5 7 3 6 

181 13206557887366424125 2 5
4 2 5 0 7 
4 0 7 2 5 

227 13671706004751752783 1 5
1 5 0 7 6 

484 7845252661427977046 2 5
6 7 2 5 8 
7 6 2 5 8 

236 757016727125658107 2 5
2 5 3 7 6 
2 5 7 3 6 

206 16715134574074207146 2 5
2 1 3 7 6 
2 1 7 3 6 

230 6309211009843662520 2 5
6 7 2 1 5 
7 6 2 1 5 

199 14434611301857198275 1 5
2 1 0 7 6 

157 8336637092471597263 1 5
2 4 0 7 3 

205 3273106011170765271 1 5
2 0 7 6 3 

229 18021890924705301076 1 5
2 5 0 7 6 

218 13912892525249286530 2 5
1 4 3 7 6 
1 4 7 3 6 

242 5580179561462422948 1 5
4 1 5 7 6 

248 4323769937847979480 2 5
4 5 3 7 6 
5 4 3 7 6 

211 6572272822207102754 1 5
1 4 0 7 6 

468 6855624116802503919 1 5
4 2 8 7 6 

241 10430273983900308607 2 5
4 5 0 7 6 
5 4 0 7 6 

214 262381174672848187 1 5
4 2 1 7 6 

220 8454230288327463145 1 5
2 4 3 6 7 

244 12571297144265543135 1 5
4 2 5 6 7 

213 14347581441014003951 1 5
2 4 0 7 6 

299 1395085817405049010 2 5
0 3 1 5 8 
0 3 1 8 5 

271 10115764808972302051 1 5
0 3 2 1 8 

295 18261701358790031792 1 5
0 2 1 5 8 

301 16476275988343549283 1 5
0 3 2 5 8 

307 15925915340711530483 1 5
0 4 1 8 5 

279 5999563217901117656 1 5
0 4 2 1 8 

309 8336637092471597263 1 5
0 4 2 5 8 

362 4210119846411510150 4 5
3 6 1 5 8 
3 6 1 8 5 
6 3 1 5 8 
6 3 1 8 5 

355 16331760732359270752 2 5
0 6 1 5 8 
0 6 1 8 5 

361 8850520360857520085 2 5
5 8 0 6 3 
8 5 0 6 3 

327 12521527366620714433 1 5
0 6 2 1 8 

357 1870422358782097123 1 5
0 6 2 5 8 

346 5580179561462422948 1 5
4 1 8 3 6 

376 12945076698413370687 1 5
4 5 8 3 6 

119 16017478056793574709 1 6
4 0 6 2 1 5 

345 5094039145317176947 2 5
4 8 0 6 3 
8 4 0 6 3 

426 10113080899447649697 4 5
3 7 1 5 8 
3 7 1 8 5 
7 3 1 5 8 
7 3 1 8 5 

419 5884943287519267470 2 5
0 7 1 5 8 
0 7 1 8 5 

425 4622508568593048949 2 5
5 8 0 7 3 
8 5 0 7 3 

391 8428036792477366171 1 5
0 7 2 1 8 

421 12586974753393532778 1 5
0 7 2 5 8 

410 12189533223391111543 1 5
4 8 1 7 3 

440 2116756502251157976 4 5
4 3 7 8 5 
4 5 8 7 3 
4 7 3 5 8 
4 8 5 3 7 

409 2931493229845075762 2 5
4 8 0 7 3 
8 4 0 7 3 

458 4553408702970376039 2 5
1 8 7 3 6 
1 8 3 7 6 

482 4210119846411510150 4 5
6 7 1 5 8 
6 7 1 8 5 
7 6 1 5 8 
7 6 1 8 5 

488 143871076794329895 4 5
5 8 7 3 6 
5 8 3 7 6 
8 5 7 3 6 
8 5 3 7 6 

481 3772855870296834902 2 5
5 8 0 7 6 
8 5 0 7 6 

466 15373242851355587495 1 5
4 8 1 7 6 

496 12945076698413370687 1 5
4 8 5 7 6 

472 4323769937847979480 2 5
4 8 7 3 6 
8 4 7 3 6 

465 10346867235838053602 2 5
4 8 0 7 6 
8 4 0 7 6 

63 10582471419926496374 1 6
4 0 3 2 5 1 

123 6153557456226917524 1 6
4 5 1 0 3 6 

126 4534822825233068274 1 6
4 3 6 2 5 1 

95 9506864260507264537 1 6
4 2 1 0 3 6 

