mercedes[0,0,0,0,0,0,0,0,0,0,0,0]*(-a4-2*a1+d-a8-a9-a3)
mercedes[-1,0,0,1,0,0,0,0,0,0,0,0]*(a3)
mercedes[0,-1,0,1,0,0,0,0,0,0,0,0]*(-a3)
mercedes[0,-1,0,0,0,0,0,0,0,1,0,0]*(-a9)
mercedes[0,0,0,1,0,0,0,0,0,0,0,0]*(a3)
mercedes[0,-1,0,0,1,0,0,0,0,0,0,0]*(-a4)
mercedes[0,0,-1,0,1,0,0,0,0,0,0,0]*(a4)
mercedes[0,0,0,0,0,0,0,0,1,0,0,0]*(a8)
mercedes[0,-1,0,0,0,0,0,0,1,0,0,0]*(-a8)

mercedes[0,0,0,0,0,0,0,0,0,0,0,0]*(-a10-a4+d-a11-a5-2*a2)
mercedes[0,-1,0,0,1,0,0,0,0,0,0,0]*(a4)
mercedes[0,0,-1,0,1,0,0,0,0,0,0,0]*(-a4)
mercedes[0,0,-1,0,0,0,0,0,0,0,0,1]*(-a11)
mercedes[-1,0,0,0,0,1,0,0,0,0,0,0]*(a5)
mercedes[0,0,-1,0,0,1,0,0,0,0,0,0]*(-a5)
mercedes[0,0,0,0,0,0,0,0,0,0,1,0]*(a10)
mercedes[0,0,0,0,0,1,0,0,0,0,0,0]*(a5)
mercedes[0,0,-1,0,0,0,0,0,0,0,1,0]*(-a10)

mercedes[0,0,0,0,0,0,0,0,0,0,0,0]*(-a7+d-a5-a6-a3-2*a0)
mercedes[1,0,0,0,0,0,0,0,0,0,0,0]*(-2*a0)
mercedes[-1,0,0,1,0,0,0,0,0,0,0,0]*(-a3)
mercedes[0,-1,0,1,0,0,0,0,0,0,0,0]*(a3)
mercedes[0,0,0,0,0,0,0,1,0,0,0,0]*(-a7)
mercedes[0,0,0,1,0,0,0,0,0,0,0,0]*(-a3)
mercedes[-1,0,0,0,0,1,0,0,0,0,0,0]*(-a5)
mercedes[0,0,-1,0,0,1,0,0,0,0,0,0]*(a5)
mercedes[-1,0,0,0,0,0,0,1,0,0,0,0]*(-a7)
mercedes[0,0,0,0,0,1,0,0,0,0,0,0]*(-a5)
mercedes[-1,0,0,0,0,0,1,0,0,0,0,0]*(-a6)

mercedes[0,0,0,0,0,0,0,0,0,0,0,0]*(a1-a9)
mercedes[0,1,0,0,0,0,0,0,0,-1,0,0]*(-a1)
mercedes[-1,0,0,1,0,0,0,0,0,0,0,0]*(-a3)
mercedes[0,-1,0,1,0,0,0,0,0,0,0,0]*(a3)
mercedes[0,0,0,1,0,0,0,-1,0,0,0,0]*(a3)
mercedes[0,0,0,1,0,0,0,0,0,-1,0,0]*(-a3)
mercedes[0,0,0,1,0,0,0,0,0,0,0,0]*(-a3)
mercedes[0,-1,0,0,1,0,0,0,0,0,0,0]*(a4)
mercedes[0,0,-1,0,1,0,0,0,0,0,0,0]*(-a4)
mercedes[0,0,0,0,1,0,0,0,0,-1,0,0]*(-a4)
mercedes[0,0,0,0,1,0,0,0,0,0,0,-1]*(a4)
mercedes[0,-1,0,0,0,0,0,0,1,0,0,0]*(a8)
mercedes[0,0,0,0,0,0,0,0,1,-1,0,0]*(-a8)
mercedes[0,0,0,0,0,0,0,0,1,0,0,0]*(a8)
mercedes[0,-1,0,0,0,0,0,0,0,1,0,0]*(a9)

mercedes[0,0,0,0,0,0,0,0,0,0,0,0]*(-a11+a2)
mercedes[0,0,1,0,0,0,0,0,0,0,0,-1]*(-a2)
mercedes[0,-1,0,0,1,0,0,0,0,0,0,0]*(-a4)
mercedes[0,0,-1,0,1,0,0,0,0,0,0,0]*(a4)
mercedes[0,0,0,0,1,0,0,0,0,-1,0,0]*(a4)
mercedes[0,0,0,0,1,0,0,0,0,0,0,-1]*(-a4)
mercedes[-1,0,0,0,0,1,0,0,0,0,0,0]*(-a5)
mercedes[0,0,-1,0,0,1,0,0,0,0,0,0]*(a5)
mercedes[0,0,0,0,0,1,0,-1,0,0,0,0]*(a5)
mercedes[0,0,0,0,0,1,0,0,0,0,0,-1]*(-a5)
mercedes[0,0,0,0,0,1,0,0,0,0,0,0]*(-a5)
mercedes[0,0,-1,0,0,0,0,0,0,0,1,0]*(a10)
mercedes[0,0,0,0,0,0,0,0,0,0,1,-1]*(-a10)
mercedes[0,0,0,0,0,0,0,0,0,0,1,0]*(a10)
mercedes[0,0,-1,0,0,0,0,0,0,0,0,1]*(a11)

mercedes[0,-1,1,0,0,0,0,0,0,0,0,0]*(-a2)
mercedes[0,0,0,0,0,0,0,0,0,0,0,0]*(a4-a2)
mercedes[0,0,1,0,-1,0,0,0,0,0,0,0]*(a2)
mercedes[0,-1,0,0,1,0,0,0,0,0,0,0]*(a4)
mercedes[0,0,-1,0,1,0,0,0,0,0,0,0]*(-a4)
mercedes[0,0,0,0,0,0,0,0,0,-1,0,1]*(-a11)
mercedes[-1,0,0,0,0,1,0,0,0,0,0,0]*(a5)
mercedes[0,0,-1,0,0,1,0,0,0,0,0,0]*(-a5)
mercedes[0,0,0,-1,0,1,0,0,0,0,0,0]*(-a5)
mercedes[0,0,0,0,-1,1,0,0,0,0,0,0]*(a5)
mercedes[0,0,0,0,0,1,0,0,0,0,0,0]*(a5)
mercedes[0,0,-1,0,0,0,0,0,0,0,1,0]*(-a10)
mercedes[0,0,0,0,-1,0,0,0,0,0,1,0]*(a10)
mercedes[0,0,0,0,0,0,0,0,-1,0,1,0]*(-a10)
mercedes[0,0,0,0,0,0,0,0,0,0,1,0]*(a10)
mercedes[0,0,-1,0,0,0,0,0,0,0,0,1]*(-a11)
mercedes[0,0,0,0,-1,0,0,0,0,0,0,1]*(a11)

mercedes[0,0,0,0,0,0,0,0,0,0,0,0]*(a4-a1)
mercedes[0,1,-1,0,0,0,0,0,0,0,0,0]*(-a1)
mercedes[0,1,0,0,-1,0,0,0,0,0,0,0]*(a1)
mercedes[-1,0,0,1,0,0,0,0,0,0,0,0]*(a3)
mercedes[0,-1,0,1,0,0,0,0,0,0,0,0]*(-a3)
mercedes[0,0,0,1,-1,0,0,0,0,0,0,0]*(a3)
mercedes[0,0,0,1,0,-1,0,0,0,0,0,0]*(-a3)
mercedes[0,0,0,1,0,0,0,0,0,0,0,0]*(a3)
mercedes[0,-1,0,0,1,0,0,0,0,0,0,0]*(-a4)
mercedes[0,0,-1,0,1,0,0,0,0,0,0,0]*(a4)
mercedes[0,0,0,0,0,0,0,0,0,1,0,-1]*(-a9)
mercedes[0,-1,0,0,0,0,0,0,1,0,0,0]*(-a8)
mercedes[0,0,0,0,-1,0,0,0,1,0,0,0]*(a8)
mercedes[0,0,0,0,0,0,0,0,1,0,-1,0]*(-a8)
mercedes[0,0,0,0,0,0,0,0,1,0,0,0]*(a8)
mercedes[0,-1,0,0,0,0,0,0,0,1,0,0]*(-a9)
mercedes[0,0,0,0,-1,0,0,0,0,1,0,0]*(a9)

mercedes[0,0,0,0,0,0,0,0,0,0,0,0]*(-a6+a0)
mercedes[1,0,0,0,0,0,-1,0,0,0,0,0]*(-a0)
mercedes[1,0,0,0,0,0,0,0,0,0,0,0]*(2*a0)
mercedes[-1,0,0,1,0,0,0,0,0,0,0,0]*(a3)
mercedes[0,-1,0,1,0,0,0,0,0,0,0,0]*(-a3)
mercedes[0,0,0,1,0,0,-1,0,0,0,0,0]*(-a3)
mercedes[0,0,0,1,0,0,0,0,-1,0,0,0]*(a3)
mercedes[0,0,0,1,0,0,0,0,0,0,0,0]*(a3)
mercedes[-1,0,0,0,0,1,0,0,0,0,0,0]*(a5)
mercedes[0,0,-1,0,0,1,0,0,0,0,0,0]*(-a5)
mercedes[0,0,0,0,0,1,-1,0,0,0,0,0]*(-a5)
mercedes[0,0,0,0,0,1,0,0,0,0,-1,0]*(a5)
mercedes[0,0,0,0,0,1,0,0,0,0,0,0]*(a5)
mercedes[-1,0,0,0,0,0,1,0,0,0,0,0]*(a6)
mercedes[0,0,0,0,0,0,0,1,0,0,0,0]*(3*a7)
mercedes[-1,0,0,0,0,0,0,1,0,0,0,0]*(a7)
mercedes[0,0,0,0,0,0,-1,1,0,0,0,0]*(-a7)

mercedes[0,0,0,0,0,0,0,0,0,0,0,0]*(a1-a8)
mercedes[0,1,0,0,0,0,0,0,-1,0,0,0]*(-a1)
mercedes[0,1,0,0,0,0,0,0,0,0,0,0]*(a1)
mercedes[-1,0,0,1,0,0,0,0,0,0,0,0]*(-a3)
mercedes[0,-1,0,1,0,0,0,0,0,0,0,0]*(a3)
mercedes[0,0,0,1,0,0,-1,0,0,0,0,0]*(a3)
mercedes[0,0,0,1,0,0,0,0,-1,0,0,0]*(-a3)
mercedes[0,0,0,1,0,0,0,0,0,0,0,0]*(-a3)
mercedes[0,-1,0,0,1,0,0,0,0,0,0,0]*(a4)
mercedes[0,0,-1,0,1,0,0,0,0,0,0,0]*(-a4)
mercedes[0,0,0,0,1,0,0,0,-1,0,0,0]*(-a4)
mercedes[0,0,0,0,1,0,0,0,0,0,-1,0]*(a4)
mercedes[0,-1,0,0,0,0,0,0,1,0,0,0]*(a8)
mercedes[0,0,0,0,0,0,0,0,0,1,0,0]*(2*a9)
mercedes[0,0,0,0,0,0,0,0,1,0,0,0]*(-a8)
mercedes[0,-1,0,0,0,0,0,0,0,1,0,0]*(a9)
mercedes[0,0,0,0,0,0,0,0,-1,1,0,0]*(-a9)

mercedes[0,0,0,0,0,0,0,0,0,0,0,0]*(-a10+a2)
mercedes[0,0,1,0,0,0,0,0,0,0,-1,0]*(-a2)
mercedes[0,0,1,0,0,0,0,0,0,0,0,0]*(a2)
mercedes[0,-1,0,0,1,0,0,0,0,0,0,0]*(-a4)
mercedes[0,0,-1,0,1,0,0,0,0,0,0,0]*(a4)
mercedes[0,0,0,0,1,0,0,0,-1,0,0,0]*(a4)
mercedes[0,0,0,0,1,0,0,0,0,0,-1,0]*(-a4)
mercedes[-1,0,0,0,0,1,0,0,0,0,0,0]*(-a5)
mercedes[0,0,-1,0,0,1,0,0,0,0,0,0]*(a5)
mercedes[0,0,0,0,0,1,-1,0,0,0,0,0]*(a5)
mercedes[0,0,0,0,0,1,0,0,0,0,-1,0]*(-a5)
mercedes[0,0,0,0,0,1,0,0,0,0,0,0]*(-a5)
mercedes[0,0,-1,0,0,0,0,0,0,0,1,0]*(a10)
mercedes[0,0,0,0,0,0,0,0,0,0,0,1]*(2*a11)
mercedes[0,0,0,0,0,0,0,0,0,0,1,0]*(-a10)
mercedes[0,0,-1,0,0,0,0,0,0,0,0,1]*(a11)
mercedes[0,0,0,0,0,0,0,0,0,0,-1,1]*(-a11)

mercedes[-1,1,0,0,0,0,0,0,0,0,0,0]*(-a1)
mercedes[0,0,0,0,0,0,0,0,0,0,0,0]*(-a1+a3)
mercedes[0,1,0,-1,0,0,0,0,0,0,0,0]*(a1)
mercedes[0,1,0,0,0,0,0,0,0,0,0,0]*(-a1)
mercedes[-1,0,0,1,0,0,0,0,0,0,0,0]*(a3)
mercedes[0,-1,0,1,0,0,0,0,0,0,0,0]*(-a3)
mercedes[0,0,0,0,0,0,0,-1,0,1,0,0]*(-a9)
mercedes[0,0,0,1,0,0,0,0,0,0,0,0]*(a3)
mercedes[0,-1,0,0,1,0,0,0,0,0,0,0]*(-a4)
mercedes[0,0,-1,0,1,0,0,0,0,0,0,0]*(a4)
mercedes[0,0,0,-1,1,0,0,0,0,0,0,0]*(a4)
mercedes[0,0,0,0,1,-1,0,0,0,0,0,0]*(-a4)
mercedes[0,-1,0,0,0,0,0,0,1,0,0,0]*(-a8)
mercedes[0,0,0,-1,0,0,0,0,1,0,0,0]*(a8)
mercedes[0,0,0,0,0,0,-1,0,1,0,0,0]*(-a8)
mercedes[0,0,0,0,0,0,0,0,1,0,0,0]*(a8)
mercedes[0,-1,0,0,0,0,0,0,0,1,0,0]*(-a9)
mercedes[0,0,0,-1,0,0,0,0,0,1,0,0]*(a9)

mercedes[-1,0,1,0,0,0,0,0,0,0,0,0]*(-a2)
mercedes[0,0,0,0,0,0,0,0,0,0,0,0]*(a5-a2)
mercedes[0,0,1,0,0,-1,0,0,0,0,0,0]*(a2)
mercedes[0,0,1,0,0,0,0,0,0,0,0,0]*(-a2)
mercedes[0,-1,0,0,1,0,0,0,0,0,0,0]*(a4)
mercedes[0,0,-1,0,1,0,0,0,0,0,0,0]*(-a4)
mercedes[0,0,0,-1,1,0,0,0,0,0,0,0]*(-a4)
mercedes[0,0,0,0,1,-1,0,0,0,0,0,0]*(a4)
mercedes[-1,0,0,0,0,1,0,0,0,0,0,0]*(a5)
mercedes[0,0,-1,0,0,1,0,0,0,0,0,0]*(-a5)
mercedes[0,0,0,0,0,0,0,-1,0,0,0,1]*(-a11)
mercedes[0,0,0,0,0,1,0,0,0,0,0,0]*(a5)
mercedes[0,0,-1,0,0,0,0,0,0,0,1,0]*(-a10)
mercedes[0,0,0,0,0,-1,0,0,0,0,1,0]*(a10)
mercedes[0,0,0,0,0,0,-1,0,0,0,1,0]*(-a10)
mercedes[0,0,0,0,0,0,0,0,0,0,1,0]*(a10)
mercedes[0,0,-1,0,0,0,0,0,0,0,0,1]*(-a11)
mercedes[0,0,0,0,0,-1,0,0,0,0,0,1]*(a11)

mercedes[0,0,0,0,0,0,0,0,0,0,0,0]*(-a7+a0)
mercedes[1,0,0,0,0,0,0,-1,0,0,0,0]*(-a0)
mercedes[1,0,0,0,0,0,0,0,0,0,0,0]*(a0)
mercedes[-1,0,0,1,0,0,0,0,0,0,0,0]*(a3)
mercedes[0,-1,0,1,0,0,0,0,0,0,0,0]*(-a3)
mercedes[0,0,0,1,0,0,0,-1,0,0,0,0]*(-a3)
mercedes[0,0,0,1,0,0,0,0,0,-1,0,0]*(a3)
mercedes[0,0,0,1,0,0,0,0,0,0,0,0]*(a3)
mercedes[-1,0,0,0,0,1,0,0,0,0,0,0]*(a5)
mercedes[0,0,-1,0,0,1,0,0,0,0,0,0]*(-a5)
mercedes[0,0,0,0,0,1,0,-1,0,0,0,0]*(-a5)
mercedes[0,0,0,0,0,1,0,0,0,0,0,-1]*(a5)
mercedes[0,0,0,0,0,1,0,0,0,0,0,0]*(a5)
mercedes[-1,0,0,0,0,0,1,0,0,0,0,0]*(a6)
mercedes[0,0,0,0,0,0,1,-1,0,0,0,0]*(-a6)
mercedes[0,0,0,0,0,0,1,0,0,0,0,0]*(2*a6)
mercedes[-1,0,0,0,0,0,0,1,0,0,0,0]*(a7)
mercedes[0,0,0,0,0,0,0,1,0,0,0,0]*(a7)

mercedes[0,0,0,0,0,0,0,0,0,0,0,0]*(a3-a0)
mercedes[1,-1,0,0,0,0,0,0,0,0,0,0]*(-a0)
mercedes[1,0,0,-1,0,0,0,0,0,0,0,0]*(a0)
mercedes[1,0,0,0,0,0,0,0,0,0,0,0]*(-a0)
mercedes[-1,0,0,1,0,0,0,0,0,0,0,0]*(-a3)
mercedes[0,-1,0,1,0,0,0,0,0,0,0,0]*(a3)
mercedes[0,0,0,0,0,0,0,1,0,0,0,0]*(-a7)
mercedes[0,0,0,1,0,0,0,0,0,0,0,0]*(-a3)
mercedes[-1,0,0,0,0,1,0,0,0,0,0,0]*(-a5)
mercedes[0,0,-1,0,0,1,0,0,0,0,0,0]*(a5)
mercedes[0,0,0,-1,0,1,0,0,0,0,0,0]*(a5)
mercedes[0,0,0,0,-1,1,0,0,0,0,0,0]*(-a5)
mercedes[0,0,0,0,0,1,0,0,0,0,0,0]*(-a5)
mercedes[-1,0,0,0,0,0,1,0,0,0,0,0]*(-a6)
mercedes[0,0,0,-1,0,0,1,0,0,0,0,0]*(a6)
mercedes[0,0,0,0,0,0,1,0,-1,0,0,0]*(-a6)
mercedes[-1,0,0,0,0,0,0,1,0,0,0,0]*(-a7)
mercedes[0,0,0,-1,0,0,0,1,0,0,0,0]*(a7)
mercedes[0,0,0,0,0,0,0,1,0,-1,0,0]*(-a7)

mercedes[0,0,0,0,0,0,0,0,0,0,0,0]*(a5-a0)
mercedes[1,0,-1,0,0,0,0,0,0,0,0,0]*(-a0)
mercedes[1,0,0,0,0,-1,0,0,0,0,0,0]*(a0)
mercedes[1,0,0,0,0,0,0,0,0,0,0,0]*(-a0)
mercedes[-1,0,0,1,0,0,0,0,0,0,0,0]*(-a3)
mercedes[0,-1,0,1,0,0,0,0,0,0,0,0]*(a3)
mercedes[0,0,0,1,-1,0,0,0,0,0,0,0]*(-a3)
mercedes[0,0,0,1,0,-1,0,0,0,0,0,0]*(a3)
mercedes[0,0,0,1,0,0,0,0,0,0,0,0]*(-a3)
mercedes[-1,0,0,0,0,1,0,0,0,0,0,0]*(-a5)
mercedes[0,0,-1,0,0,1,0,0,0,0,0,0]*(a5)
mercedes[0,0,0,0,0,0,0,1,0,0,0,0]*(-a7)
mercedes[0,0,0,0,0,1,0,0,0,0,0,0]*(-a5)
mercedes[-1,0,0,0,0,0,1,0,0,0,0,0]*(-a6)
mercedes[0,0,0,0,0,-1,1,0,0,0,0,0]*(a6)
mercedes[0,0,0,0,0,0,1,0,0,0,-1,0]*(-a6)
mercedes[-1,0,0,0,0,0,0,1,0,0,0,0]*(-a7)
mercedes[0,0,0,0,0,-1,0,1,0,0,0,0]*(a7)
mercedes[0,0,0,0,0,0,0,1,0,0,0,-1]*(-a7)

