bhabha2pb2m[0,0,0,0,0,0,0,0,0]*(-a7+d-a5-a6-a3-2*a0)
bhabha2pb2m[1,0,0,0,0,0,0,0,0]*(-2*a0)
bhabha2pb2m[-1,0,0,1,0,0,0,0,0]*(-a3)
bhabha2pb2m[-1,0,0,0,0,0,0,1,0]*(-a7)
bhabha2pb2m[0,0,0,1,-1,0,0,0,0]*(a3)
bhabha2pb2m[0,0,0,1,0,0,0,0,0]*(-a3)
bhabha2pb2m[-1,0,0,0,0,1,0,0,0]*(-a5)
bhabha2pb2m[-1,0,0,0,0,0,1,0,0]*(-a6)

bhabha2pb2m[0,0,0,0,0,0,0,0,0]*(-2*a4+d-a1-a8-a2-a3)
bhabha2pb2m[0,1,0,0,-1,0,0,0,0]*(-a1)
bhabha2pb2m[0,1,0,0,0,0,0,0,0]*(a1)
bhabha2pb2m[0,0,0,0,0,0,0,0,1]*(a8)
bhabha2pb2m[0,0,1,0,-1,0,0,0,0]*(-a2)
bhabha2pb2m[0,0,1,0,0,0,0,0,0]*(-a2*eta+6*a2)
bhabha2pb2m[-1,0,0,1,0,0,0,0,0]*(a3)
bhabha2pb2m[0,0,0,0,-1,0,0,0,1]*(-a8)
bhabha2pb2m[0,0,0,1,-1,0,0,0,0]*(-a3)
bhabha2pb2m[0,0,0,1,0,0,0,0,0]*(a3)

bhabha2pb2m[0,0,0,0,0,0,0,0,0]*(-a5+a0)
bhabha2pb2m[1,0,0,0,0,-1,0,0,0]*(-a0)
bhabha2pb2m[1,0,0,0,0,0,0,0,0]*(2*a0)
bhabha2pb2m[-1,0,0,1,0,0,0,0,0]*(a3)
bhabha2pb2m[0,0,0,1,-1,0,0,0,0]*(a3)
bhabha2pb2m[0,0,0,1,0,-1,0,0,0]*(-a3)
bhabha2pb2m[0,0,0,1,0,0,0,0,-1]*(-a3)
bhabha2pb2m[0,0,0,1,0,0,0,0,0]*(3*a3)
bhabha2pb2m[-1,0,0,0,0,1,0,0,0]*(a5)
bhabha2pb2m[0,0,0,0,0,0,0,1,0]*(5*a7)
bhabha2pb2m[-1,0,0,0,0,0,1,0,0]*(a6)
bhabha2pb2m[0,0,0,0,0,-1,1,0,0]*(-a6)
bhabha2pb2m[0,0,0,0,0,0,1,0,0]*(-4*a6)
bhabha2pb2m[-1,0,0,0,0,0,0,1,0]*(a7)
bhabha2pb2m[0,0,0,0,0,-1,0,1,0]*(-a7)

bhabha2pb2m[0,0,0,0,0,0,0,0,0]*(-a6+a0)
bhabha2pb2m[1,0,0,0,0,0,-1,0,0]*(-a0)
bhabha2pb2m[1,0,0,0,0,0,0,0,0]*(2*a0)
bhabha2pb2m[-1,0,0,1,0,0,0,0,0]*(a3)
bhabha2pb2m[0,-1,0,1,0,0,0,0,0]*(-a3)
bhabha2pb2m[0,0,0,1,-1,0,0,0,0]*(a3)
bhabha2pb2m[0,0,0,1,0,0,-1,0,0]*(-a3)
bhabha2pb2m[0,0,0,1,0,0,0,0,0]*(3*a3)
bhabha2pb2m[-1,0,0,0,0,1,0,0,0]*(a5)
bhabha2pb2m[0,0,0,0,0,1,-1,0,0]*(-a5)
bhabha2pb2m[0,0,0,0,0,1,0,0,0]*(-4*a5)
bhabha2pb2m[-1,0,0,0,0,0,1,0,0]*(a6)
bhabha2pb2m[0,0,0,0,0,0,0,1,0]*(7*a7)
bhabha2pb2m[-1,0,0,0,0,0,0,1,0]*(a7)
bhabha2pb2m[0,0,0,0,0,0,-1,1,0]*(-a7)

bhabha2pb2m[0,0,0,0,0,0,0,0,0]*(-a7+a0)
bhabha2pb2m[1,0,0,0,0,0,0,-1,0]*(-a0)
bhabha2pb2m[1,0,0,0,0,0,0,0,0]*(2*a0)
bhabha2pb2m[-1,0,0,1,0,0,0,0,0]*(a3)
bhabha2pb2m[0,-1,0,1,0,0,0,0,0]*(-a3)
bhabha2pb2m[0,0,-1,1,0,0,0,0,0]*(a3)
bhabha2pb2m[0,0,0,1,0,0,0,-1,0]*(-a3)
bhabha2pb2m[0,0,0,1,0,0,0,0,0]*(a3*eta-3*a3)
bhabha2pb2m[-1,0,0,0,0,1,0,0,0]*(a5)
bhabha2pb2m[0,0,0,0,0,1,0,-1,0]*(-a5)
bhabha2pb2m[0,0,0,0,0,1,0,0,0]*(5*a5)
bhabha2pb2m[-1,0,0,0,0,0,1,0,0]*(a6)
bhabha2pb2m[0,0,0,0,0,0,1,-1,0]*(-a6)
bhabha2pb2m[0,0,0,0,0,0,1,0,0]*(7*a6)
bhabha2pb2m[-1,0,0,0,0,0,0,1,0]*(a7)

bhabha2pb2m[0,1,0,0,-1,0,0,0,0]*(a1)
bhabha2pb2m[0,1,0,0,0,0,0,0,-1]*(-a1)
bhabha2pb2m[0,1,0,0,0,0,0,0,0]*(-5*a1)
bhabha2pb2m[0,0,1,0,-1,0,0,0,0]*(a2)
bhabha2pb2m[0,0,1,0,0,0,0,0,-1]*(-a2)
bhabha2pb2m[0,0,1,0,0,0,0,0,0]*(-8*a2)
bhabha2pb2m[-1,0,0,1,0,0,0,0,0]*(a3)
bhabha2pb2m[0,0,0,1,-1,0,0,0,0]*(a3)
bhabha2pb2m[0,0,0,1,0,-1,0,0,0]*(-a3)
bhabha2pb2m[0,0,0,1,0,0,0,0,-1]*(-a3)
bhabha2pb2m[0,0,0,1,0,0,0,0,0]*(3*a3)
bhabha2pb2m[0,0,0,0,0,0,0,0,0]*(a4-a8)
bhabha2pb2m[0,0,0,0,1,0,0,0,-1]*(-a4)
bhabha2pb2m[0,0,0,0,1,0,0,0,0]*(a4)
bhabha2pb2m[0,0,0,0,-1,0,0,0,1]*(a8)
bhabha2pb2m[0,0,0,0,0,0,0,0,1]*(-a8)

bhabha2pb2m[0,0,0,0,0,0,0,0,0]*(a4-a1)
bhabha2pb2m[0,1,0,0,-1,0,0,0,0]*(a1)
bhabha2pb2m[0,1,0,0,0,0,0,0,0]*(-a1)
bhabha2pb2m[0,-1,1,0,0,0,0,0,0]*(-a2)
bhabha2pb2m[0,0,1,0,-1,0,0,0,0]*(a2)
bhabha2pb2m[0,0,1,0,0,0,0,0,0]*(-6*a2)
bhabha2pb2m[-1,0,0,1,0,0,0,0,0]*(a3)
bhabha2pb2m[0,-1,0,1,0,0,0,0,0]*(-a3)
bhabha2pb2m[0,0,0,1,-1,0,0,0,0]*(a3)
bhabha2pb2m[0,0,0,1,0,0,-1,0,0]*(-a3)
bhabha2pb2m[0,0,0,1,0,0,0,0,0]*(3*a3)
bhabha2pb2m[0,-1,0,0,1,0,0,0,0]*(-a4)
bhabha2pb2m[0,0,0,0,0,0,0,0,1]*(-5*a8)
bhabha2pb2m[0,0,0,0,1,0,0,0,0]*(a4)
bhabha2pb2m[0,-1,0,0,0,0,0,0,1]*(-a8)
bhabha2pb2m[0,0,0,0,-1,0,0,0,1]*(a8)

bhabha2pb2m[0,0,0,0,0,0,0,0,0]*(-a1+a2)
bhabha2pb2m[0,1,-1,0,0,0,0,0,0]*(a1)
bhabha2pb2m[0,1,0,0,0,0,0,0,0]*(a1*eta)
bhabha2pb2m[0,-1,1,0,0,0,0,0,0]*(-a2)
bhabha2pb2m[0,0,0,0,0,0,0,0,1]*(-2*a8+a8*eta)
bhabha2pb2m[0,0,1,0,0,0,0,0,0]*(a2*eta+2*a2)
bhabha2pb2m[-1,0,0,1,0,0,0,0,0]*(a3)
bhabha2pb2m[0,-1,0,1,0,0,0,0,0]*(-a3)
bhabha2pb2m[0,0,-1,1,0,0,0,0,0]*(a3)
bhabha2pb2m[0,0,0,1,0,0,0,-1,0]*(-a3)
bhabha2pb2m[0,0,0,1,0,0,0,0,0]*(a3*eta-3*a3)
bhabha2pb2m[0,-1,0,0,1,0,0,0,0]*(-a4)
bhabha2pb2m[0,0,-1,0,1,0,0,0,0]*(a4)
bhabha2pb2m[0,0,0,0,1,0,0,0,0]*(-5*a4+a4*eta)
bhabha2pb2m[0,-1,0,0,0,0,0,0,1]*(-a8)
bhabha2pb2m[0,0,-1,0,0,0,0,0,1]*(a8)

bhabha2pb2m[-1,1,0,0,0,0,0,0,0]*(2*a1)
bhabha2pb2m[0,1,0,-1,0,0,0,0,0]*(-a1)
bhabha2pb2m[0,1,0,0,-1,0,0,0,0]*(a1)
bhabha2pb2m[0,1,0,0,0,0,-1,0,0]*(-a1)
bhabha2pb2m[0,1,0,0,0,0,0,0,0]*(3*a1)
bhabha2pb2m[-1,0,1,0,0,0,0,0,0]*(a2)
bhabha2pb2m[0,0,1,-1,0,0,0,0,0]*(-a2)
bhabha2pb2m[0,0,1,0,-1,0,0,0,0]*(a2)
bhabha2pb2m[0,0,1,0,0,0,-1,0,0]*(-a2)
bhabha2pb2m[0,0,1,0,0,0,0,-1,0]*(a2)
bhabha2pb2m[0,0,1,0,0,0,0,0,0]*(a2)
bhabha2pb2m[-1,0,0,1,0,0,0,0,0]*(-a3)
bhabha2pb2m[0,0,0,0,0,0,0,0,0]*(a4-a3)
bhabha2pb2m[0,0,0,1,-1,0,0,0,0]*(a3)
bhabha2pb2m[0,0,0,1,0,0,0,0,0]*(-a3)
bhabha2pb2m[-1,0,0,0,1,0,0,0,0]*(a4)
bhabha2pb2m[0,0,0,-1,1,0,0,0,0]*(-a4)
bhabha2pb2m[0,0,0,0,0,0,0,0,1]*(3*a8)
bhabha2pb2m[0,0,0,0,1,0,0,0,0]*(a4)
bhabha2pb2m[-1,0,0,0,0,0,0,0,1]*(2*a8)
bhabha2pb2m[0,0,0,-1,0,0,0,0,1]*(-a8)
bhabha2pb2m[0,0,0,0,-1,0,0,0,1]*(a8)
bhabha2pb2m[0,0,0,0,0,-1,0,0,1]*(-a8)

bhabha2pb2m[0,0,0,0,0,0,0,0,0]*(-a3+a0)
bhabha2pb2m[1,0,0,-1,0,0,0,0,0]*(-a0)
bhabha2pb2m[1,0,0,0,-1,0,0,0,0]*(a0)
bhabha2pb2m[1,0,0,0,0,0,0,0,0]*(a0)
bhabha2pb2m[-1,0,0,1,0,0,0,0,0]*(a3)
bhabha2pb2m[0,0,0,0,0,0,0,1,0]*(-4*a7+a7*eta)
bhabha2pb2m[0,0,0,1,-1,0,0,0,0]*(-a3)
bhabha2pb2m[0,0,0,1,0,0,0,0,0]*(a3)
bhabha2pb2m[-1,0,0,0,0,1,0,0,0]*(a5)
bhabha2pb2m[0,0,0,-1,0,1,0,0,0]*(-a5)
bhabha2pb2m[0,0,0,0,-1,1,0,0,0]*(2*a5)
bhabha2pb2m[0,0,0,0,0,1,0,0,-1]*(-a5)
bhabha2pb2m[0,0,0,0,0,1,0,0,0]*(2*a5)
bhabha2pb2m[-1,0,0,0,0,0,1,0,0]*(a6)
bhabha2pb2m[0,-1,0,0,0,0,1,0,0]*(-a6)
bhabha2pb2m[0,0,0,-1,0,0,1,0,0]*(-a6)
bhabha2pb2m[0,0,0,0,-1,0,1,0,0]*(2*a6)
bhabha2pb2m[0,0,0,0,0,0,1,0,0]*(2*a6)
bhabha2pb2m[-1,0,0,0,0,0,0,1,0]*(a7)
bhabha2pb2m[0,-1,0,0,0,0,0,1,0]*(-a7)
bhabha2pb2m[0,0,-1,0,0,0,0,1,0]*(a7)
bhabha2pb2m[0,0,0,-1,0,0,0,1,0]*(-a7)
bhabha2pb2m[0,0,0,0,-1,0,0,1,0]*(a7)

