bhabha2pb2m[-1,0,0,0,0,1,0,0,0]*(4*a5)
bhabha2pb2m[0,0,0,0,0,0,0,0,0]*(6*a1-6*a8-6*a5+6*a6)
bhabha2pb2m[0,0,0,0,0,0,0,1,0]*(-4*a7)
bhabha2pb2m[0,0,0,0,0,1,-1,0,0]*(2*a5)
bhabha2pb2m[0,0,0,0,0,1,0,0,0]*(8*a5)
bhabha2pb2m[0,0,0,0,-1,0,0,0,1]*(4*a8)
bhabha2pb2m[0,0,0,0,0,0,-1,1,0]*(-3*a7)
bhabha2pb2m[0,0,0,0,0,0,0,0,1]*(4*a8)
bhabha2pb2m[0,-1,0,0,0,0,0,0,1]*(2*a8)
bhabha2pb2m[-1,0,0,0,0,0,0,1,0]*(-2*a7)
bhabha2pb2m[0,0,1,0,0,0,0,0,0]*(-2*a2)
bhabha2pb2m[0,1,0,0,-1,0,0,0,0]*(-4*a1)
bhabha2pb2m[0,1,0,0,0,0,0,0,-1]*(-2*a1)
bhabha2pb2m[0,1,0,0,0,0,0,0,0]*(-4*a1)
bhabha2pb2m[0,0,1,0,-1,0,0,0,0]*(-2*a2)
bhabha2pb2m[-1,0,0,0,0,0,1,0,0]*(-4*a6)
bhabha2pb2m[0,0,0,0,0,-1,0,1,0]*(5*a7)
bhabha2pb2m[0,0,0,0,0,0,1,0,0]*(-8*a6)
bhabha2pb2m[0,0,1,0,0,0,0,0,-1]*(-7*a2)
bhabha2pb2m[0,-1,1,0,0,0,0,0,0]*(9*a2)
bhabha2pb2m[0,0,0,0,0,-1,1,0,0]*(-2*a6)

bhabha2pb2m[-1,0,0,0,0,1,0,0,0]*(-9*a5)
bhabha2pb2m[0,0,0,0,0,1,-1,0,0]*(3*a5)
bhabha2pb2m[0,0,0,0,0,1,0,0,0]*(-18*a5)
bhabha2pb2m[0,0,0,0,0,0,0,0,0]*(-5*a7+7*a1-7*a2+5*a6)
bhabha2pb2m[0,0,0,0,0,1,0,-1,0]*(6*a5)
bhabha2pb2m[-1,0,0,0,0,0,0,1,0]*(7*a7)
bhabha2pb2m[0,-1,0,0,0,0,0,0,1]*(9*a8)
bhabha2pb2m[0,0,0,0,-1,0,0,0,1]*(-3*a8)
bhabha2pb2m[0,0,0,0,0,0,0,0,1]*(27*a8-6*a8*eta)
bhabha2pb2m[0,0,1,0,0,0,0,0,0]*(-7*a2*eta+28*a2)
bhabha2pb2m[0,0,-1,0,0,0,0,0,1]*(-6*a8)
bhabha2pb2m[0,0,1,0,-1,0,0,0,0]*(-7*a2)
bhabha2pb2m[0,0,0,0,0,0,0,1,0]*(14*a7)
bhabha2pb2m[0,1,0,0,-1,0,0,0,0]*(-5*a1)
bhabha2pb2m[0,1,0,0,0,0,0,0,0]*(-2*a1*eta+5*a1)
bhabha2pb2m[0,0,0,0,0,0,-1,1,0]*(-2*a7)
bhabha2pb2m[0,1,-1,0,0,0,0,0,0]*(-2*a1)
bhabha2pb2m[0,0,0,0,0,0,1,-1,0]*(2*a6)
bhabha2pb2m[0,-1,1,0,0,0,0,0,0]*(14*a2)
bhabha2pb2m[-1,0,0,0,0,0,1,0,0]*(-7*a6)
bhabha2pb2m[0,0,0,0,0,0,1,0,0]*(-14*a6)

bhabha2pb2m[-1,0,0,0,0,1,0,0,0]*(-5*a5)
bhabha2pb2m[0,0,0,0,0,0,0,0,0]*(-3*a7+6*a1+3*a8+3*a5-9*a2)
bhabha2pb2m[-1,0,0,0,0,0,0,1,0]*(5*a7)
bhabha2pb2m[0,0,0,0,0,1,0,-1,0]*(2*a5)
bhabha2pb2m[0,0,0,0,0,1,0,0,0]*(-10*a5)
bhabha2pb2m[0,0,0,0,-1,0,0,0,1]*(-3*a8)
bhabha2pb2m[0,0,0,0,0,0,0,1,0]*(10*a7)
bhabha2pb2m[0,0,0,0,0,0,0,0,1]*(7*a8-2*a8*eta)
bhabha2pb2m[0,-1,0,0,0,0,0,0,1]*(2*a8)
bhabha2pb2m[0,0,-1,0,0,0,0,0,1]*(-2*a8)
bhabha2pb2m[0,-1,1,0,0,0,0,0,0]*(9*a2)
bhabha2pb2m[0,1,0,0,-1,0,0,0,0]*(-5*a1)
bhabha2pb2m[0,1,0,0,0,0,0,0,-1]*(5*a1)
bhabha2pb2m[0,1,0,0,0,0,0,0,0]*(-6*a1*eta+25*a1)
bhabha2pb2m[0,0,0,0,0,-1,0,1,0]*(-2*a7)
bhabha2pb2m[0,1,-1,0,0,0,0,0,0]*(-6*a1)
bhabha2pb2m[0,0,1,0,0,0,0,0,-1]*(7*a2)
bhabha2pb2m[0,0,1,0,-1,0,0,0,0]*(-7*a2)
bhabha2pb2m[0,0,0,0,0,0,1,0,0]*(-22*a6)
bhabha2pb2m[0,0,1,0,0,0,0,0,0]*(-9*a2*eta+38*a2)
bhabha2pb2m[-1,0,0,0,0,0,1,0,0]*(-11*a6)
bhabha2pb2m[0,0,0,0,0,0,1,-1,0]*(6*a6)
bhabha2pb2m[0,0,0,0,0,-1,1,0,0]*(5*a6)

