481 4180236041737105019 2 5
6 8 7 0 5 
8 6 7 0 5 

488 17725818632165536094 1 5
8 6 3 7 5 

482 14487101468001313312 1 5
6 1 8 7 5 

484 4323769937847979480 2 5
6 8 7 2 5 
8 6 7 2 5 

496 12945076698413370687 1 5
6 8 4 7 5 

457 17714671183469809477 1 5
8 6 3 7 0 

458 2722766485645523969 1 5
7 6 3 1 8 

387 13926737043480523018 1 4
1 8 0 7 

354 11990769028644529110 2 4
5 6 1 8 
6 5 1 8 

323 12696195204810594380 1 4
0 6 1 8 

326 6454475818174722824 2 4
2 6 1 8 
6 2 1 8 

298 11990769028644529110 2 4
3 5 1 8 
5 3 1 8 

291 7698017585976049320 1 4
1 8 0 5 

294 15896268698264125057 2 4
1 8 5 2 
1 8 2 5 

267 15912622039163309722 1 4
0 3 1 8 

270 6925972535638963533 2 4
2 3 1 8 
3 2 1 8 

275 9629969436666557740 1 4
0 1 4 8 

390 7150496180077738619 2 4
1 8 7 2 
1 8 2 7 

263 7521903088142947439 1 4
1 8 0 2 

195 7865663979734287407 1 4
1 6 0 7 

452 1677071180347565230 2 4
6 8 7 2 
8 6 7 2 

209 9508741077882187096 2 4
4 6 0 7 
6 4 0 7 

466 17583430961032749130 2 5
6 7 1 8 4 
7 6 1 8 4 

163 17683014003491922410 1 4
1 0 5 7 

139 15819037546481469368 1 4
1 3 7 0 

396 15704017212081516077 2 4
3 8 7 2 
8 3 7 2 

153 12926529226531195520 2 4
3 4 0 7 
4 3 0 7 

410 6295242608580558872 2 5
3 7 1 4 8 
7 3 1 4 8 

147 15459588067429170898 1 4
1 4 0 7 

404 13150025586414177241 8 4
2 7 4 8 
2 7 8 4 
4 8 7 2 
4 8 2 7 
7 2 4 8 
7 2 8 4 
8 4 7 2 
8 4 2 7 

135 12289415060853060156 1 4
1 0 2 7 

392 12260785478939447192 6 3
3 7 8 
3 8 7 
7 3 8 
7 8 3 
8 7 3 
8 3 7 

232 10743669588284575603 2 4
3 6 7 5 
6 3 7 5 

105 8701225900252395111 2 4
3 6 0 5 
6 3 0 5 

362 1460371241948975353 2 5
5 3 6 1 8 
5 6 3 1 8 

360 16128585657598364786 2 4
8 5 6 3 
8 5 3 6 

103 18282365751313467841 1 5
1 6 5 2 0 

106 7568236313483855515 2 4
1 5 3 6 
1 5 6 3 

120 16128585657598364786 2 4
4 5 3 6 
4 5 6 3 

240 10601132076907988804 2 4
4 6 7 5 
6 4 7 5 

113 14880774725206026955 2 4
4 6 0 5 
6 4 0 5 

370 13594135148014827320 2 5
5 6 1 4 8 
6 5 1 4 8 

108 10743669588284575603 2 4
3 6 2 5 
6 3 2 5 

353 7878265415042743917 2 4
6 8 0 5 
8 6 0 5 

226 3604963490995638787 1 4
1 6 5 7 

99 17165500245228174541 1 4
1 6 5 0 

356 10601132076907988804 2 4
6 8 2 5 
8 6 2 5 

368 3364750820705448782 4 4
5 6 4 8 
5 6 8 4 
6 5 4 8 
6 5 8 4 

114 10802396514267938305 2 4
5 6 1 4 
6 5 1 4 

102 7004702972961935419 1 4
1 6 5 2 

116 1324427476534020738 2 4
4 6 2 5 
6 4 2 5 

329 12881060602641548067 1 4
0 8 3 6 

202 4243867993386757869 1 4
1 7 3 6 

75 8049733308116250235 1 4
1 0 3 6 

332 15183985570863556182 2 4
2 8 6 3 
8 2 6 3 

216 15183985570863556182 2 4
4 7 6 3 
7 4 6 3 

89 12881060602641548067 1 4
0 4 6 3 

346 1551446078946382902 2 5
3 6 1 4 8 
6 3 1 4 8 

344 9182445166795294852 4 4
3 6 4 8 
3 6 8 4 
6 3 4 8 
6 3 8 4 

87 11487259383335101488 1 5
6 1 4 2 0 

90 11105450004564376211 2 4
3 6 1 4 
6 3 1 4 

330 14913905766022535279 2 4
3 6 1 8 
6 3 1 8 

73 17248126343657116874 2 3
0 3 6 
0 6 3 

76 11283220846380389061 2 3
2 3 6 
2 6 3 

333 6741682293798515757 1 5
8 3 6 0 2 

131 9649538081701102843 1 3
1 0 7 

14 10706753935364593016 2 3
1 2 3 
1 3 2 

271 14535116875966803873 1 5
3 1 8 0 2 

269 8890533637995200090 2 4
3 8 0 2 
8 3 0 2 

142 11025324576651510866 1 4
1 3 7 2 

15 430096884007488319 1 4
1 3 0 2 

88 11283220846380389061 2 3
4 3 6 
4 6 3 

345 14583074525519968964 2 5
0 3 6 4 8 
0 6 3 8 4 

156 15704017212081516077 2 4
3 4 2 7 
4 3 2 7 

29 12956697032050990154 2 4
3 4 0 2 
4 3 0 2 

286 3211452996141361856 2 5
2 3 1 4 8 
3 2 1 4 8 

208 754205998099296360 6 3
4 6 7 
4 7 6 
6 4 7 
6 7 4 
7 6 4 
7 4 6 

465 16973357238507868693 1 5
6 8 4 7 0 

81 8601944490373965179 2 3
0 4 6 
0 6 4 

3 17935342459963897086 1 2
1 0 

134 12585292063867719537 2 3
1 2 7 
1 7 2 

391 18375371218049782865 1 5
1 8 0 2 7 

7 13848700440936545170 1 3
1 0 2 

78 4243867993386757869 1 4
1 2 6 3 

200 11283220846380389061 2 3
7 6 3 
7 3 6 

259 17533981407011413632 1 3
0 1 8 

277 500395640035807574 2 4
0 2 4 8 
0 2 8 4 

150 8950438065344213768 2 4
1 4 2 7 
1 4 7 2 

23 17554110267584770143 1 4
1 4 0 2 

84 2728381371886174304 6 3
2 4 6 
2 6 4 
4 2 6 
4 6 2 
6 4 2 
6 2 4 

341 6121545299837691410 1 5
6 2 0 4 8 

25 14691282060910584840 2 3
0 3 4 
0 4 3 

112 6906529405458791006 6 3
4 5 6 
4 6 5 
5 4 6 
5 6 4 
6 5 4 
6 4 5 

369 6607777172711330311 1 5
6 0 5 4 8 

38 7698985776645440831 2 3
1 2 5 
1 5 2 

295 1882044721491527898 1 5
1 8 0 2 5 

28 12260785478939447192 6 3
2 3 4 
2 4 3 
3 2 4 
3 4 2 
4 3 2 
4 2 3 

285 14246014577405492677 1 5
3 0 2 8 4 

166 2506011958774662217 2 4
1 2 7 5 
1 7 2 5 

39 8125292004132641316 1 4
1 0 2 5 

296 6906529405458791006 6 3
3 5 8 
3 8 5 
5 3 8 
5 8 3 
8 5 3 
8 3 5 

138 2512533711646785065 2 3
1 3 7 
1 7 3 

395 7711560209736784193 1 5
3 1 8 7 0 

265 8601944490373965179 2 3
0 3 8 
0 8 3 

11 15958059800931094834 1 3
1 0 3 

324 754205998099296360 6 3
2 6 8 
2 8 6 
6 2 8 
6 8 2 
8 6 2 
8 2 6 

67 11779913977412942438 1 3
1 0 6 

70 2512533711646785065 2 3
1 2 6 
1 6 2 

327 12581218368586636121 1 5
6 1 8 2 0 

162 7698985776645440831 2 3
1 5 7 
1 7 5 

419 14218628369790556627 1 5
1 8 0 5 7 

35 12616857154238079465 1 3
1 0 5 

56 6906529405458791006 6 3
3 4 5 
3 5 4 
4 3 5 
4 5 3 
5 4 3 
5 3 4 

313 6607777172711330311 1 5
3 0 5 8 4 

19 12604329166268277251 1 3
0 1 4 

273 15075452131784449724 2 3
0 4 8 
0 8 4 

42 18054779487213094827 2 3
1 3 5 
1 5 3 

299 5028329418227027261 1 5
3 1 8 5 0 

60 12190912153274299044 2 4
3 4 2 5 
4 3 2 5 

201 8446338114282884839 2 4
3 6 0 7 
6 3 0 7 

74 1517468451243966076 2 3
1 3 6 
1 6 3 

331 2930347778054543113 1 5
0 3 6 1 8 

328 11283220846380389061 2 3
8 6 3 
8 3 6 

71 2736919896676168067 1 4
1 6 2 0 

92 7885408825531391087 2 4
2 4 6 3 
4 2 6 3 

194 10706753935364593016 2 3
1 6 7 
1 7 6 

451 16572467858291497063 1 5
6 1 8 7 0 

448 2728381371886174304 6 3
6 7 8 
6 8 7 
7 6 8 
7 8 6 
8 7 6 
8 6 7 

321 14691282060910584840 2 3
0 6 8 
0 8 6 

212 1677071180347565230 2 4
4 6 2 7 
6 4 2 7 

85 18041200491207493591 2 4
4 6 2 0 
6 4 2 0 

342 14463169972624562395 2 5
2 6 1 4 8 
6 2 1 4 8 

98 18054779487213094827 2 3
1 5 6 
1 6 5 

355 16732016574281860705 1 5
6 1 8 5 0 

352 6906529405458791006 6 3
5 6 8 
5 8 6 
6 5 8 
6 8 5 
8 6 5 
8 5 6 

184 179286298576043391 2 4
3 4 5 7 
4 3 5 7 

57 7878265415042743917 2 4
3 4 0 5 
4 3 0 5 

314 13594135148014827320 2 5
3 5 1 4 8 
5 3 1 4 8 

284 15704017212081516077 2 4
2 3 4 8 
3 2 4 8 

27 18088100517322502917 1 4
0 3 1 4 

30 8686834486292627361 2 4
2 3 1 4 
3 2 1 4 

281 6817323726385814253 1 4
0 3 8 4 

154 15725396310838832048 2 4
3 7 1 4 
7 3 1 4 

340 1677071180347565230 2 4
2 6 4 8 
6 2 4 8 

83 8280502777028281871 1 4
0 6 1 4 

86 11761636407375004198 2 4
2 6 1 4 
6 2 1 4 

308 7556829846088060811 4 4
4 8 5 2 
4 8 2 5 
8 4 5 2 
8 4 2 5 

51 13249043901337675964 1 4
1 4 0 5 

54 6360605120071040097 2 4
1 4 2 5 
1 4 5 2 

305 18016995833771312655 2 4
0 5 4 8 
0 5 8 4 

178 6360605120071040097 2 4
1 4 5 7 
1 4 7 5 

300 179286298576043391 2 4
3 8 5 2 
8 3 5 2 

43 14549163135379725672 1 4
1 3 5 0 

46 3604963490995638787 1 4
1 3 5 2 

312 3364750820705448782 4 4
3 5 4 8 
3 5 8 4 
5 3 4 8 
5 3 8 4 

55 10866531263674254987 1 5
1 4 0 2 5 

58 10802396514267938305 2 4
3 5 1 4 
5 3 1 4 

297 14880774725206026955 2 4
3 8 0 5 
8 3 0 5 

170 7004702972961935419 1 4
1 3 5 7 

325 6215265785894425541 2 4
6 8 0 2 
8 6 0 2 

198 11025324576651510866 1 4
1 6 2 7 

337 6817323726385814253 1 4
0 6 4 8 

210 13312223719028599295 2 4
6 7 1 4 
7 6 1 4 

204 9182445166795294852 4 4
3 6 2 7 
3 6 7 2 
6 3 2 7 
6 3 7 2 

77 7936268081731167334 2 4
3 6 0 2 
6 3 0 2 

334 15106977992517077913 1 5
2 6 3 1 8 

401 4869610948523782254 2 4
0 7 4 8 
0 7 8 4 

408 15704017212081516077 2 4
3 7 8 4 
7 3 8 4 

151 17536009859770426894 1 5
1 4 0 2 7 

394 13186717803197333524 2 4
3 7 1 8 
7 3 1 8 

418 15896268698264125057 2 4
1 8 7 5 
1 8 5 7 

393 2456825029884573686 2 4
3 8 0 7 
8 3 0 7 

432 7556829846088060811 4 4
4 8 7 5 
4 8 5 7 
8 4 7 5 
8 4 5 7 

424 12190912153274299044 2 4
3 8 7 5 
8 3 7 5 

167 1339009668471020616 1 5
1 0 2 5 7 

464 1677071180347565230 2 4
6 7 8 4 
7 6 8 4 

450 15804328657059468321 2 4
6 7 1 8 
7 6 1 8 

449 16457444526862218145 2 4
6 8 7 0 
8 6 7 0 

480 1324427476534020738 2 4
6 8 7 5 
8 6 7 5 

456 7885408825531391087 2 4
7 8 6 3 
8 7 6 3 

199 12297981536110629473 1 5
1 6 2 0 7 

62 12121330771662879341 1 5
3 1 4 5 2 

31 15698010590821244809 1 5
3 1 4 0 2 

61 2084351166427028833 2 5
3 4 0 2 5 
4 3 0 2 5 

47 18254402845402449738 1 5
1 3 5 0 2 

59 214018542409546886 1 5
3 1 4 5 0 

316 4169205296502076595 1 5
3 4 8 2 5 

94 15534515153272340660 1 5
2 6 3 1 4 

93 1881948096208240957 1 5
4 6 3 2 0 

79 3258861528294599857 1 5
1 6 3 2 0 

118 14335385638262604182 1 5
6 1 4 2 5 

91 3860204339923765825 1 5
0 6 3 1 4 

348 1984773669962382838 1 5
2 6 3 4 8 

124 17725818632165536094 1 5
4 6 3 2 5 

117 8978393873997854610 2 5
4 6 2 0 5 
6 4 2 0 5 

115 6030374305595448945 1 5
6 1 4 5 0 

372 12945076698413370687 1 5
6 4 8 2 5 

110 7325705285637133623 1 5
1 6 3 5 2 

121 8817076285898403838 1 5
4 6 3 0 5 

109 11358365357131136071 2 5
3 6 0 2 5 
6 3 0 2 5 

122 12197696047580192424 2 5
5 3 6 1 4 
5 6 3 1 4 

107 10048230690689534814 1 5
1 3 6 5 0 

364 16028756778548567593 1 5
8 6 3 2 5 

158 9560606714678679938 1 5
3 1 4 7 2 

157 18059201181863003663 2 5
3 4 0 2 7 
4 3 0 2 7 

143 8228547284533000960 1 5
1 3 7 0 2 

182 16334031723583977530 2 5
1 4 2 7 5 
1 4 7 2 5 

155 13717142428639501553 1 5
3 1 4 7 0 

412 15397974748116556752 4 5
3 2 7 8 4 
3 4 8 7 2 
3 7 2 4 8 
3 8 4 2 7 

179 16682411541194059704 1 5
1 4 0 5 7 

436 143871076794329895 4 5
4 8 7 2 5 
4 8 2 7 5 
8 4 7 2 5 
8 4 2 7 5 

174 17789258283438766508 1 5
1 3 5 7 2 

186 11977853236904984816 1 5
3 1 4 5 7 

188 7262635795690302862 2 5
3 4 2 7 5 
4 3 2 7 5 

171 10017201176561111014 1 5
1 3 5 7 0 

428 7262635795690302862 2 5
3 8 7 2 5 
8 3 7 2 5 

214 14686111556629978587 1 5
6 1 4 2 7 

185 2583656436818948873 2 5
3 4 0 5 7 
4 3 0 5 7 

213 16427366058681501162 2 5
4 6 2 0 7 
6 4 2 0 7 

211 14790580895198906381 1 5
6 1 4 0 7 

468 2116756502251157976 4 5
6 4 8 7 2 
6 2 7 8 4 
6 7 2 4 8 
6 8 4 2 7 

220 1984773669962382838 1 5
4 6 3 2 7 

218 3518847798525729617 1 5
7 3 6 1 4 

206 7490928740652548310 2 5
1 3 6 2 7 
1 6 3 7 2 

217 6330104226858250790 1 5
4 6 3 0 7 

205 11752010901556357662 2 5
3 6 0 2 7 
6 3 0 2 7 

230 17789258283438766508 1 5
1 6 5 2 7 

203 8274343779272411166 1 5
1 3 6 7 0 

460 1984773669962382838 1 5
8 6 3 7 2 

244 4323769937847979480 2 5
4 6 2 7 5 
6 4 2 7 5 

242 3052808397193190825 1 5
6 1 4 5 7 

227 3567972745193562194 1 5
1 6 5 0 7 

248 16028756778548567593 1 5
4 6 3 7 5 

241 377251226325067391 2 5
4 6 0 5 7 
6 4 0 5 7 

236 9336784811720327694 4 5
3 6 2 7 5 
3 6 7 2 5 
6 3 2 7 5 
6 3 7 2 5 

234 7325705285637133623 1 5
1 3 6 5 7 

279 17504174278765884595 1 5
0 2 1 4 8 

233 5675199223266241774 2 5
3 6 0 5 7 
6 3 0 5 7 

283 9356327337031288861 1 5
0 3 1 4 8 

310 392989038128438156 2 5
2 5 1 4 8 
5 2 1 4 8 

307 4042042639462957720 1 5
0 5 1 4 8 

309 3768693266460767125 2 5
4 8 0 2 5 
8 4 0 2 5 

302 8992677721221173321 1 5
3 1 8 5 2 

301 5484570709418826145 2 5
3 8 0 2 5 
8 3 0 2 5 

339 13168736525047822312 1 5
0 6 1 4 8 

358 13305149213252506437 1 5
6 1 8 5 2 

357 14954822162551446544 2 5
6 8 0 2 5 
8 6 0 2 5 

361 8817076285898403838 1 5
8 3 6 0 5 

376 11591694322167734287 4 5
5 3 6 4 8 
5 3 6 8 4 
5 6 3 4 8 
5 6 3 8 4 

406 17443941716167504307 2 5
2 7 1 4 8 
7 2 1 4 8 

403 6445618315237803209 1 5
0 7 1 4 8 

405 13539121292674444627 2 5
4 8 0 2 7 
8 4 0 2 7 

398 1314320237588786228 1 5
3 1 8 7 2 

397 13280451869157586528 2 5
3 8 0 2 7 
8 3 0 2 7 

409 1093318392714502562 1 5
3 0 7 8 4 

422 7198735148424648000 2 5
1 8 7 2 5 
1 8 2 7 5 

434 392989038128438156 2 5
5 7 1 4 8 
7 5 1 4 8 

433 5205200189375901676 2 5
4 8 0 5 7 
8 4 0 5 7 

440 4169205296502076595 1 5
3 8 4 7 5 

426 1576893261779221676 1 5
3 1 8 5 7 

454 6399919801106672932 1 5
6 1 8 7 2 

425 16205742383016853790 2 5
3 8 0 5 7 
8 3 0 5 7 

453 17470336169375123162 2 5
6 8 7 0 2 
8 6 7 0 2 

472 1984773669962382838 1 5
7 6 3 8 4 

