bhabha2pb[0,0,0,0,0,0,0,0,0]*(-2*a5-a2-1/2*a6-1/2*a3-a0-a7+d)
bhabha2pb[1,0,0,0,0,-1,0,0,0]*(-a0)
bhabha2pb[1,0,0,0,0,0,0,0,0]*(-4*a0-eta*a0)
bhabha2pb[0,0,0,0,0,0,0,1,0]*(a7)
bhabha2pb[0,0,1,0,0,-1,0,0,0]*(-a2)
bhabha2pb[0,0,1,0,0,0,0,0,0]*(a2)
bhabha2pb[0,0,0,0,0,-1,0,1,0]*(-a7)
bhabha2pb[0,0,0,1,0,-1,0,0,0]*(-2*a3)
bhabha2pb[0,0,0,1,0,0,-1,0,0]*(1/2*a3)
bhabha2pb[0,0,0,0,0,-1,1,0,0]*(-2*a6)
bhabha2pb[0,0,0,-1,0,0,1,0,0]*(1/2*a6)

bhabha2pb[0,0,0,0,0,0,0,0,0]*(-a1-a8-3/2*a6-3/2*a3-a4+d)
bhabha2pb[0,1,0,-1,0,0,0,0,0]*(-1/2*a1)
bhabha2pb[0,1,0,0,0,-1,0,0,0]*(a1)
bhabha2pb[0,1,0,0,0,0,-1,0,0]*(-1/2*a1)
bhabha2pb[0,1,0,0,0,0,0,0,0]*(-4*a1)
bhabha2pb[0,0,0,0,0,0,0,0,1]*(a8)
bhabha2pb[0,0,0,1,0,-1,0,0,0]*(2*a3)
bhabha2pb[0,0,0,1,0,0,-1,0,0]*(-1/2*a3)
bhabha2pb[0,0,0,-1,1,0,0,0,0]*(-1/2*a4)
bhabha2pb[0,0,0,0,0,0,-1,0,1]*(-1/2*a8)
bhabha2pb[0,0,0,0,1,-1,0,0,0]*(a4)
bhabha2pb[0,0,0,0,1,0,-1,0,0]*(-1/2*a4)
bhabha2pb[0,0,0,0,1,0,0,0,0]*(a4)
bhabha2pb[0,0,0,-1,0,0,1,0,0]*(-1/2*a6)
bhabha2pb[0,0,0,0,0,-1,1,0,0]*(2*a6)
bhabha2pb[0,0,0,0,0,-1,0,0,1]*(a8)
bhabha2pb[0,0,0,-1,0,0,0,0,1]*(-1/2*a8)

bhabha2pb[0,0,0,0,0,0,0,0,0]*(-a1+a8)
bhabha2pb[0,1,0,0,0,0,0,0,-1]*(a1)
bhabha2pb[0,1,0,0,0,0,0,0,0]*(-2*a1)
bhabha2pb[-1,0,0,1,0,0,0,0,0]*(a3)
bhabha2pb[0,-1,0,1,0,0,0,0,0]*(-a3)
bhabha2pb[0,0,-1,1,0,0,0,0,0]*(-a3)
bhabha2pb[0,0,0,1,0,0,0,0,-1]*(a3)
bhabha2pb[0,0,0,1,0,0,0,0,0]*(a3*eta)
bhabha2pb[0,-1,0,0,1,0,0,0,0]*(-a4)
bhabha2pb[0,0,0,0,1,0,0,0,-1]*(a4)
bhabha2pb[0,0,0,0,1,0,0,0,0]*(-11*a4)
bhabha2pb[-1,0,0,0,0,0,1,0,0]*(-a6)
bhabha2pb[0,-1,0,0,0,0,1,0,0]*(-a6)
bhabha2pb[0,0,-1,0,0,0,1,0,0]*(a6)
bhabha2pb[0,0,0,0,0,0,1,0,-1]*(a6)
bhabha2pb[0,0,0,0,0,0,1,0,0]*(-a6*eta-10*a6)
bhabha2pb[0,-1,0,0,0,0,0,0,1]*(-a8)

bhabha2pb[1,-1,0,0,0,0,0,0,0]*(-a0)
bhabha2pb[1,0,0,-1,0,0,0,0,0]*(a0)
bhabha2pb[1,0,0,0,0,-1,0,0,0]*(-a0)
bhabha2pb[1,0,0,0,0,0,0,0,0]*(-4*a0)
bhabha2pb[0,0,1,-1,0,0,0,0,0]*(a2)
bhabha2pb[0,0,1,0,0,-1,0,0,0]*(-a2)
bhabha2pb[0,0,1,0,0,0,0,0,-1]*(-a2)
bhabha2pb[0,0,1,0,0,0,0,0,0]*(a2)
bhabha2pb[0,0,0,0,0,0,0,0,0]*(-3/2*a6+3/2*a3)
bhabha2pb[0,0,0,1,0,-1,0,0,0]*(-2*a3)
bhabha2pb[0,0,0,1,0,0,-1,0,0]*(1/2*a3)
bhabha2pb[0,0,0,-1,0,1,0,0,0]*(1/2*a5)
bhabha2pb[0,0,0,0,0,1,-1,0,0]*(-1/2*a5)
bhabha2pb[0,0,0,-1,0,0,1,0,0]*(-1/2*a6)
bhabha2pb[0,0,0,0,0,-1,1,0,0]*(2*a6)
bhabha2pb[0,0,0,0,0,0,0,1,0]*(a7)
bhabha2pb[0,0,0,-1,0,0,0,1,0]*(a7)
bhabha2pb[0,0,0,0,-1,0,0,1,0]*(-a7)
bhabha2pb[0,0,0,0,0,-1,0,1,0]*(-a7)

bhabha2pb[1,0,-1,0,0,0,0,0,0]*(-a0)
bhabha2pb[1,0,0,0,0,-1,0,0,0]*(a0)
bhabha2pb[1,0,0,0,0,0,0,0,0]*(4*a0)
bhabha2pb[0,0,0,0,0,0,0,0,0]*(a5-a2+1/2*a6-1/2*a3)
bhabha2pb[0,0,1,0,0,-1,0,0,0]*(a2)
bhabha2pb[0,0,1,0,0,0,0,0,0]*(-a2)
bhabha2pb[0,0,-1,1,0,0,0,0,0]*(-a3)
bhabha2pb[0,0,0,0,0,0,0,1,0]*(4*a7)
bhabha2pb[0,0,0,1,0,-1,0,0,0]*(2*a3)
bhabha2pb[0,0,0,1,0,0,-1,0,0]*(-1/2*a3)
bhabha2pb[0,0,0,1,0,0,0,0,-1]*(a3)
bhabha2pb[0,0,-1,0,0,1,0,0,0]*(-a5)
bhabha2pb[0,0,0,0,0,-1,0,1,0]*(a7)
bhabha2pb[0,0,0,0,0,1,0,0,0]*(a5)
bhabha2pb[0,0,-1,0,0,0,1,0,0]*(-a6)
bhabha2pb[0,0,0,-1,0,0,1,0,0]*(1/2*a6)
bhabha2pb[0,0,-1,0,0,0,0,1,0]*(-a7)
bhabha2pb[0,0,0,0,0,0,1,0,-1]*(-a6)
bhabha2pb[0,0,0,0,0,0,1,0,0]*(2*a6)

bhabha2pb[1,0,0,0,0,-1,0,0,0]*(a0)
bhabha2pb[1,0,0,0,0,0,0,-1,0]*(-a0)
bhabha2pb[1,0,0,0,0,0,0,0,0]*(-2*a0)
bhabha2pb[0,0,1,0,0,-1,0,0,0]*(a2)
bhabha2pb[0,0,1,0,0,0,0,-1,0]*(-a2)
bhabha2pb[0,0,1,0,0,0,0,0,0]*(4*a2)
bhabha2pb[0,0,0,0,0,0,0,0,0]*(a5+1/2*a6-1/2*a3-a7)
bhabha2pb[0,0,0,1,-1,0,0,0,0]*(a3)
bhabha2pb[0,0,0,1,0,-1,0,0,0]*(2*a3)
bhabha2pb[0,0,0,1,0,0,-1,0,0]*(-1/2*a3)
bhabha2pb[0,0,0,1,0,0,0,-1,0]*(-a3)
bhabha2pb[0,0,0,0,0,0,0,1,0]*(-a7)
bhabha2pb[0,0,0,0,0,1,0,-1,0]*(-a5)
bhabha2pb[0,0,0,0,0,1,0,0,0]*(a5)
bhabha2pb[0,0,0,-1,0,0,1,0,0]*(1/2*a6)
bhabha2pb[0,0,0,0,-1,0,1,0,0]*(-a6)
bhabha2pb[0,0,0,0,0,-1,0,1,0]*(a7)
bhabha2pb[0,0,0,0,0,0,1,-1,0]*(-a6)
bhabha2pb[0,0,0,0,0,0,1,0,0]*(2*a6)

bhabha2pb[-1,1,0,0,0,0,0,0,0]*(-a1)
bhabha2pb[0,1,0,-1,0,0,0,0,0]*(1/2*a1)
bhabha2pb[0,1,0,0,0,-1,0,0,0]*(a1)
bhabha2pb[0,1,0,0,0,0,-1,0,0]*(-1/2*a1)
bhabha2pb[0,1,0,0,0,0,0,0,0]*(-4*a1-a1*eta)
bhabha2pb[0,0,0,0,0,0,0,0,0]*(-1/2*a6+1/2*a3)
bhabha2pb[0,0,0,1,0,-1,0,0,0]*(2*a3)
bhabha2pb[0,0,0,1,0,0,-1,0,0]*(-1/2*a3)
bhabha2pb[0,0,0,-1,1,0,0,0,0]*(1/2*a4)
bhabha2pb[0,0,0,0,1,-1,0,0,0]*(a4)
bhabha2pb[0,0,0,0,1,0,-1,0,0]*(-1/2*a4)
bhabha2pb[0,0,0,0,1,0,0,-1,0]*(-a4)
bhabha2pb[0,0,0,0,1,0,0,0,0]*(a4)
bhabha2pb[0,0,0,-1,0,0,1,0,0]*(1/2*a6)
bhabha2pb[0,0,0,0,0,-1,1,0,0]*(-2*a6)
bhabha2pb[0,0,0,0,0,0,0,0,1]*(a8)
bhabha2pb[0,0,-1,0,0,0,0,0,1]*(-a8)
bhabha2pb[0,0,0,-1,0,0,0,0,1]*(1/2*a8)
bhabha2pb[0,0,0,0,0,-1,0,0,1]*(a8)
bhabha2pb[0,0,0,0,0,0,-1,0,1]*(-1/2*a8)

bhabha2pb[0,0,0,0,0,0,0,0,0]*(a2-a0)
bhabha2pb[1,0,-1,0,0,0,0,0,0]*(a0)
bhabha2pb[1,0,0,0,0,0,0,0,0]*(-2*a0-eta*a0)
bhabha2pb[-1,0,1,0,0,0,0,0,0]*(-a2)
bhabha2pb[0,0,0,0,0,0,0,1,0]*(-eta*a7-11*a7)
bhabha2pb[0,0,1,0,0,0,0,0,0]*(-a2*eta)
bhabha2pb[-1,0,0,1,0,0,0,0,0]*(-a3)
bhabha2pb[0,-1,0,1,0,0,0,0,0]*(a3)
bhabha2pb[0,0,-1,1,0,0,0,0,0]*(a3)
bhabha2pb[0,0,0,1,0,0,0,0,-1]*(-a3)
bhabha2pb[0,0,0,1,0,0,0,0,0]*(-a3*eta)
bhabha2pb[-1,0,0,0,0,1,0,0,0]*(-a5)
bhabha2pb[0,0,-1,0,0,1,0,0,0]*(a5)
bhabha2pb[0,0,0,0,0,1,0,0,0]*(-5*a5-a5*eta)
bhabha2pb[-1,0,0,0,0,0,1,0,0]*(-a6)
bhabha2pb[0,-1,0,0,0,0,1,0,0]*(-a6)
bhabha2pb[0,0,-1,0,0,0,1,0,0]*(a6)
bhabha2pb[0,0,0,0,0,0,1,0,-1]*(a6)
bhabha2pb[0,0,0,0,0,0,1,0,0]*(-a6*eta-10*a6)
bhabha2pb[-1,0,0,0,0,0,0,1,0]*(-a7)
bhabha2pb[0,0,-1,0,0,0,0,1,0]*(a7)

bhabha2pb[0,1,0,-1,0,0,0,0,0]*(1/2*a1)
bhabha2pb[0,1,0,0,0,-1,0,0,0]*(-a1)
bhabha2pb[0,1,0,0,0,0,-1,0,0]*(1/2*a1)
bhabha2pb[0,1,0,0,0,0,0,0,-1]*(-a1)
bhabha2pb[0,1,0,0,0,0,0,0,0]*(4*a1)
bhabha2pb[0,0,-1,1,0,0,0,0,0]*(a3)
bhabha2pb[0,0,0,0,0,0,0,0,0]*(-a8+1/2*a6+1/2*a3)
bhabha2pb[0,0,0,1,0,-1,0,0,0]*(-2*a3)
bhabha2pb[0,0,0,1,0,0,-1,0,0]*(1/2*a3)
bhabha2pb[0,0,0,1,0,0,0,0,-1]*(-a3)
bhabha2pb[0,0,0,-1,1,0,0,0,0]*(1/2*a4)
bhabha2pb[0,0,0,0,1,-1,0,0,0]*(-a4)
bhabha2pb[0,0,0,0,1,0,-1,0,0]*(1/2*a4)
bhabha2pb[0,0,0,0,1,0,0,0,-1]*(-a4)
bhabha2pb[0,0,0,0,1,0,0,0,0]*(4*a4)
bhabha2pb[0,0,-1,0,0,0,1,0,0]*(-a6)
bhabha2pb[0,0,0,-1,0,0,1,0,0]*(1/2*a6)
bhabha2pb[0,0,0,0,0,0,0,0,1]*(-a8)
bhabha2pb[0,0,0,0,0,0,1,0,-1]*(-a6)
bhabha2pb[0,0,0,0,0,0,1,0,0]*(2*a6)
bhabha2pb[0,0,0,-1,0,0,0,0,1]*(1/2*a8)
bhabha2pb[0,0,0,0,0,-1,0,0,1]*(-a8)
bhabha2pb[0,0,0,0,0,0,-1,0,1]*(1/2*a8)

bhabha2pb[0,1,0,-1,0,0,0,0,0]*(1/2*a1)
bhabha2pb[0,1,0,0,-1,0,0,0,0]*(-a1)
bhabha2pb[0,1,0,0,0,-1,0,0,0]*(-a1)
bhabha2pb[0,1,0,0,0,0,-1,0,0]*(1/2*a1)
bhabha2pb[0,1,0,0,0,0,0,0,0]*(-2*a1)
bhabha2pb[0,0,0,0,0,0,0,0,0]*(1/2*a6+1/2*a3-a4)
bhabha2pb[0,0,0,1,-1,0,0,0,0]*(-a3)
bhabha2pb[0,0,0,1,0,-1,0,0,0]*(-2*a3)
bhabha2pb[0,0,0,1,0,0,-1,0,0]*(1/2*a3)
bhabha2pb[0,0,0,1,0,0,0,-1,0]*(a3)
bhabha2pb[0,0,0,-1,1,0,0,0,0]*(1/2*a4)
bhabha2pb[0,0,0,0,0,0,0,0,1]*(4*a8)
bhabha2pb[0,0,0,0,1,-1,0,0,0]*(-a4)
bhabha2pb[0,0,0,0,1,0,-1,0,0]*(1/2*a4)
bhabha2pb[0,0,0,0,1,0,0,0,0]*(-a4)
bhabha2pb[0,0,0,-1,0,0,1,0,0]*(1/2*a6)
bhabha2pb[0,0,0,0,-1,0,1,0,0]*(-a6)
bhabha2pb[0,0,0,0,0,0,-1,0,1]*(1/2*a8)
bhabha2pb[0,0,0,0,0,0,1,-1,0]*(-a6)
bhabha2pb[0,0,0,0,0,0,1,0,0]*(2*a6)
bhabha2pb[0,0,0,-1,0,0,0,0,1]*(1/2*a8)
bhabha2pb[0,0,0,0,-1,0,0,0,1]*(-a8)
bhabha2pb[0,0,0,0,0,-1,0,0,1]*(-a8)

