bhabha2pb[1,0,-1,0,0,0,0,0,0]*(6*a0)
bhabha2pb[1,0,0,0,0,-1,0,0,0]*(-3*a0)
bhabha2pb[1,0,0,0,0,0,0,0,0]*(-18*a0-3*eta*a0)
bhabha2pb[0,0,0,0,0,0,0,0,0]*(-3*a1+3*a8+3*a2-3*a0)
bhabha2pb[0,0,0,0,0,0,0,1,0]*(-3*eta*a7-9*a7)
bhabha2pb[0,0,0,0,0,-1,0,1,0]*(6*a7)
bhabha2pb[0,1,0,-1,0,0,0,0,0]*(-3/2*a1)
bhabha2pb[0,1,0,0,0,-1,0,0,0]*(3*a1)
bhabha2pb[0,1,0,0,0,0,-1,0,0]*(-3/2*a1)
bhabha2pb[0,1,0,0,0,0,0,0,-1]*(6*a1)
bhabha2pb[0,1,0,0,0,0,0,0,0]*(-18*a1)
bhabha2pb[0,0,0,0,1,0,0,0,-1]*(-3*a4)
bhabha2pb[0,0,0,-1,1,0,0,0,0]*(3*a4)
bhabha2pb[0,0,0,0,1,0,0,0,0]*(-9*a4)
bhabha2pb[0,-1,0,0,1,0,0,0,0]*(-3*a4)
bhabha2pb[0,0,1,0,0,-1,0,0,0]*(-5*a2)
bhabha2pb[0,0,1,0,0,0,0,0,0]*(2*a2*eta+5*a2)
bhabha2pb[-1,0,1,0,0,0,0,0,0]*(2*a2)
bhabha2pb[0,0,-1,0,0,0,0,1,0]*(-3*a7)
bhabha2pb[-1,0,0,0,0,0,0,1,0]*(-3*a7)
bhabha2pb[0,0,0,-1,0,0,0,0,1]*(-5/2*a8)
bhabha2pb[0,0,0,0,0,-1,0,0,1]*(5*a8)
bhabha2pb[0,0,0,0,0,0,-1,0,1]*(-5/2*a8)
bhabha2pb[0,0,0,0,1,-1,0,0,0]*(-6*a4)
bhabha2pb[0,0,0,0,0,0,0,0,1]*(5*a8)
bhabha2pb[0,-1,0,0,0,0,0,0,1]*(2*a8)
bhabha2pb[0,0,0,0,1,0,-1,0,0]*(3*a4)

bhabha2pb[1,0,-1,0,0,0,0,0,0]*(-3*a0)
bhabha2pb[1,0,0,0,0,-1,0,0,0]*(6*a0)
bhabha2pb[1,0,0,0,0,0,0,0,0]*(6*a0)
bhabha2pb[0,0,0,0,0,0,0,0,0]*(3*a8+3*a2-3*a7-3*a4)
bhabha2pb[1,0,0,0,0,0,0,-1,0]*(-3*a0)
bhabha2pb[0,0,0,0,0,-1,0,1,0]*(5*a7)
bhabha2pb[0,1,0,-1,0,0,0,0,0]*(3*a1)
bhabha2pb[0,1,0,0,0,-1,0,0,0]*(-6*a1)
bhabha2pb[0,1,0,0,0,0,-1,0,0]*(3*a1)
bhabha2pb[0,1,0,0,0,0,0,0,-1]*(-3*a1)
bhabha2pb[0,1,0,0,0,0,0,0,0]*(6*a1)
bhabha2pb[0,0,0,0,1,0,0,0,-1]*(-2*a4)
bhabha2pb[0,1,0,0,-1,0,0,0,0]*(-3*a1)
bhabha2pb[0,0,0,-1,1,0,0,0,0]*(5/2*a4)
bhabha2pb[0,0,0,0,1,0,-1,0,0]*(5/2*a4)
bhabha2pb[0,0,0,0,1,-1,0,0,0]*(-5*a4)
bhabha2pb[0,0,0,0,1,0,0,0,0]*(5*a4)
bhabha2pb[0,0,1,0,0,-1,0,0,0]*(-5*a2)
bhabha2pb[0,0,1,0,0,0,0,0,0]*(-5*a2)
bhabha2pb[0,0,-1,0,0,0,0,1,0]*(-2*a7)
bhabha2pb[0,0,1,0,0,0,0,-1,0]*(2*a2)
bhabha2pb[0,0,0,0,0,0,0,1,0]*(5*a7)
bhabha2pb[0,0,0,-1,0,0,0,0,1]*(-5/2*a8)
bhabha2pb[0,0,0,0,0,-1,0,0,1]*(5*a8)
bhabha2pb[0,0,0,0,0,0,-1,0,1]*(-5/2*a8)
bhabha2pb[0,0,0,0,0,0,0,0,1]*(-5*a8)
bhabha2pb[0,0,0,0,-1,0,0,0,1]*(2*a8)

bhabha2pb[0,0,0,0,0,0,0,0,0]*(-3*a1-3*a8-3*a2-3*a0+6*a7+6*a4)
bhabha2pb[1,0,-1,0,0,0,0,0,0]*(3*a0)
bhabha2pb[1,0,0,0,0,0,0,0,0]*(-12*a0-3*eta*a0)
bhabha2pb[1,0,0,0,0,-1,0,0,0]*(3*a0)
bhabha2pb[1,0,0,0,0,0,0,-1,0]*(-3*a0)
bhabha2pb[0,0,0,0,1,-1,0,0,0]*(6*a4)
bhabha2pb[0,0,0,0,0,0,0,1,0]*(-2*eta*a7-16*a7)
bhabha2pb[0,1,0,0,0,0,0,0,-1]*(3*a1)
bhabha2pb[0,1,0,0,0,0,0,0,0]*(-12*a1)
bhabha2pb[0,1,0,-1,0,0,0,0,0]*(3/2*a1)
bhabha2pb[0,1,0,0,-1,0,0,0,0]*(-3*a1)
bhabha2pb[0,1,0,0,0,-1,0,0,0]*(-3*a1)
bhabha2pb[0,1,0,0,0,0,-1,0,0]*(3/2*a1)
bhabha2pb[-1,0,0,0,0,0,0,1,0]*(-2*a7)
bhabha2pb[-1,0,1,0,0,0,0,0,0]*(3*a2)
bhabha2pb[0,0,0,0,0,-1,0,1,0]*(-6*a7)
bhabha2pb[0,0,1,0,0,0,0,0,0]*(3*a2*eta+20*a2)
bhabha2pb[0,0,1,0,0,-1,0,0,0]*(5*a2)
bhabha2pb[0,0,1,0,0,0,0,-1,0]*(-5*a2)
bhabha2pb[0,0,0,-1,1,0,0,0,0]*(-3*a4)
bhabha2pb[0,-1,0,0,0,0,0,0,1]*(3*a8)
bhabha2pb[0,-1,0,0,1,0,0,0,0]*(-2*a4)
bhabha2pb[0,0,0,-1,0,0,0,0,1]*(5/2*a8)
bhabha2pb[0,0,0,0,-1,0,0,0,1]*(-5*a8)
bhabha2pb[0,0,0,0,0,-1,0,0,1]*(-5*a8)
bhabha2pb[0,0,0,0,0,0,-1,0,1]*(5/2*a8)
bhabha2pb[0,0,0,0,0,0,0,0,1]*(20*a8)
bhabha2pb[0,0,-1,0,0,0,0,1,0]*(2*a7)
bhabha2pb[0,0,0,0,1,0,-1,0,0]*(-3*a4)
bhabha2pb[0,0,0,0,1,0,0,0,0]*(-16*a4)
bhabha2pb[0,0,0,0,1,0,0,0,-1]*(2*a4)

