481 5280956213281887800 2 5
6 8 7 0 5 
8 6 7 0 5 

488 17725818632165536094 1 5
8 6 3 7 5 

482 14487101468001313312 1 5
6 1 8 7 5 

496 12945076698413370687 1 5
6 8 4 7 5 

484 4323769937847979480 2 5
6 8 7 2 5 
8 6 7 2 5 

457 3554311037543118513 1 5
8 6 3 7 0 

472 1984773669962382838 1 5
7 6 3 8 4 

387 2122916004942879512 1 4
1 8 0 7 

354 11990769028644529110 2 4
5 6 1 8 
6 5 1 8 

323 13941475548152785362 1 4
0 6 1 8 

326 6454475818174722824 2 4
2 6 1 8 
6 2 1 8 

298 11990769028644529110 2 4
3 5 1 8 
5 3 1 8 

291 8264438865842610396 1 4
1 8 0 5 

294 15896268698264125057 2 4
1 8 5 2 
1 8 2 5 

267 40312338507507196 1 4
0 3 1 8 

270 6925972535638963533 2 4
2 3 1 8 
3 2 1 8 

275 4429539586919043281 1 4
0 1 4 8 

390 7150496180077738619 2 4
1 8 7 2 
1 8 2 7 

263 10863787366753049873 1 4
1 8 0 2 

195 12895685880710007077 1 4
1 6 0 7 

452 1677071180347565230 2 4
6 8 7 2 
8 6 7 2 

209 66590321847729176 2 4
4 6 0 7 
6 4 0 7 

466 17583430961032749130 2 5
6 7 1 8 4 
7 6 1 8 4 

163 10005015736212952076 1 4
1 0 5 7 

153 3508612087533080630 2 4
3 4 0 7 
4 3 0 7 

410 6295242608580558872 2 5
3 7 1 4 8 
7 3 1 4 8 

139 15099748955375690058 1 4
1 3 7 0 

396 15704017212081516077 2 4
3 8 7 2 
8 3 7 2 

147 12978409734670060012 1 4
1 4 0 7 

404 13150025586414177241 8 4
2 7 4 8 
2 7 8 4 
4 8 7 2 
4 8 2 7 
7 2 4 8 
7 2 8 4 
8 4 7 2 
8 4 2 7 

135 10535898596866493522 1 4
1 0 2 7 

392 12260785478939447192 6 3
3 7 8 
3 8 7 
7 3 8 
7 8 3 
8 7 3 
8 3 7 

232 10743669588284575603 2 4
3 6 7 5 
6 3 7 5 

105 14066204680319040710 2 4
3 6 0 5 
6 3 0 5 

362 1460371241948975353 2 5
5 3 6 1 8 
5 6 3 1 8 

360 16128585657598364786 2 4
8 5 6 3 
8 5 3 6 

103 18121090650506523227 1 5
1 6 5 2 0 

106 7568236313483855515 2 4
1 5 3 6 
1 5 6 3 

120 16128585657598364786 2 4
4 5 3 6 
4 5 6 3 

108 10743669588284575603 2 4
3 6 2 5 
6 3 2 5 

353 5971074337781242484 2 4
6 8 0 5 
8 6 0 5 

226 3604963490995638787 1 4
1 6 5 7 

99 295279128857150693 1 4
1 6 5 0 

356 10601132076907988804 2 4
6 8 2 5 
8 6 2 5 

240 10601132076907988804 2 4
4 6 7 5 
6 4 7 5 

113 11913908367636129013 2 4
4 6 0 5 
6 4 0 5 

370 13594135148014827320 2 5
5 6 1 4 8 
6 5 1 4 8 

368 3364750820705448782 4 4
5 6 4 8 
5 6 8 4 
6 5 4 8 
6 5 8 4 

114 10802396514267938305 2 4
5 6 1 4 
6 5 1 4 

102 7004702972961935419 1 4
1 6 5 2 

116 1324427476534020738 2 4
4 6 2 5 
6 4 2 5 

329 5945373828304108178 1 4
0 8 3 6 

202 4243867993386757869 1 4
1 7 3 6 

75 8540128566604138531 1 4
1 0 3 6 

332 15183985570863556182 2 4
2 8 6 3 
8 2 6 3 

216 15183985570863556182 2 4
4 7 6 3 
7 4 6 3 

89 5945373828304108178 1 4
0 4 6 3 

346 1551446078946382902 2 5
3 6 1 4 8 
6 3 1 4 8 

330 14913905766022535279 2 4
3 6 1 8 
6 3 1 8 

73 3966262546273743258 2 3
0 3 6 
0 6 3 

76 11283220846380389061 2 3
2 3 6 
2 6 3 

333 15901912370785948311 1 5
8 3 6 0 2 

344 9182445166795294852 4 4
3 6 4 8 
3 6 8 4 
6 3 4 8 
6 3 8 4 

87 17469013369509425715 1 5
6 1 4 2 0 

90 11105450004564376211 2 4
3 6 1 4 
6 3 1 4 

131 4810432843772592408 1 3
1 0 7 

14 10706753935364593016 2 3
1 2 3 
1 3 2 

271 1345699910863307739 1 5
3 1 8 0 2 

269 1173487554912462815 2 4
3 8 0 2 
8 3 0 2 

142 11025324576651510866 1 4
1 3 7 2 

15 10376566141301975362 1 4
1 3 0 2 

88 11283220846380389061 2 3
4 3 6 
4 6 3 

345 638055670694795617 2 5
0 3 6 4 8 
0 6 3 8 4 

156 15704017212081516077 2 4
3 4 2 7 
4 3 2 7 

29 11749766507619596278 2 4
3 4 0 2 
4 3 0 2 

286 3211452996141361856 2 5
2 3 1 4 8 
3 2 1 4 8 

208 754205998099296360 6 3
4 6 7 
4 7 6 
6 4 7 
6 7 4 
7 6 4 
7 4 6 

465 3556605418123887478 1 5
6 8 4 7 0 

81 7079035452611023820 2 3
0 4 6 
0 6 4 

3 12893131977844289213 1 2
1 0 

134 12585292063867719537 2 3
1 2 7 
1 7 2 

391 8968673564592726001 1 5
1 8 0 2 7 

7 2211433503843636553 1 3
1 0 2 

166 2506011958774662217 2 4
1 2 7 5 
1 7 2 5 

39 11401314064528746665 1 4
1 0 2 5 

296 6906529405458791006 6 3
3 5 8 
3 8 5 
5 3 8 
5 8 3 
8 5 3 
8 3 5 

324 754205998099296360 6 3
2 6 8 
2 8 6 
6 2 8 
6 8 2 
8 6 2 
8 2 6 

67 531228283016907642 1 3
1 0 6 

70 2512533711646785065 2 3
1 2 6 
1 6 2 

327 12906941902146439910 1 5
6 1 8 2 0 

78 4243867993386757869 1 4
1 2 6 3 

200 11283220846380389061 2 3
7 6 3 
7 3 6 

259 8088271910182889539 1 3
0 1 8 

277 13924634466812872454 2 4
0 2 4 8 
0 2 8 4 

150 8950438065344213768 2 4
1 4 2 7 
1 4 7 2 

23 8076185928063466970 1 4
1 4 0 2 

84 2728381371886174304 6 3
2 4 6 
2 6 4 
4 2 6 
4 6 2 
6 4 2 
6 2 4 

341 9967638807066526128 1 5
6 2 0 4 8 

25 8082229705884731775 2 3
0 3 4 
0 4 3 

112 6906529405458791006 6 3
4 5 6 
4 6 5 
5 4 6 
5 6 4 
6 5 4 
6 4 5 

369 14214395695170576751 1 5
6 0 5 4 8 

38 7698985776645440831 2 3
1 2 5 
1 5 2 

295 8330585629601221667 1 5
1 8 0 2 5 

138 2512533711646785065 2 3
1 3 7 
1 7 3 

395 14453992954151071514 1 5
3 1 8 7 0 

265 7079035452611023820 2 3
0 3 8 
0 8 3 

11 10866969791043838960 1 3
1 0 3 

28 12260785478939447192 6 3
2 3 4 
2 4 3 
3 2 4 
3 4 2 
4 3 2 
4 2 3 

285 8451451830491415164 1 5
3 0 2 8 4 

162 7698985776645440831 2 3
1 5 7 
1 7 5 

419 5608728607097906161 1 5
1 8 0 5 7 

35 10826002096190746343 1 3
1 0 5 

56 6906529405458791006 6 3
3 4 5 
3 5 4 
4 3 5 
4 5 3 
5 4 3 
5 3 4 

313 14214395695170576751 1 5
3 0 5 8 4 

19 18446034958893659743 1 3
0 1 4 

273 10683451536256038907 2 3
0 4 8 
0 8 4 

42 18054779487213094827 2 3
1 3 5 
1 5 3 

299 4584628232719139775 1 5
3 1 8 5 0 

60 12190912153274299044 2 4
3 4 2 5 
4 3 2 5 

194 10706753935364593016 2 3
1 6 7 
1 7 6 

451 7769715133777563822 1 5
6 1 8 7 0 

448 2728381371886174304 6 3
6 7 8 
6 8 7 
7 6 8 
7 8 6 
8 7 6 
8 6 7 

321 8082229705884731775 2 3
0 6 8 
0 8 6 

212 1677071180347565230 2 4
4 6 2 7 
6 4 2 7 

85 18051418256756479029 2 4
4 6 2 0 
6 4 2 0 

342 14463169972624562395 2 5
2 6 1 4 8 
6 2 1 4 8 

201 14783400925554608818 2 4
3 6 0 7 
6 3 0 7 

458 2722766485645523969 1 5
7 6 3 1 8 

74 1517468451243966076 2 3
1 3 6 
1 6 3 

331 3961538726742845864 1 5
0 3 6 1 8 

328 11283220846380389061 2 3
8 6 3 
8 3 6 

71 4095130463513036325 1 4
1 6 2 0 

92 7885408825531391087 2 4
2 4 6 3 
4 2 6 3 

98 18054779487213094827 2 3
1 5 6 
1 6 5 

355 17616566743598087400 1 5
6 1 8 5 0 

352 6906529405458791006 6 3
5 6 8 
5 8 6 
6 5 8 
6 8 5 
8 6 5 
8 5 6 

184 179286298576043391 2 4
3 4 5 7 
4 3 5 7 

57 5971074337781242484 2 4
3 4 0 5 
4 3 0 5 

314 13594135148014827320 2 5
3 5 1 4 8 
5 3 1 4 8 

284 15704017212081516077 2 4
2 3 4 8 
3 2 4 8 

27 7864727555660838454 1 4
0 3 1 4 

30 8686834486292627361 2 4
2 3 1 4 
3 2 1 4 

281 889098274604788226 1 4
0 3 8 4 

154 15725396310838832048 2 4
3 7 1 4 
7 3 1 4 

340 1677071180347565230 2 4
2 6 4 8 
6 2 4 8 

83 12852010015482989233 1 4
0 6 1 4 

86 11761636407375004198 2 4
2 6 1 4 
6 2 1 4 

308 7556829846088060811 4 4
4 8 5 2 
4 8 2 5 
8 4 5 2 
8 4 2 5 

51 8375402993386021123 1 4
1 4 0 5 

54 6360605120071040097 2 4
1 4 2 5 
1 4 5 2 

305 17862076339043724768 2 4
0 5 4 8 
0 5 8 4 

178 6360605120071040097 2 4
1 4 5 7 
1 4 7 5 

300 179286298576043391 2 4
3 8 5 2 
8 3 5 2 

43 7002283220597687503 1 4
1 3 5 0 

46 3604963490995638787 1 4
1 3 5 2 

312 3364750820705448782 4 4
3 5 4 8 
3 5 8 4 
5 3 4 8 
5 3 8 4 

55 12994753158060355851 1 5
1 4 0 2 5 

58 10802396514267938305 2 4
3 5 1 4 
5 3 1 4 

297 11913908367636129013 2 4
3 8 0 5 
8 3 0 5 

170 7004702972961935419 1 4
1 3 5 7 

325 5654264112943492508 2 4
6 8 0 2 
8 6 0 2 

198 11025324576651510866 1 4
1 6 2 7 

337 889098274604788226 1 4
0 6 4 8 

210 13312223719028599295 2 4
6 7 1 4 
7 6 1 4 

204 9182445166795294852 4 4
3 6 2 7 
3 6 7 2 
6 3 2 7 
6 3 7 2 

77 5582133419439333812 2 4
3 6 0 2 
6 3 0 2 

334 15106977992517077913 1 5
2 6 3 1 8 

401 7229425944263049244 2 4
0 7 4 8 
0 7 8 4 

408 15704017212081516077 2 4
3 7 8 4 
7 3 8 4 

151 1398819751600103204 1 5
1 4 0 2 7 

394 13186717803197333524 2 4
3 7 1 8 
7 3 1 8 

393 9098364439940670915 2 4
3 8 0 7 
8 3 0 7 

418 15896268698264125057 2 4
1 8 7 5 
1 8 5 7 

432 7556829846088060811 4 4
4 8 7 5 
4 8 5 7 
8 4 7 5 
8 4 5 7 

424 12190912153274299044 2 4
3 8 7 5 
8 3 7 5 

167 16719100186495825862 1 5
1 0 2 5 7 

464 1677071180347565230 2 4
6 7 8 4 
7 6 8 4 

450 15804328657059468321 2 4
6 7 1 8 
7 6 1 8 

449 3705375614157677505 2 4
6 8 7 0 
8 6 7 0 

456 7885408825531391087 2 4
7 8 6 3 
8 7 6 3 

199 5841007455480268587 1 5
1 6 2 0 7 

480 1324427476534020738 2 4
6 8 7 5 
8 6 7 5 

31 955463276344123459 1 5
3 1 4 0 2 

62 12121330771662879341 1 5
3 1 4 5 2 

61 2200028644233971676 2 5
3 4 0 2 5 
4 3 0 2 5 

47 4332199423200940276 1 5
1 3 5 0 2 

59 14437037959285673041 1 5
3 1 4 5 0 

316 4169205296502076595 1 5
3 4 8 2 5 

94 15534515153272340660 1 5
2 6 3 1 4 

93 12243808931410277353 1 5
4 6 3 2 0 

79 12661032367997472776 1 5
1 6 3 2 0 

118 14335385638262604182 1 5
6 1 4 2 5 

91 2842766334417391282 1 5
0 6 3 1 4 

348 1984773669962382838 1 5
2 6 3 4 8 

117 10412187349503881558 2 5
4 6 2 0 5 
6 4 2 0 5 

124 17725818632165536094 1 5
4 6 3 2 5 

115 4851536079662422667 1 5
6 1 4 5 0 

372 12945076698413370687 1 5
6 4 8 2 5 

110 7325705285637133623 1 5
1 6 3 5 2 

121 16350960766682109122 1 5
4 6 3 0 5 

109 14597961686664520754 2 5
3 6 0 2 5 
6 3 0 2 5 

122 12197696047580192424 2 5
5 3 6 1 4 
5 6 3 1 4 

107 1529905756551908490 1 5
1 3 6 5 0 

364 16028756778548567593 1 5
8 6 3 2 5 

158 9560606714678679938 1 5
3 1 4 7 2 

157 14588290712544899156 2 5
3 4 0 2 7 
4 3 0 2 7 

143 8045942972408843263 1 5
1 3 7 0 2 

155 13646177577473630171 1 5
3 1 4 7 0 

412 15397974748116556752 4 5
3 2 7 8 4 
3 4 8 7 2 
3 7 2 4 8 
3 8 4 2 7 

182 16334031723583977530 2 5
1 4 2 7 5 
1 4 7 2 5 

179 621772701868212301 1 5
1 4 0 5 7 

436 143871076794329895 4 5
4 8 7 2 5 
4 8 2 7 5 
8 4 7 2 5 
8 4 2 7 5 

188 7262635795690302862 2 5
3 4 2 7 5 
4 3 2 7 5 

174 17789258283438766508 1 5
1 3 5 7 2 

186 11977853236904984816 1 5
3 1 4 5 7 

185 7449405302529206313 2 5
3 4 0 5 7 
4 3 0 5 7 

171 7703953274925351319 1 5
1 3 5 7 0 

428 7262635795690302862 2 5
3 8 7 2 5 
8 3 7 2 5 

214 14686111556629978587 1 5
6 1 4 2 7 

213 6218005293734103140 2 5
4 6 2 0 7 
6 4 2 0 7 

220 1984773669962382838 1 5
4 6 3 2 7 

211 12970134459448439793 1 5
6 1 4 0 7 

468 2116756502251157976 4 5
6 4 8 7 2 
6 2 7 8 4 
6 7 2 4 8 
6 8 4 2 7 

218 3518847798525729617 1 5
7 3 6 1 4 

206 7490928740652548310 2 5
1 3 6 2 7 
1 6 3 7 2 

217 12329966303658825080 1 5
4 6 3 0 7 

205 11793277338583891077 2 5
3 6 0 2 7 
6 3 0 2 7 

203 9555383553855620988 1 5
1 3 6 7 0 

460 1984773669962382838 1 5
8 6 3 7 2 

230 17789258283438766508 1 5
1 6 5 2 7 

244 4323769937847979480 2 5
4 6 2 7 5 
6 4 2 7 5 

242 3052808397193190825 1 5
6 1 4 5 7 

227 11742907146775091028 1 5
1 6 5 0 7 

241 1213620059879998659 2 5
4 6 0 5 7 
6 4 0 5 7 

248 16028756778548567593 1 5
4 6 3 7 5 

236 9336784811720327694 4 5
3 6 2 7 5 
3 6 7 2 5 
6 3 2 7 5 
6 3 7 2 5 

234 7325705285637133623 1 5
1 3 6 5 7 

279 2344280123199887071 1 5
0 2 1 4 8 

233 9518111147749471461 2 5
3 6 0 5 7 
6 3 0 5 7 

283 10099970010618141061 1 5
0 3 1 4 8 

310 392989038128438156 2 5
2 5 1 4 8 
5 2 1 4 8 

307 3424389829869513465 1 5
0 5 1 4 8 

309 2629000344551461051 2 5
4 8 0 2 5 
8 4 0 2 5 

302 8992677721221173321 1 5
3 1 8 5 2 

301 16170926873383803376 2 5
3 8 0 2 5 
8 3 0 2 5 

339 5496137151498521054 1 5
0 6 1 4 8 

358 13305149213252506437 1 5
6 1 8 5 2 

357 12015354857284096894 2 5
6 8 0 2 5 
8 6 0 2 5 

361 16350960766682109122 1 5
8 3 6 0 5 

376 11591694322167734287 4 5
5 3 6 4 8 
5 3 6 8 4 
5 6 3 4 8 
5 6 3 8 4 

406 17443941716167504307 2 5
2 7 1 4 8 
7 2 1 4 8 

403 5440569770289123465 1 5
0 7 1 4 8 

405 13005157063517297429 2 5
4 8 0 2 7 
8 4 0 2 7 

398 1314320237588786228 1 5
3 1 8 7 2 

397 14468440989401914306 2 5
3 8 0 2 7 
8 3 0 2 7 

409 5660221121966705125 1 5
3 0 7 8 4 

422 7198735148424648000 2 5
1 8 7 2 5 
1 8 2 7 5 

434 392989038128438156 2 5
5 7 1 4 8 
7 5 1 4 8 

433 10589680091422208369 2 5
4 8 0 5 7 
8 4 0 5 7 

440 4169205296502076595 1 5
3 8 4 7 5 

426 1576893261779221676 1 5
3 1 8 5 7 

454 6399919801106672932 1 5
6 1 8 7 2 

425 12344261132033823654 2 5
3 8 0 5 7 
8 3 0 5 7 

453 17569264334079671070 2 5
6 8 7 0 2 
8 6 7 0 2 

