464 78324714845983665 2 4
4 8 7 6 
8 4 7 6 

456 12792859129086584636 4 4
6 7 3 8 
6 7 8 3 
7 6 3 8 
7 6 8 3 

450 16883107695366441800 2 4
6 7 1 8 
7 6 1 8 

424 13150025586414177241 8 4
3 8 7 5 
3 8 5 7 
5 7 3 8 
5 7 8 3 
7 5 3 8 
7 5 8 3 
8 3 7 5 
8 3 5 7 

106 10567838955610075088 2 4
1 3 5 6 
1 3 6 5 

360 1699057898927065156 4 4
5 6 3 8 
5 6 8 3 
6 5 3 8 
6 5 8 3 

92 1158192353704790834 2 4
4 6 2 3 
6 4 2 3 

226 10836284476290135165 1 4
1 6 7 5 

90 4956946975707637779 2 4
4 6 1 3 
6 4 1 3 

344 17015737541233389546 2 4
4 6 8 3 
6 4 8 3 

85 14315483891285730756 1 4
2 4 0 6 

212 11647855889567165862 1 4
2 4 6 7 

210 7289360320788295821 2 4
1 4 6 7 
1 4 7 6 

337 6534630873780932037 2 4
4 8 0 6 
8 4 0 6 

77 13796289709583244209 1 4
2 3 0 6 

204 8226989252743794708 2 4
2 3 6 7 
2 3 7 6 

60 11761636407375004198 2 4
4 5 2 3 
5 4 2 3 

71 627544986314404477 1 4
0 6 2 1 

198 2463771773522978773 2 4
2 1 6 7 
2 1 7 6 

325 15406660600063173003 2 4
0 6 2 8 
2 8 0 6 

75 3779725885503056035 1 4
0 6 1 3 

202 16883107695366441800 2 4
6 7 1 3 
7 6 1 3 

329 7150496180077738619 2 4
0 6 3 8 
0 6 8 3 

54 10379175512226354055 2 4
4 5 2 1 
5 4 2 1 

58 20261548302223008 2 4
4 5 3 1 
5 4 3 1 

312 1677071180347565230 2 4
4 5 3 8 
5 4 3 8 

53 14315483891285730756 1 4
2 4 0 5 

180 11025324576651510866 1 4
2 4 5 7 

57 15804328657059468321 2 4
3 4 0 5 
4 3 0 5 

184 1677071180347565230 2 4
3 4 5 7 
4 3 5 7 

308 6454475818174722824 2 4
4 5 2 8 
5 4 2 8 

51 6014641326585863198 1 4
1 4 0 5 

178 4634709047748281356 2 4
1 4 5 7 
1 4 7 5 

305 17551861176896189898 2 4
4 8 0 5 
8 4 0 5 

432 1677071180347565230 2 4
4 8 7 5 
8 4 7 5 

45 13796289709583244209 1 4
2 3 0 5 

172 8950438065344213768 2 4
2 3 5 7 
2 3 7 5 

43 3779725885503056035 1 4
0 5 1 3 

170 6305501177838887852 2 4
1 3 5 7 
1 3 7 5 

297 7150496180077738619 2 4
0 5 3 8 
0 5 8 3 

27 3308555120644013935 1 4
0 4 1 3 

154 11164279965662094749 2 4
4 7 1 3 
7 4 1 3 

281 698476773254776664 2 4
0 4 3 8 
0 4 8 3 

408 1677071180347565230 2 4
4 7 8 3 
7 4 8 3 

304 754205998099296360 6 3
4 5 8 
4 8 5 
5 4 8 
5 8 4 
8 5 4 
8 4 5 

50 3684224192080029757 2 3
1 4 5 
1 5 4 

67 6298889260055877585 1 3
1 0 6 

194 11277363013374094685 2 3
1 6 7 
1 7 6 

21 2361156492905547982 2 3
0 2 4 
2 0 4 

148 10706753935364593016 2 3
2 4 7 
2 7 4 

275 3308555120644013935 1 4
0 4 1 8 

402 20261548302223008 2 4
4 7 8 1 
7 4 8 1 

35 6298889260055877585 1 3
1 0 5 

162 3584596353957403666 2 3
1 5 7 
1 7 5 

400 2728381371886174304 6 3
4 7 8 
4 8 7 
7 4 8 
7 8 4 
8 7 4 
8 4 7 

273 10706753935364593016 2 3
0 4 8 
0 8 4 

146 3684224192080029757 2 3
1 4 7 
1 7 4 

19 8120387365409270255 1 3
0 1 4 

164 12585292063867719537 2 3
2 5 7 
2 7 5 

37 11149028268085365730 1 3
2 0 5 

291 3779725885503056035 1 4
0 5 1 8 

418 6305501177838887852 2 4
1 8 7 5 
1 8 5 7 

7 4312993485518831787 1 3
0 2 1 

261 11149028268085365730 1 3
0 2 8 

152 754205998099296360 6 3
3 4 7 
3 7 4 
4 3 7 
4 7 3 
7 4 3 
7 3 4 

25 10706753935364593016 2 3
0 3 4 
0 4 3 

11 17250501025191192120 1 3
0 1 3 

265 12585292063867719537 2 3
0 3 8 
0 8 3 

69 11149028268085365730 1 3
2 0 6 

196 3870621583062396010 2 3
2 6 7 
2 7 6 

323 3779725885503056035 1 4
0 6 1 8 

39 627544986314404477 1 4
0 5 2 1 

166 10850260592315917787 2 4
2 1 5 7 
2 1 7 5 

293 15406660600063173003 2 4
0 5 2 8 
2 8 0 5 

98 1332691624737549004 2 3
1 5 6 
1 6 5 

52 2512533711646785065 2 3
2 4 5 
2 5 4 

306 11164279965662094749 2 4
4 5 1 8 
5 4 1 8 

336 13119232308241019096 6 3
4 6 8 
4 8 6 
6 4 8 
6 8 4 
8 6 4 
8 4 6 

82 3684224192080029757 2 3
1 4 6 
1 6 4 

100 17258787824257198352 2 3
2 5 6 
2 6 5 

354 10567838955610075088 2 4
1 8 6 5 
1 8 5 6 

5 17087753756477223945 2 2
0 2 
2 0 

259 17250501025191192120 1 3
0 1 8 

3 3085733323793310697 1 2
0 1 

89 4415345656511538872 2 4
3 4 0 6 
4 3 0 6 

216 7978115995136584964 2 4
3 4 6 7 
4 3 6 7 

56 2728381371886174304 6 3
3 4 5 
3 5 4 
4 3 5 
4 5 3 
5 4 3 
5 3 4 

23 6907379454614747606 1 4
0 4 2 1 

150 1765571406660358270 2 4
4 7 2 1 
7 4 2 1 

277 15368499501652111834 1 4
0 4 2 8 

84 2512533711646785065 2 3
2 4 6 
2 6 4 

338 9165408909687088979 2 4
4 6 8 1 
6 4 8 1 

29 8397334625162587836 1 4
0 4 2 3 

156 13312223719028599295 2 4
4 7 2 3 
7 4 2 3 

88 14860785610888650053 6 3
3 4 6 
3 6 4 
4 3 6 
4 6 3 
6 4 3 
6 3 4 

15 12645682393519960790 1 4
0 2 3 1 

269 529838076471764616 1 4
0 2 3 8 

133 11149028268085365730 1 3
2 0 7 

387 3779725885503056035 1 4
0 7 1 8 

13 6486448604913209494 1 3
0 2 3 

267 9948786386143750181 2 4
0 1 3 8 
0 1 8 3 

131 6298889260055877585 1 3
1 0 7 

86 10379175512226354055 2 4
4 6 2 1 
6 4 2 1 

83 6014641326585863198 1 4
1 4 0 6 

340 10983409412583460812 2 4
4 6 2 8 
6 4 2 8 

101 5625766177066252915 2 4
2 0 5 6 
2 0 6 5 

228 15236505058129304159 1 4
2 6 7 5 

102 10821562871700040884 2 4
2 1 5 6 
2 1 6 5 

99 11488933566347674073 2 4
1 0 5 6 
1 0 6 5 

356 10083773938285380914 2 4
2 8 6 5 
2 8 5 6 

108 12070489641313147142 2 4
2 3 5 6 
2 3 6 5 

120 10220627191361430879 2 4
3 4 5 6 
4 3 5 6 

116 847903399687026264 2 4
2 4 5 6 
2 4 6 5 

139 3779725885503056035 1 4
0 7 1 3 

393 7150496180077738619 2 4
0 7 3 8 
0 7 8 3 

114 9925912601109344391 2 4
1 4 5 6 
1 4 6 5 

368 2974813683649203891 2 4
4 8 6 5 
8 4 6 5 

141 13796289709583244209 1 4
2 3 0 7 

135 627544986314404477 1 4
0 7 2 1 

389 15406660600063173003 2 4
0 7 2 8 
2 8 0 7 

404 15804328657059468321 2 4
4 7 2 8 
7 4 2 8 

147 6014641326585863198 1 4
1 4 0 7 

401 15804328657059468321 2 4
4 8 0 7 
8 4 0 7 

153 17551861176896189898 2 4
3 4 0 7 
4 3 0 7 

149 15368499501652111834 1 4
2 4 0 7 

420 7150496180077738619 2 4
2 8 7 5 
2 8 5 7 

163 15935674639946094002 2 4
1 0 5 7 
1 0 7 5 

165 15669754230730330559 2 4
2 0 5 7 
2 0 7 5 

452 5212208834225348329 2 4
2 8 7 6 
2 8 6 7 

195 9268249734233912329 2 4
1 0 6 7 
1 0 7 6 

197 5215022540671273095 2 4
2 0 6 7 
2 0 7 6 

263 4035577208844109525 1 4
0 2 1 8 

