368 11459320056471732761 8 4
4 6 5 8 
4 6 8 5 
5 8 6 4 
5 8 4 6 
6 4 5 8 
6 4 8 5 
8 5 6 4 
8 5 4 6 

340 16795696787755097424 2 4
2 8 6 4 
8 2 6 4 

344 7556829846088060811 4 4
3 8 6 4 
3 8 4 6 
8 3 6 4 
8 3 4 6 

326 7978115995136584964 2 4
2 8 6 1 
8 2 6 1 

306 11459320056471732761 8 4
1 4 5 8 
1 4 8 5 
4 1 5 8 
4 1 8 5 
5 8 1 4 
5 8 4 1 
8 5 4 1 
8 5 1 4 

294 10601132076907988804 2 4
1 2 8 5 
2 1 8 5 

278 10601132076907988804 2 4
2 8 1 4 
8 2 1 4 

390 1677071180347565230 2 4
2 8 7 1 
8 2 7 1 

263 8429184624791211563 2 4
1 2 0 8 
2 1 0 8 

225 3326435422381497701 2 4
0 5 6 7 
0 5 7 6 

270 1677071180347565230 2 4
1 2 3 8 
2 1 3 8 

209 6994492170126237368 2 4
0 6 7 4 
0 7 6 4 

232 9889576315341648160 4 4
6 7 3 5 
6 7 5 3 
7 6 5 3 
7 6 3 5 

201 2893057445723874807 2 4
0 3 6 7 
0 3 7 6 

449 10567838955610075088 2 4
0 8 7 6 
0 8 6 7 

195 10836284476290135165 1 4
0 6 1 7 

184 11459320056471732761 8 4
3 5 4 7 
3 5 7 4 
4 7 5 3 
4 7 3 5 
5 3 4 7 
5 3 7 4 
7 4 5 3 
7 4 3 5 

177 3267481211231071907 2 4
0 5 4 7 
0 5 7 4 

172 10601132076907988804 2 4
2 7 3 5 
7 2 3 5 

420 1324427476534020738 2 4
2 7 8 5 
7 2 8 5 

166 3364750820705448782 4 4
2 5 1 7 
2 5 7 1 
5 2 1 7 
5 2 7 1 

39 11881441853251407514 2 4
1 2 0 5 
2 1 0 5 

432 11459320056471732761 8 4
4 7 5 8 
4 7 8 5 
5 8 7 4 
5 8 4 7 
7 4 5 8 
7 4 8 5 
8 5 7 4 
8 5 4 7 

51 3267481211231071907 2 4
0 5 4 1 
0 5 1 4 

408 7556829846088060811 4 4
3 8 7 4 
3 8 4 7 
8 3 7 4 
8 3 4 7 

27 8726557109260348205 2 4
0 3 1 4 
0 3 4 1 

145 1157133852231411715 2 3
0 4 7 
0 7 4 

197 13405879874749498391 1 4
0 2 6 7 

324 14860785610888650053 6 3
2 6 8 
2 8 6 
6 2 8 
6 8 2 
8 6 2 
8 2 6 

401 8019835161175320379 2 4
0 8 7 4 
0 8 4 7 

147 983609089190748271 2 4
0 1 7 4 
0 7 1 4 

284 3364750820705448782 4 4
2 4 3 8 
2 4 8 3 
4 2 3 8 
4 2 8 3 

30 1324427476534020738 2 4
2 3 1 4 
3 2 1 4 

89 8726557109260348205 2 4
0 3 4 6 
0 3 6 4 

85 4776448873451780559 1 4
0 2 6 4 

46 1324427476534020738 2 4
1 2 3 5 
2 1 3 5 

418 7556829846088060811 4 4
1 7 5 8 
1 7 8 5 
7 1 5 8 
7 1 8 5 

164 6906529405458791006 6 3
2 5 7 
2 7 5 
5 2 7 
5 7 2 
7 5 2 
7 2 5 

387 6305501177838887852 2 4
0 8 7 1 
0 8 1 7 

133 3684224192080029757 2 3
0 2 7 
0 7 2 

193 1332691624737549004 2 3
0 6 7 
0 7 6 

456 1699057898927065156 4 4
6 7 3 8 
6 7 8 3 
7 6 3 8 
7 6 8 3 

75 16717431153228812593 2 4
1 6 0 3 
6 1 0 3 

19 1157133852231411715 2 3
0 1 4 
0 4 1 

332 17015737541233389546 2 4
2 6 3 8 
6 2 3 8 

78 78324714845983665 2 4
2 3 1 6 
3 2 1 6 

480 9889576315341648160 4 4
6 7 5 8 
6 7 8 5 
7 6 5 8 
7 6 8 5 

99 15089473223590843423 2 4
1 6 0 5 
6 1 0 5 

131 3584596353957403666 2 3
0 1 7 
0 7 1 

282 7556829846088060811 4 4
3 8 4 1 
3 8 1 4 
8 3 4 1 
8 3 1 4 

28 6906529405458791006 6 3
2 3 4 
2 4 3 
3 2 4 
3 4 2 
4 3 2 
4 2 3 

275 8019835161175320379 2 4
0 8 4 1 
0 8 1 4 

21 8545514349461886597 2 3
0 2 4 
0 4 2 

139 17967930038665878272 2 4
0 3 1 7 
0 3 7 1 

67 11277363013374094685 2 3
0 1 6 
0 6 1 

165 5984062060962722312 2 4
2 7 0 5 
7 2 0 5 

38 6906529405458791006 6 3
1 2 5 
1 5 2 
2 1 5 
2 5 1 
5 2 1 
5 1 2 

29 15006871940509572069 2 4
2 4 0 3 
4 2 0 3 

156 10601132076907988804 2 4
2 3 7 4 
3 2 7 4 

330 12792859129086584636 4 4
1 6 3 8 
1 6 8 3 
6 1 3 8 
6 1 8 3 

76 13119232308241019096 6 3
2 3 6 
2 6 3 
3 2 6 
3 6 2 
6 3 2 
6 2 3 

389 20261548302223008 2 4
2 7 8 0 
7 2 8 0 

262 754205998099296360 6 3
1 2 8 
1 8 2 
2 1 8 
2 8 1 
8 2 1 
8 1 2 

135 644196996036175882 1 4
0 2 1 7 

7 350355231099487056 2 3
0 1 2 
0 2 1 

388 2728381371886174304 6 3
2 7 8 
2 8 7 
7 2 8 
7 8 2 
8 7 2 
8 2 7 

323 16883107695366441800 2 4
1 6 0 8 
6 1 0 8 

69 350355231099487056 2 3
0 2 6 
0 6 2 

404 1324427476534020738 2 4
2 8 7 4 
8 2 7 4 

277 16930632539684822155 2 4
2 4 0 8 
4 2 0 8 

23 4776448873451780559 1 4
0 2 1 4 

14 2728381371886174304 6 3
1 2 3 
1 3 2 
2 1 3 
2 3 1 
3 2 1 
3 1 2 

141 13307620934124540232 2 4
2 7 0 3 
7 2 0 3 

81 1157133852231411715 2 3
0 4 6 
0 6 4 

394 13150025586414177241 8 4
1 7 3 8 
1 7 8 3 
3 8 7 1 
3 8 1 7 
7 1 3 8 
7 1 8 3 
8 3 7 1 
8 3 1 7 

140 754205998099296360 6 3
2 3 7 
2 7 3 
3 2 7 
3 7 2 
7 3 2 
7 2 3 

354 3092465935444304488 4 4
1 6 5 8 
1 6 8 5 
6 1 5 8 
6 1 8 5 

100 6906529405458791006 6 3
2 5 6 
2 6 5 
5 2 6 
5 6 2 
6 5 2 
6 2 5 

308 179286298576043391 2 4
2 4 8 5 
4 2 8 5 

54 179286298576043391 2 4
2 5 1 4 
5 2 1 4 

113 3267481211231071907 2 4
0 5 4 6 
0 5 6 4 

60 179286298576043391 2 4
2 4 3 5 
4 2 3 5 

58 11459320056471732761 8 4
1 4 3 5 
1 4 5 3 
3 5 4 1 
3 5 1 4 
4 1 3 5 
4 1 5 3 
5 3 4 1 
5 3 1 4 

180 179286298576043391 2 4
2 5 7 4 
5 2 7 4 

53 7459530118814850299 2 4
2 4 0 5 
4 2 0 5 

452 10220627191361430879 2 4
2 8 7 6 
8 2 7 6 

325 1711192172401181511 2 4
2 6 0 8 
6 2 0 8 

71 15183546851593536307 2 4
0 2 1 6 
0 2 6 1 

337 8019835161175320379 2 4
0 8 6 4 
0 8 4 6 

83 4478079438320859753 2 4
0 1 6 4 
0 6 1 4 

396 1677071180347565230 2 4
2 7 8 3 
7 2 8 3 

15 3094144263441826585 2 4
1 2 3 0 
2 1 3 0 

142 1677071180347565230 2 4
2 3 1 7 
3 2 1 7 

204 2974813683649203891 2 4
2 3 6 7 
3 2 6 7 

77 1280562993635639113 2 4
2 6 3 0 
6 2 3 0 

92 14772881018774504782 2 4
2 3 6 4 
3 2 6 4 

106 3092465935444304488 4 4
1 6 5 3 
1 6 3 5 
6 1 5 3 
6 1 3 5 

356 16795696787755097424 2 4
2 6 8 5 
6 2 8 5 

102 11591101788391728525 4 4
2 5 1 6 
2 5 6 1 
5 2 1 6 
5 2 6 1 

108 14772881018774504782 2 4
2 6 3 5 
6 2 3 5 

228 394700380938346138 4 4
2 5 6 7 
2 5 7 6 
5 2 6 7 
5 2 7 6 

101 11881441853251407514 2 4
2 6 0 5 
6 2 0 5 

116 179286298576043391 2 4
2 5 6 4 
5 2 6 4 

120 11459320056471732761 8 4
3 5 4 6 
3 5 6 4 
4 6 5 3 
4 6 3 5 
5 3 4 6 
5 3 6 4 
6 4 5 3 
6 4 3 5 

153 8726557109260348205 2 4
0 3 4 7 
0 3 7 4 

276 6906529405458791006 6 3
2 4 8 
2 8 4 
4 2 8 
4 8 2 
8 4 2 
8 2 4 

149 10112958709817429546 1 4
0 2 4 7 

163 8539917126591750079 2 4
0 5 1 7 
0 5 7 1 

170 7556829846088060811 4 4
1 7 5 3 
1 7 3 5 
7 1 5 3 
7 1 3 5 

