bhabha2npb[0,0,0,0,0,0,0,0,0]*(-a2-a6-a7-2*a4+d-a1)
bhabha2npb[0,1,0,0,-1,0,0,0,0]*(-a1)
bhabha2npb[0,1,0,0,0,0,0,0,0]*(a1)
bhabha2npb[0,0,0,0,0,0,0,1,0]*(a7)
bhabha2npb[0,0,1,0,-1,0,0,0,0]*(-a2)
bhabha2npb[0,0,1,0,0,-1,0,0,0]*(a2)
bhabha2npb[0,0,0,0,-1,0,0,1,0]*(-a7)
bhabha2npb[0,0,0,0,-1,0,1,0,0]*(-a6)
bhabha2npb[0,0,0,0,0,0,1,0,0]*(a6)

bhabha2npb[0,0,0,0,0,0,0,0,0]*(-a8-2*a5-a2-a3-a0+d)
bhabha2npb[1,0,0,0,0,-1,0,0,0]*(-a0)
bhabha2npb[1,0,0,0,0,0,0,0,0]*(-eta*a0+7*a0)
bhabha2npb[0,0,0,0,0,0,0,0,1]*(a8)
bhabha2npb[0,0,1,0,-1,0,0,0,0]*(a2)
bhabha2npb[0,0,1,0,0,-1,0,0,0]*(-a2)
bhabha2npb[0,0,0,0,0,-1,0,0,1]*(-a8)
bhabha2npb[0,0,0,1,0,-1,0,0,0]*(-a3)
bhabha2npb[0,0,0,1,0,0,0,0,0]*(a3)

bhabha2npb[0,0,0,0,0,0,0,0,0]*(a4-a1)
bhabha2npb[0,1,0,0,-1,0,0,0,0]*(a1)
bhabha2npb[0,1,0,0,0,0,0,0,0]*(-a1)
bhabha2npb[0,-1,1,0,0,0,0,0,0]*(-a2)
bhabha2npb[0,0,1,0,-1,0,0,0,0]*(a2)
bhabha2npb[0,0,1,0,0,-1,0,0,0]*(a2)
bhabha2npb[0,0,1,0,0,0,0,0,-1]*(-a2)
bhabha2npb[0,0,1,0,0,0,0,0,0]*(2*a2)
bhabha2npb[0,-1,0,0,1,0,0,0,0]*(-a4)
bhabha2npb[0,0,0,0,0,0,0,1,0]*(4*a7)
bhabha2npb[0,0,0,0,1,0,0,0,0]*(a4)
bhabha2npb[0,-1,0,0,0,0,1,0,0]*(-a6)
bhabha2npb[0,0,0,0,-1,0,1,0,0]*(a6)
bhabha2npb[0,0,0,0,0,0,1,0,0]*(-5*a6)
bhabha2npb[0,-1,0,0,0,0,0,1,0]*(-a7)
bhabha2npb[0,0,0,0,-1,0,0,1,0]*(a7)

bhabha2npb[1,0,0,0,0,-1,0,0,0]*(a0)
bhabha2npb[1,0,0,0,0,0,0,0,-1]*(-a0)
bhabha2npb[1,0,0,0,0,0,0,0,0]*(-7*a0)
bhabha2npb[0,-1,1,0,0,0,0,0,0]*(-a2)
bhabha2npb[0,0,1,0,-1,0,0,0,0]*(a2)
bhabha2npb[0,0,1,0,0,-1,0,0,0]*(a2)
bhabha2npb[0,0,1,0,0,0,0,0,-1]*(-a2)
bhabha2npb[0,0,1,0,0,0,0,0,0]*(2*a2)
bhabha2npb[0,0,0,1,0,-1,0,0,0]*(a3)
bhabha2npb[0,0,0,1,0,0,0,0,-1]*(-a3)
bhabha2npb[0,0,0,1,0,0,0,0,0]*(4*a3)
bhabha2npb[0,0,0,0,0,0,0,0,0]*(-a8+a5)
bhabha2npb[0,0,0,0,0,1,0,0,-1]*(-a5)
bhabha2npb[0,0,0,0,0,1,0,0,0]*(a5)
bhabha2npb[0,0,0,0,0,-1,0,0,1]*(a8)
bhabha2npb[0,0,0,0,0,0,0,0,1]*(-a8)

bhabha2npb[0,1,0,0,-1,0,0,0,0]*(a1)
bhabha2npb[0,1,0,0,0,0,-1,0,0]*(-a1)
bhabha2npb[0,1,0,0,0,0,0,0,0]*(-5*a1)
bhabha2npb[-1,0,1,0,0,0,0,0,0]*(-a2)
bhabha2npb[0,0,1,0,-1,0,0,0,0]*(a2)
bhabha2npb[0,0,1,0,0,0,-1,0,0]*(-a2)
bhabha2npb[0,0,1,0,0,0,0,0,-1]*(a2)
bhabha2npb[0,0,1,0,0,0,0,0,0]*(7*a2-a2*eta)
bhabha2npb[0,0,0,0,0,0,0,0,0]*(-a6+a4)
bhabha2npb[0,0,0,0,1,0,-1,0,0]*(-a4)
bhabha2npb[0,0,0,0,1,0,0,0,0]*(a4)
bhabha2npb[0,0,0,0,-1,0,1,0,0]*(a6)
bhabha2npb[0,0,0,0,0,0,0,1,0]*(6*a7)
bhabha2npb[0,0,0,0,0,0,1,0,0]*(-a6)
bhabha2npb[0,0,0,0,-1,0,0,1,0]*(a7)
bhabha2npb[0,0,0,0,0,0,-1,1,0]*(-a7)

bhabha2npb[0,0,0,0,0,0,0,0,0]*(a8-a0)
bhabha2npb[1,0,0,0,0,0,0,0,-1]*(a0)
bhabha2npb[1,0,0,0,0,0,0,0,0]*(-eta*a0-2*a0)
bhabha2npb[-1,0,1,0,0,0,0,0,0]*(-a2)
bhabha2npb[0,0,1,0,-1,0,0,0,0]*(a2)
bhabha2npb[0,0,1,0,0,0,-1,0,0]*(-a2)
bhabha2npb[0,0,1,0,0,0,0,0,-1]*(a2)
bhabha2npb[0,0,1,0,0,0,0,0,0]*(7*a2-a2*eta)
bhabha2npb[-1,0,0,1,0,0,0,0,0]*(-a3)
bhabha2npb[0,0,0,1,0,0,0,0,-1]*(a3)
bhabha2npb[0,0,0,1,0,0,0,0,0]*(11*a3-a3*eta)
bhabha2npb[-1,0,0,0,0,1,0,0,0]*(-a5)
bhabha2npb[0,0,0,0,0,1,0,0,-1]*(a5)
bhabha2npb[0,0,0,0,0,1,0,0,0]*(6*a5-a5*eta)
bhabha2npb[-1,0,0,0,0,0,0,0,1]*(-a8)
bhabha2npb[0,0,0,0,0,0,0,0,1]*(-a8*eta)

bhabha2npb[0,1,0,0,-1,0,0,0,0]*(a1)
bhabha2npb[0,1,0,0,0,0,0,-1,0]*(-a1)
bhabha2npb[0,1,0,0,0,0,0,0,0]*(4*a1)
bhabha2npb[0,0,1,-1,0,0,0,0,0]*(-a2)
bhabha2npb[0,0,1,0,-1,0,0,0,0]*(a2)
bhabha2npb[0,0,1,0,0,-1,0,0,0]*(a2)
bhabha2npb[0,0,1,0,0,0,0,-1,0]*(-a2)
bhabha2npb[0,0,1,0,0,0,0,0,0]*(2*a2)
bhabha2npb[0,0,0,0,0,0,0,0,0]*(-a7+a4)
bhabha2npb[0,0,0,0,1,0,0,-1,0]*(-a4)
bhabha2npb[0,0,0,0,1,0,0,0,0]*(a4)
bhabha2npb[0,0,0,0,-1,0,1,0,0]*(a6)
bhabha2npb[0,0,0,0,0,0,1,-1,0]*(-a6)
bhabha2npb[0,0,0,0,0,0,1,0,0]*(6*a6)
bhabha2npb[0,0,0,0,-1,0,0,1,0]*(a7)
bhabha2npb[0,0,0,0,0,0,0,1,0]*(-a7)

bhabha2npb[1,0,0,-1,0,0,0,0,0]*(-a0)
bhabha2npb[1,0,0,0,0,-1,0,0,0]*(a0)
bhabha2npb[1,0,0,0,0,0,0,0,0]*(9*a0)
bhabha2npb[0,0,1,-1,0,0,0,0,0]*(-a2)
bhabha2npb[0,0,1,0,-1,0,0,0,0]*(a2)
bhabha2npb[0,0,1,0,0,-1,0,0,0]*(a2)
bhabha2npb[0,0,1,0,0,0,0,-1,0]*(-a2)
bhabha2npb[0,0,1,0,0,0,0,0,0]*(2*a2)
bhabha2npb[0,0,0,0,0,0,0,0,0]*(a5-a3)
bhabha2npb[0,0,0,1,0,-1,0,0,0]*(a3)
bhabha2npb[0,0,0,1,0,0,0,0,0]*(-a3)
bhabha2npb[0,0,0,-1,0,1,0,0,0]*(-a5)
bhabha2npb[0,0,0,0,0,0,0,0,1]*(4*a8)
bhabha2npb[0,0,0,0,0,1,0,0,0]*(a5)
bhabha2npb[0,0,0,-1,0,0,0,0,1]*(-a8)
bhabha2npb[0,0,0,0,0,-1,0,0,1]*(a8)

bhabha2npb[1,-1,0,0,0,0,0,0,0]*(-a0)
bhabha2npb[1,0,-1,0,0,0,0,0,0]*(-a0)
bhabha2npb[1,0,0,0,-1,0,0,0,0]*(3*a0)
bhabha2npb[1,0,0,0,0,-1,0,0,0]*(a0)
bhabha2npb[1,0,0,0,0,0,-1,0,0]*(-a0)
bhabha2npb[1,0,0,0,0,0,0,0,0]*(2*a0)
bhabha2npb[0,0,0,0,0,0,0,0,0]*(a5-a2)
bhabha2npb[0,0,1,0,-1,0,0,0,0]*(-a2)
bhabha2npb[0,0,1,0,0,-1,0,0,0]*(a2)
bhabha2npb[0,0,-1,1,0,0,0,0,0]*(-a3)
bhabha2npb[0,0,0,1,-1,0,0,0,0]*(2*a3)
bhabha2npb[0,0,0,1,0,-1,0,0,0]*(a3)
bhabha2npb[0,0,0,1,0,0,0,-1,0]*(-a3)
bhabha2npb[0,0,0,1,0,0,0,0,0]*(a3)
bhabha2npb[0,0,-1,0,0,1,0,0,0]*(-a5)
bhabha2npb[0,0,0,0,-1,1,0,0,0]*(a5)
bhabha2npb[0,0,0,0,0,0,0,0,1]*(a8)
bhabha2npb[0,-1,0,0,0,0,0,0,1]*(-a8)
bhabha2npb[0,0,-1,0,0,0,0,0,1]*(-a8)
bhabha2npb[0,0,0,0,-1,0,0,0,1]*(2*a8)
bhabha2npb[0,0,0,0,0,-1,0,0,1]*(a8)

bhabha2npb[0,1,-1,0,0,0,0,0,0]*(-a1)
bhabha2npb[0,1,0,0,-1,0,0,0,0]*(a1)
bhabha2npb[0,1,0,0,0,-1,0,0,0]*(2*a1)
bhabha2npb[0,1,0,0,0,0,0,0,-1]*(-a1)
bhabha2npb[0,1,0,0,0,0,0,0,0]*(a1)
bhabha2npb[0,0,0,0,0,0,0,0,0]*(-a2+a4)
bhabha2npb[0,0,1,0,-1,0,0,0,0]*(a2)
bhabha2npb[0,0,1,0,0,-1,0,0,0]*(-a2)
bhabha2npb[0,0,-1,0,1,0,0,0,0]*(-a4)
bhabha2npb[0,0,0,0,0,0,0,1,0]*(a7)
bhabha2npb[0,0,0,0,1,-1,0,0,0]*(a4)
bhabha2npb[-1,0,0,0,0,0,1,0,0]*(-a6)
bhabha2npb[0,0,-1,0,0,0,1,0,0]*(-a6)
bhabha2npb[0,0,0,0,-1,0,1,0,0]*(a6)
bhabha2npb[0,0,0,0,0,-1,1,0,0]*(a6)
bhabha2npb[0,0,0,0,0,0,1,0,-1]*(a6)
bhabha2npb[0,0,0,0,0,0,1,0,0]*(6*a6-a6*eta)
bhabha2npb[0,0,-1,0,0,0,0,1,0]*(-a7)
bhabha2npb[0,0,0,-1,0,0,0,1,0]*(-a7)
bhabha2npb[0,0,0,0,-1,0,0,1,0]*(a7)
bhabha2npb[0,0,0,0,0,-1,0,1,0]*(2*a7)

