bhabha2npb[1,0,0,0,0,-1,0,0,0]*(8*a0)
bhabha2npb[1,0,0,0,0,0,0,0,-1]*(-16*a0)
bhabha2npb[1,0,0,0,0,0,0,0,0]*(8*eta*a0-40*a0)
bhabha2npb[0,0,0,0,0,0,0,0,0]*(-8*a8+6*a6+8*a0-6*a1)
bhabha2npb[0,0,0,0,0,0,-1,1,0]*(-3*a7)
bhabha2npb[0,0,0,0,-1,0,0,1,0]*(-2*a7)
bhabha2npb[0,0,0,1,0,0,0,0,-1]*(8*a3)
bhabha2npb[0,1,0,0,-1,0,0,0,0]*(4*a1)
bhabha2npb[0,1,0,0,0,0,0,0,0]*(4*a1)
bhabha2npb[0,0,0,0,-1,0,1,0,0]*(-4*a6)
bhabha2npb[0,1,0,0,0,0,-1,0,0]*(2*a1)
bhabha2npb[0,0,0,0,0,0,1,0,0]*(-4*a6)
bhabha2npb[0,0,0,0,0,-1,0,0,1]*(6*a8)
bhabha2npb[-1,0,0,1,0,0,0,0,0]*(-3*a3)
bhabha2npb[0,0,0,0,0,0,0,0,1]*(-6*a8+2*a8*eta)
bhabha2npb[-1,0,0,0,0,0,0,0,1]*(2*a8)
bhabha2npb[0,0,0,1,0,0,0,0,0]*(13*a3-3*a3*eta)
bhabha2npb[0,0,0,0,0,0,0,1,0]*(-2*a7)
bhabha2npb[0,0,0,1,0,-1,0,0,0]*(-5*a3)
bhabha2npb[0,-1,0,0,0,0,1,0,0]*(-2*a6)
bhabha2npb[0,-1,0,0,0,0,0,1,0]*(5*a7)

bhabha2npb[1,0,0,0,0,-1,0,0,0]*(-16*a0)
bhabha2npb[1,0,0,0,0,0,0,0,-1]*(8*a0)
bhabha2npb[1,0,0,0,0,0,0,0,0]*(-16*a0)
bhabha2npb[1,0,0,-1,0,0,0,0,0]*(8*a0)
bhabha2npb[0,0,0,0,0,0,0,1,0]*(5*a7)
bhabha2npb[0,0,0,0,-1,0,0,1,0]*(5*a7)
bhabha2npb[0,0,0,0,0,0,0,0,0]*(3*a8-3*a3-3*a7+3*a1)
bhabha2npb[0,1,0,0,-1,0,0,0,0]*(-5*a1)
bhabha2npb[0,1,0,0,0,0,0,0,0]*(-5*a1)
bhabha2npb[0,0,0,0,0,0,1,-1,0]*(6*a6)
bhabha2npb[0,1,0,0,0,0,0,-1,0]*(2*a1)
bhabha2npb[0,0,0,0,-1,0,1,0,0]*(-11*a6)
bhabha2npb[0,0,0,0,0,-1,0,0,1]*(-5*a8)
bhabha2npb[0,0,0,1,0,0,0,0,-1]*(-2*a3)
bhabha2npb[0,0,0,0,0,0,0,0,1]*(-5*a8)
bhabha2npb[0,0,0,-1,0,0,0,0,1]*(2*a8)
bhabha2npb[0,0,0,0,0,0,1,0,0]*(-11*a6)
bhabha2npb[0,-1,0,0,0,0,1,0,0]*(5*a6)
bhabha2npb[0,0,0,1,0,-1,0,0,0]*(5*a3)
bhabha2npb[0,0,0,1,0,0,0,0,0]*(5*a3)
bhabha2npb[0,-1,0,0,0,0,0,1,0]*(-2*a7)

bhabha2npb[0,0,0,0,0,0,0,0,0]*(-3*a8+5*a6-5*a3+8*a0-5*a7)
bhabha2npb[1,0,0,0,0,0,0,0,-1]*(-8*a0)
bhabha2npb[1,0,0,0,0,0,0,0,0]*(8*eta*a0-56*a0)
bhabha2npb[1,0,0,-1,0,0,0,0,0]*(8*a0)
bhabha2npb[1,0,0,0,0,-1,0,0,0]*(-8*a0)
bhabha2npb[0,0,0,1,0,0,0,0,0]*(17*a3-2*a3*eta)
bhabha2npb[0,1,0,0,-1,0,0,0,0]*(-9*a1)
bhabha2npb[0,1,0,0,0,0,-1,0,0]*(3*a1)
bhabha2npb[0,1,0,0,0,0,0,0,0]*(-9*a1)
bhabha2npb[0,0,0,0,0,0,1,0,0]*(-7*a6)
bhabha2npb[0,1,0,0,0,0,0,-1,0]*(6*a1)
bhabha2npb[0,0,0,0,0,0,1,-1,0]*(2*a6)
bhabha2npb[-1,0,0,0,0,0,0,0,1]*(3*a8)
bhabha2npb[0,0,0,0,0,0,0,1,0]*(7*a7)
bhabha2npb[0,0,0,0,0,0,0,0,1]*(-24*a8+3*a8*eta)
bhabha2npb[0,0,0,-1,0,0,0,0,1]*(6*a8)
bhabha2npb[0,0,0,0,0,-1,0,0,1]*(-6*a8)
bhabha2npb[0,0,0,0,-1,0,1,0,0]*(-7*a6)
bhabha2npb[0,0,0,0,-1,0,0,1,0]*(7*a7)
bhabha2npb[0,0,0,0,0,0,-1,1,0]*(-2*a7)
bhabha2npb[0,0,0,1,0,-1,0,0,0]*(5*a3)
bhabha2npb[-1,0,0,1,0,0,0,0,0]*(-2*a3)
bhabha2npb[0,0,0,1,0,0,0,0,-1]*(2*a3)

