506 15620130483953721908 2 7
5 3 6 7 1 8 4 
5 1 8 4 3 6 7 

494 2720810331096184347 1 7
5 1 8 3 2 7 6 

491 9300277447165800783 1 7
5 3 7 6 1 0 8 

446 3277551913748712412 1 7
5 1 8 4 3 2 7 

443 16308458769386594528 1 7
5 3 7 1 0 8 4 

431 9038312917282097566 1 7
5 2 3 7 0 1 8 

508 7954731069156802371 1 7
5 4 8 3 2 7 6 

505 5685369812617530308 1 7
5 3 6 7 0 8 4 

493 10944960162226695256 1 7
5 0 8 2 3 7 6 

445 17369860179217935617 1 7
5 0 8 4 2 3 7 

502 5685369812617530308 1 7
5 1 8 4 2 6 7 

501 2439092066005104720 4 7
5 2 6 7 0 8 4 
5 2 7 6 0 4 8 
5 0 4 8 2 7 6 
5 0 8 4 2 6 7 

499 7954731069156802371 1 7
5 7 6 1 0 4 8 

487 16834075854022612817 1 7
5 2 7 6 0 1 8 

439 16054680662663952841 1 7
5 2 7 0 1 8 4 

478 17236715913567687077 1 7
1 8 4 3 2 6 7 

415 577924022293689520 2 7
2 3 7 1 0 8 4 
3 2 7 1 0 8 4 

475 17236715913567687077 1 7
3 6 7 1 0 8 4 

463 13101284460522076256 1 7
1 0 8 3 2 6 7 

477 7156493280310656482 2 7
0 4 8 3 2 6 7 
0 8 4 3 2 6 7 

367 14749223189389885821 2 7
5 2 3 6 0 1 8 
5 0 1 8 2 3 6 

471 7156493280310656482 2 7
2 6 7 1 0 8 4 
2 7 6 1 0 8 4 

382 9300277447165800783 1 7
5 1 4 8 3 2 6 

379 2720810331096184347 1 7
5 3 6 1 0 4 8 

319 1800684319476342428 1 7
5 2 3 0 1 8 4 

381 16834075854022612817 1 7
5 0 4 8 2 3 6 

351 13101284460522076256 1 7
3 2 6 1 0 8 4 

375 10944960162226695256 1 7
5 2 6 0 1 4 8 

191 854172302267894863 2 7
5 2 3 7 0 1 4 
5 0 1 4 2 3 7 

254 16308458769386594528 1 7
5 1 4 3 2 6 7 

251 3277551913748712412 1 7
5 3 6 7 1 0 4 

239 1800684319476342428 1 7
5 0 1 2 3 6 7 

223 577924022293689520 2 7
0 1 4 3 2 6 7 
1 0 4 3 2 6 7 

127 9038312917282097566 1 7
5 0 1 4 2 3 6 

253 16054680662663952841 1 7
5 0 4 2 3 6 7 

247 17369860179217935617 1 7
5 2 6 7 0 1 4 

490 11657093155645032796 1 6
5 1 8 3 7 6 

442 5429548130154424946 1 6
5 3 7 1 8 4 

430 3558511557731516111 1 6
5 1 8 3 2 7 

427 2374803439733675903 1 6
5 3 7 1 0 8 

504 4256170867034288619 1 6
5 4 8 3 7 6 

492 5771567354490341414 2 6
5 8 3 2 7 6 
8 5 3 2 7 6 

489 4437638152719133672 1 6
5 0 8 3 7 6 

444 11316681182626000233 1 6
5 8 4 3 2 7 

441 13645739818970934841 1 6
5 3 7 0 8 4 

429 2630518005582778205 1 6
5 0 8 2 3 7 

498 4256170867034288619 1 6
5 7 6 1 4 8 

486 3881640466427956218 1 6
5 1 8 2 7 6 

483 16261193324287292028 1 6
5 7 6 1 0 8 

438 1477328639218358948 1 6
5 2 7 1 8 4 

435 17934318880163315229 2 6
5 7 1 0 8 4 
7 5 1 0 8 4 

423 4656308675888423287 1 6
5 2 7 0 1 8 

500 8949792681129148197 2 6
5 4 8 2 7 6 
5 8 4 2 6 7 

497 8949792681129148197 2 6
5 6 7 0 8 4 
5 7 6 0 4 8 

485 10533941864267901745 1 6
5 0 8 2 7 6 

474 9664659580043954769 2 6
1 8 4 3 6 7 
3 6 7 1 8 4 

437 10533941864267901745 1 6
5 2 7 0 8 4 

462 10249849302948238587 1 6
1 8 3 2 6 7 

459 5813078525945078869 1 6
3 6 7 1 0 8 

414 4057669094100344527 2 6
1 8 4 3 2 7 
1 8 4 2 3 7 

399 16558018890958506103 2 6
1 0 8 3 2 7 
1 0 8 2 3 7 

411 17830056156839413195 1 6
3 7 1 0 8 4 

413 6101881423205156815 4 6
0 4 8 2 3 7 
0 4 8 3 2 7 
0 8 4 3 2 7 
0 8 4 2 3 7 

476 10185279196549763206 2 6
4 8 3 2 6 7 
8 4 3 2 6 7 

473 7902747442731901701 2 6
3 6 7 0 4 8 
3 6 7 0 8 4 

461 17830056156839413195 1 6
0 8 3 2 6 7 

455 5058575159636376658 2 6
2 6 7 1 0 8 
2 7 6 1 0 8 

469 18193052885323956928 8 6
0 4 8 2 7 6 
0 4 8 2 6 7 
0 8 4 2 7 6 
0 8 4 2 6 7 
2 6 7 0 4 8 
2 6 7 0 8 4 
2 7 6 0 4 8 
2 7 6 0 8 4 

470 7902747442731901701 2 6
1 8 4 2 7 6 
1 8 4 2 6 7 

467 10185279196549763206 2 6
6 7 1 0 8 4 
7 6 1 0 8 4 

378 11657093155645032796 1 6
5 3 6 1 4 8 

407 17830056156839413195 1 6
2 7 1 0 8 4 

366 672931056080305172 1 6
5 1 8 3 2 6 

363 672931056080305172 1 6
5 3 6 1 0 8 

303 8991000888351857105 1 6
5 2 3 0 1 8 

318 6847673608613352984 1 6
5 3 2 1 8 4 

315 12304439522202302579 1 6
3 5 1 0 8 4 

380 16261193324287292028 1 6
5 4 8 3 2 6 

365 5634069595292431923 1 6
5 0 8 2 3 6 

377 3881640466427956218 1 6
5 3 6 0 4 8 

317 15690870673056582799 1 6
5 2 3 0 4 8 

371 5771567354490341414 2 6
5 6 1 0 4 8 
6 5 1 0 4 8 

374 4437638152719133672 1 6
5 2 6 1 4 8 

359 5634069595292431923 1 6
5 2 6 0 1 8 

311 6465979159004361703 1 6
2 5 0 1 8 4 

350 5813078525945078869 1 6
1 8 4 3 2 6 

335 8798971025783308486 2 6
1 0 8 3 2 6 
3 2 6 1 0 8 

373 10533941864267901745 1 6
5 2 6 0 4 8 

287 3273691597850772726 2 6
2 3 1 0 8 4 
3 2 1 0 8 4 

347 10249849302948238587 1 6
3 6 1 0 8 4 

349 5058575159636376658 2 6
0 4 8 3 2 6 
0 8 4 3 2 6 

343 17830056156839413195 1 6
2 6 1 0 8 4 

250 5429548130154424946 1 6
5 1 4 3 6 7 

235 6847673608613352984 1 6
5 1 0 3 6 7 

238 12304439522202302579 1 6
1 5 3 2 6 7 

190 6481294432326067064 1 6
5 1 4 3 2 7 

175 3129545967309015606 1 6
5 0 1 2 3 7 

187 6481294432326067064 1 6
5 3 7 1 0 4 

252 17934318880163315229 2 6
4 5 3 2 6 7 
5 4 3 2 6 7 

249 1477328639218358948 1 6
5 0 4 3 6 7 

237 6465979159004361703 1 6
0 5 2 3 6 7 

189 1138973630840624535 1 6
5 0 4 2 3 7 

159 388469461310621396 8 6
0 1 4 3 2 7 
0 1 4 2 3 7 
1 0 4 3 2 7 
1 0 4 2 3 7 
2 3 7 1 0 4 
2 3 7 0 1 4 
3 2 7 0 1 4 
3 2 7 1 0 4 

246 13645739818970934841 1 6
5 1 4 2 6 7 

243 11316681182626000233 1 6
5 6 7 1 0 4 

231 15690870673056582799 1 6
5 0 1 2 7 6 

183 1138973630840624535 1 6
5 2 7 0 1 4 

245 10533941864267901745 1 6
5 0 4 2 6 7 

207 3273691597850772726 2 6
0 1 3 2 6 7 
1 0 3 2 6 7 

219 4057669094100344527 2 6
3 6 7 1 0 4 
3 6 7 0 1 4 

222 17830056156839413195 1 6
1 4 3 2 6 7 

221 17830056156839413195 1 6
0 4 3 2 6 7 

215 6101881423205156815 4 6
2 6 7 1 0 4 
2 6 7 0 1 4 
2 7 6 0 1 4 
2 7 6 1 0 4 

111 8991000888351857105 1 6
5 0 1 2 3 6 

126 2374803439733675903 1 6
5 1 4 3 2 6 

123 3558511557731516111 1 6
5 3 6 1 0 4 

63 3129545967309015606 1 6
5 2 3 0 1 4 

95 16558018890958506103 2 6
3 2 6 0 1 4 
3 2 6 1 0 4 

125 4656308675888423287 1 6
5 0 4 2 3 6 

119 2630518005582778205 1 6
5 2 6 0 1 4 

426 12813607503129867153 1 5
5 1 8 3 7 

488 18064990090265222733 2 5
5 8 3 7 6 
8 5 3 7 6 

440 10711925097737042252 1 5
5 3 7 8 4 

428 12158667911140282298 4 5
5 8 2 3 7 
5 8 3 2 7 
8 5 3 2 7 
8 5 2 3 7 

425 2156186079903720028 2 5
5 3 7 0 8 
5 0 8 3 7 

482 4596102902320277502 1 5
5 1 8 7 6 

434 2931493229845075762 2 5
5 7 1 8 4 
7 5 1 8 4 

354 3758550860374928371 2 4
5 6 1 8 
6 5 1 8 

97 10706753935364593016 2 3
0 5 6 
0 6 5 

294 5036159874697649378 1 4
2 5 1 8 

37 3519693191574693728 2 3
0 2 5 
2 0 5 

330 12030119370035199782 2 4
1 8 3 6 
3 6 1 8 

73 1100806113672523033 1 3
0 3 6 

270 3117539274478306512 2 4
1 8 3 2 
1 8 2 3 

13 260049142612031377 2 3
0 2 3 
0 3 2 

282 8389516611493844045 1 4
3 1 8 4 

25 11149028268085365730 1 3
3 0 4 

326 1361567497545663179 1 4
1 8 2 6 

69 11149028268085365730 1 3
0 2 6 

278 8389516611493844045 1 4
2 1 8 4 

21 11149028268085365730 1 3
2 0 4 

178 5017445520378449331 2 4
5 7 1 4 
7 5 1 4 

163 9258636742296635226 2 4
5 7 1 0 
7 5 1 0 

420 15804328657059468321 2 4
5 8 2 7 
8 5 2 7 

177 17551861176896189898 2 4
5 7 0 4 
7 5 0 4 

210 7150496180077738619 2 4
1 4 6 7 
1 4 7 6 

195 2619098640235373304 4 4
0 1 6 7 
0 1 7 6 
1 0 6 7 
1 0 7 6 

209 7150496180077738619 2 4
0 4 6 7 
0 4 7 6 

466 4622508568593048949 2 5
6 7 1 8 4 
7 6 1 8 4 

312 18125736765879375276 1 4
3 5 4 8 

55 16257974118987338973 1 5
2 5 0 1 4 

58 12790940207649449064 1 4
3 5 1 4 

300 342674997343172527 4 4
5 8 2 3 
5 8 3 2 
8 5 3 2 
8 5 2 3 

43 13219029515554589214 1 4
3 5 1 0 

46 13219029515554589214 1 4
1 5 3 2 

106 18188994175204141202 1 4
1 5 3 6 

297 12844178937462204567 1 4
3 5 0 8 

170 12790940207649449064 1 4
1 5 3 7 

120 9515771854054113449 2 4
4 5 3 6 
5 4 3 6 

105 5036159874697649378 1 4
0 5 3 6 

362 13206557887366424125 2 5
5 3 6 1 8 
5 1 8 3 6 

60 9258636742296635226 2 4
4 5 3 2 
5 4 3 2 

353 17551861176896189898 2 4
5 6 0 8 
6 5 0 8 

226 18125736765879375276 1 4
1 5 7 6 

99 342674997343172527 4 4
5 6 0 1 
5 6 1 0 
6 5 1 0 
6 5 0 1 

356 17551861176896189898 2 4
5 8 2 6 
8 5 2 6 

184 5017445520378449331 2 4
4 5 3 7 
5 4 3 7 

57 6570806256634135414 1 4
3 5 0 4 

314 8336637092471597263 1 5
3 5 1 8 4 

45 10235435253070270992 1 4
0 5 2 3 

302 11409886770531985166 1 5
5 1 8 3 2 

102 12844178937462204567 1 4
1 5 2 6 

368 1677071180347565230 2 4
5 6 4 8 
6 5 4 8 

114 15804328657059468321 2 4
5 6 1 4 
6 5 1 4 

293 12159194040976764615 1 4
2 5 0 8 

166 6570806256634135414 1 4
1 5 2 7 

39 10235435253070270992 1 4
2 5 0 1 

296 10706753935364593016 2 3
3 5 8 
3 8 5 

308 698476773254776664 2 4
2 5 4 8 
2 5 8 4 

54 12844178937462204567 1 4
2 5 1 4 

116 15804328657059468321 2 4
4 5 2 6 
5 4 2 6 

240 1677071180347565230 2 4
4 5 6 7 
5 4 6 7 

113 15804328657059468321 2 4
5 6 0 4 
6 5 0 4 

370 18064990090265222733 2 5
5 6 1 4 8 
6 5 1 4 8 

193 12585292063867719537 2 3
0 6 7 
0 7 6 

450 3982813991072387447 2 4
1 8 7 6 
1 8 6 7 

329 1361567497545663179 1 4
3 6 0 8 

202 8389516611493844045 1 4
1 3 6 7 

75 3117539274478306512 2 4
3 6 0 1 
3 6 1 0 

56 12769602731266802952 2 3
3 4 5 
3 5 4 

313 15166400095534292492 1 5
3 5 0 4 8 

201 8389516611493844045 1 4
0 3 6 7 

458 12586974753393532778 1 5
1 8 3 6 7 

74 1100806113672523033 1 3
1 3 6 

331 18370894349058557510 1 5
3 6 1 0 8 

269 11962963340393468856 2 4
0 8 3 2 
0 8 2 3 

142 11990823882079085441 2 4
1 2 3 7 
1 3 2 7 

15 4614418253340408195 8 4
0 1 2 3 
0 1 3 2 
1 0 2 3 
1 0 3 2 
2 3 0 1 
2 3 1 0 
3 2 1 0 
3 2 0 1 

52 10706753935364593016 2 3
2 4 5 
2 5 4 

309 10696886028888895771 2 5
2 5 0 4 8 
2 5 0 8 4 

135 11962963340393468856 2 4
2 7 0 1 
2 7 1 0 

262 1100806113672523033 1 3
2 1 8 

5 17087753756477223945 2 2
0 2 
2 0 

85 15406660600063173003 2 4
0 4 2 6 
2 6 0 4 

342 16476275988343549283 1 5
2 6 1 8 4 

141 11990823882079085441 2 4
0 2 3 7 
0 3 2 7 

398 4529249393062366034 2 5
1 8 3 2 7 
1 8 2 3 7 

14 260049142612031377 2 3
1 2 3 
1 3 2 

271 13060624026911289083 2 5
2 3 1 0 8 
3 2 1 0 8 

165 12159194040976764615 1 4
0 5 2 7 

422 8497648867450228684 1 5
5 1 8 2 7 

292 10706753935364593016 2 3
2 5 8 
2 8 5 

38 16574095905003600574 2 3
1 2 5 
2 1 5 

295 14966868681543914142 1 5
2 5 0 1 8 

263 4482402122045907183 1 4
2 1 0 8 

6 17087753756477223945 2 2
1 2 
2 1 

9 17087753756477223945 2 2
0 3 
3 0 

266 1100806113672523033 1 3
3 1 8 

41 16574095905003600574 2 3
0 3 5 
3 0 5 

298 18188994175204141202 1 4
3 5 1 8 

197 15669754230730330559 2 4
0 2 6 7 
0 2 7 6 

454 2297159645589997922 2 5
1 8 2 7 6 
1 8 2 6 7 

70 11149028268085365730 1 3
1 2 6 

327 7006514734424415631 1 5
2 6 1 0 8 

133 11149028268085365730 1 3
0 2 7 

390 1361567497545663179 1 4
1 8 2 7 

10 17087753756477223945 2 2
1 3 
3 1 

267 4482402122045907183 1 4
3 1 0 8 

137 11149028268085365730 1 3
0 3 7 

394 1361567497545663179 1 4
1 8 3 7 

78 4482402122045907183 1 4
1 3 2 6 

101 12159194040976764615 1 4
0 5 2 6 

358 10046078961121171847 1 5
5 1 8 2 6 

112 2728381371886174304 6 3
4 5 6 
4 6 5 
5 4 6 
5 6 4 
6 5 4 
6 4 5 

369 9397628363481839042 2 5
5 6 0 4 8 
6 5 0 4 8 

180 17551861176896189898 2 4
4 5 2 7 
5 4 2 7 

53 12159194040976764615 1 4
2 5 0 4 

310 10080545440292170948 1 5
2 5 1 8 4 

134 11149028268085365730 1 3
1 2 7 

391 7006514734424415631 1 5
2 7 1 0 8 

7 260049142612031377 2 3
2 1 0 
2 0 1 

261 11149028268085365730 1 3
2 0 8 

194 12585292063867719537 2 3
1 6 7 
1 7 6 

451 10750593861048357360 2 5
6 7 1 0 8 
7 6 1 0 8 

161 10706753935364593016 2 3
0 5 7 
0 7 5 

418 9515771854054113449 2 4
5 7 1 8 
7 5 1 8 

176 754205998099296360 6 3
4 5 7 
4 7 5 
5 4 7 
5 7 4 
7 5 4 
7 4 5 

433 9397628363481839042 2 5
5 7 0 8 4 
7 5 0 8 4 

153 15406660600063173003 2 4
0 4 3 7 
3 7 0 4 

410 16476275988343549283 1 5
3 7 1 8 4 

26 11149028268085365730 1 3
3 1 4 

283 10588727508656393821 1 5
3 1 0 8 4 

280 12585292063867719537 2 3
3 4 8 
3 8 4 

23 11990823882079085441 2 4
2 1 0 4 
2 0 1 4 

149 15406660600063173003 2 4
0 4 2 7 
2 7 0 4 

406 16476275988343549283 1 5
2 7 1 8 4 

22 11149028268085365730 1 3
2 1 4 

279 10588727508656393821 1 5
2 1 0 8 4 

276 12585292063867719537 2 3
2 4 8 
2 8 4 

11 260049142612031377 2 3
3 1 0 
3 0 1 

138 11149028268085365730 1 3
1 3 7 

395 7006514734424415631 1 5
3 7 1 0 8 

265 11149028268085365730 1 3
3 0 8 

29 11962963340393468856 2 4
0 4 3 2 
0 4 2 3 

286 14757008162573915736 2 5
2 3 1 8 4 
3 2 1 8 4 

139 11962963340393468856 2 4
3 7 0 1 
3 7 1 0 

89 1361567497545663179 1 4
3 6 0 4 

346 12586974753393532778 1 5
3 6 1 8 4 

284 2619098640235373304 4 4
2 3 4 8 
2 3 8 4 
3 2 4 8 
3 2 8 4 

27 11990823882079085441 2 4
3 1 0 4 
3 0 1 4 

30 11962963340393468856 2 4
1 4 3 2 
1 4 2 3 

169 12844178937462204567 1 4
0 5 3 7 

42 5851304085804368075 2 3
1 3 5 
3 1 5 

299 17074012987824720655 1 5
3 5 1 0 8 

225 698476773254776664 2 4
0 5 6 7 
0 5 7 6 

98 10706753935364593016 2 3
1 5 6 
1 6 5 

355 9407745568372446984 2 5
5 6 1 0 8 
6 5 1 0 8 

352 754205998099296360 6 3
5 6 8 
5 8 6 
6 5 8 
6 8 5 
8 6 5 
8 5 6 

162 12769602731266802952 2 3
1 5 7 
1 7 5 

419 2442724551721647618 2 5
5 7 1 0 8 
7 5 1 0 8 

416 2728381371886174304 6 3
5 7 8 
5 8 7 
7 5 8 
7 8 5 
8 7 5 
8 5 7 

277 15669754230730330559 2 4
2 0 4 8 
2 0 8 4 

150 15406660600063173003 2 4
1 4 2 7 
2 7 1 4 

325 15406660600063173003 2 4
0 8 2 6 
2 6 0 8 

198 15669754230730330559 2 4
1 2 6 7 
1 2 7 6 

71 11962963340393468856 2 4
2 6 0 1 
2 6 1 0 

340 7150496180077738619 2 4
2 6 4 8 
2 6 8 4 

86 15406660600063173003 2 4
1 4 2 6 
2 6 1 4 

281 15669754230730330559 2 4
3 0 4 8 
3 0 8 4 

154 15406660600063173003 2 4
1 4 3 7 
3 7 1 4 

77 4482402122045907183 1 4
0 3 2 6 

334 18370894349058557510 1 5
1 8 3 2 6 

344 3982813991072387447 2 4
3 6 4 8 
3 6 8 4 

87 4829484002395752990 2 5
2 6 0 1 4 
2 6 1 0 4 

90 1361567497545663179 1 4
3 6 1 4 

360 3758550860374928371 2 4
5 8 3 6 
8 5 3 6 

103 9807472672633525333 1 5
5 2 6 0 1 

389 15406660600063173003 2 4
0 8 2 7 
2 7 0 8 

404 7150496180077738619 2 4
2 7 4 8 
2 7 8 4 

449 7150496180077738619 2 4
0 8 7 6 
0 8 6 7 

393 15406660600063173003 2 4
0 8 3 7 
3 7 0 8 

408 7150496180077738619 2 4
3 7 4 8 
3 7 8 4 

151 4829484002395752990 2 5
2 7 0 1 4 
2 7 1 0 4 

464 13150025586414177241 8 4
4 8 7 6 
4 8 6 7 
6 7 4 8 
6 7 8 4 
7 6 4 8 
7 6 8 4 
8 4 7 6 
8 4 6 7 

417 15804328657059468321 2 4
5 7 0 8 
7 5 0 8 

432 1677071180347565230 2 4
5 7 8 4 
7 5 8 4 

480 1677071180347565230 2 4
5 8 7 6 
8 5 7 6 

424 15804328657059468321 2 4
5 8 3 7 
8 5 3 7 

167 12213647604452126610 1 5
5 2 7 0 1 

93 7006514734424415631 1 5
0 4 3 2 6 

91 4529249393062366034 2 5
3 6 0 1 4 
3 6 1 0 4 

348 10750593861048357360 2 5
4 8 3 2 6 
8 4 3 2 6 

94 7006514734424415631 1 5
1 4 3 2 6 

79 13060624026911289083 2 5
0 1 3 2 6 
1 0 3 2 6 

31 1805453699504864131 4 5
2 3 0 1 4 
2 3 1 0 4 
3 2 1 0 4 
3 2 0 1 4 

117 7312885696668073972 2 5
5 2 6 0 4 
5 0 4 2 6 

118 2156186079903720028 2 5
5 2 6 1 4 
5 1 4 2 6 

115 12158667911140282298 4 5
5 6 0 1 4 
5 6 1 0 4 
6 5 1 0 4 
6 5 0 1 4 

372 379923436499829735 1 5
5 2 6 4 8 

61 12213647604452126610 1 5
5 0 4 2 3 

109 14966868681543914142 1 5
0 5 2 3 6 

121 8497648867450228684 1 5
5 3 6 0 4 

124 2442724551721647618 2 5
4 5 3 2 6 
5 4 3 2 6 

59 16534111425537454572 1 5
3 5 1 0 4 

316 5989657621515135584 1 5
5 3 2 4 8 

62 720153406986957353 1 5
5 1 4 3 2 

47 1585208383216641488 2 5
5 2 3 0 1 
5 0 1 2 3 

110 17074012987824720655 1 5
1 5 3 2 6 

122 12813607503129867153 1 5
5 3 6 1 4 

107 11409886770531985166 1 5
5 3 6 1 0 

364 9407745568372446984 2 5
5 8 3 2 6 
8 5 3 2 6 

213 1170858302316114891 2 5
0 4 2 6 7 
0 4 2 7 6 

214 1170858302316114891 2 5
1 4 2 6 7 
1 4 2 7 6 

211 319330563881633936 4 5
6 7 0 1 4 
6 7 1 0 4 
7 6 1 0 4 
7 6 0 1 4 

468 5985004378282824371 4 5
4 8 2 7 6 
4 8 2 6 7 
8 4 2 7 6 
8 4 2 6 7 

199 7564889633736016273 4 5
0 1 2 6 7 
0 1 2 7 6 
1 0 2 6 7 
1 0 2 7 6 

157 4829484002395752990 2 5
0 4 3 2 7 
0 4 2 3 7 

205 10588727508656393821 1 5
0 3 2 6 7 

217 16476275988343549283 1 5
0 4 3 6 7 

155 4829484002395752990 2 5
3 7 0 1 4 
3 7 1 0 4 

412 319330563881633936 4 5
4 8 2 3 7 
4 8 3 2 7 
8 4 3 2 7 
8 4 2 3 7 

158 4829484002395752990 2 5
1 4 3 2 7 
1 4 2 3 7 

206 10588727508656393821 1 5
1 3 2 6 7 

143 1805453699504864131 4 5
0 1 2 3 7 
0 1 3 2 7 
1 0 2 3 7 
1 0 3 2 7 

218 16476275988343549283 1 5
1 4 3 6 7 

203 14757008162573915736 2 5
0 1 3 6 7 
1 0 3 6 7 

229 10696886028888895771 2 5
0 5 2 6 7 
0 5 2 7 6 

181 12046934514695014853 2 5
5 2 7 0 4 
5 0 4 2 7 

241 379923436499829735 1 5
5 0 4 6 7 

244 9397628363481839042 2 5
4 5 2 6 7 
5 4 2 6 7 

182 2312962615793463669 1 5
5 1 4 2 7 

179 7983641905307666947 2 5
5 7 1 0 4 
7 5 1 0 4 

436 379923436499829735 1 5
5 2 7 8 4 

227 5989657621515135584 1 5
5 1 0 7 6 

484 9397628363481839042 2 5
5 8 2 7 6 
8 5 2 7 6 

242 10711925097737042252 1 5
5 1 4 6 7 

230 15166400095534292492 1 5
1 5 2 7 6 

173 16257974118987338973 1 5
0 5 2 3 7 

185 2312962615793463669 1 5
5 3 7 0 4 

233 10080545440292170948 1 5
0 5 3 6 7 

188 7983641905307666947 2 5
4 5 3 2 7 
5 4 3 2 7 

248 2931493229845075762 2 5
4 5 3 6 7 
5 4 3 6 7 

171 720153406986957353 1 5
5 3 7 1 0 

174 16534111425537454572 1 5
1 5 3 2 7 

186 10665237275681059539 2 5
5 3 7 1 4 
5 1 4 3 7 

234 8336637092471597263 1 5
1 5 3 6 7 

341 1170858302316114891 2 5
2 6 0 4 8 
2 6 0 8 4 

333 7006514734424415631 1 5
0 8 3 2 6 

345 2297159645589997922 2 5
3 6 0 4 8 
3 6 0 8 4 

285 7564889633736016273 4 5
2 3 0 4 8 
2 3 0 8 4 
3 2 0 4 8 
3 2 0 8 4 

357 12046934514695014853 2 5
5 2 6 0 8 
5 0 8 2 6 

301 9807472672633525333 1 5
5 0 8 2 3 

361 10046078961121171847 1 5
5 3 6 0 8 

376 4596102902320277502 1 5
5 3 6 4 8 

405 1170858302316114891 2 5
2 7 0 4 8 
2 7 0 8 4 

453 1170858302316114891 2 5
0 8 2 7 6 
0 8 2 6 7 

465 5985004378282824371 4 5
6 7 0 4 8 
6 7 0 8 4 
7 6 0 4 8 
7 6 0 8 4 

397 4829484002395752990 2 5
0 8 3 2 7 
0 8 2 3 7 

409 1170858302316114891 2 5
3 7 0 4 8 
3 7 0 8 4 

457 16476275988343549283 1 5
0 8 3 6 7 

472 4622508568593048949 2 5
4 8 3 6 7 
8 4 3 6 7 

421 7312885696668073972 2 5
5 2 7 0 8 
5 0 8 2 7 

481 379923436499829735 1 5
5 0 8 7 6 

496 2116756502251157976 4 5
5 4 8 7 6 
5 6 7 8 4 
5 7 6 4 8 
5 8 4 6 7 

