bhabha2pb2m[-1,0,0,0,1,0,0,0,0]*(-7*a4)
bhabha2pb2m[0,0,0,0,0,0,0,0,0]*(5*a7+5*a4-5*a8-5*a5)
bhabha2pb2m[0,0,0,0,0,0,1,0,0]*(18*a6)
bhabha2pb2m[0,0,0,0,1,-1,0,0,0]*(2*a4)
bhabha2pb2m[0,0,0,0,1,0,0,0,0]*(-14*a4)
bhabha2pb2m[0,0,0,-1,0,0,0,1,0]*(-7*a7)
bhabha2pb2m[0,0,0,0,0,-1,1,0,0]*(-3*a6)
bhabha2pb2m[0,0,0,0,0,0,0,1,0]*(-7*a7)
bhabha2pb2m[-1,0,0,0,0,0,1,0,0]*(9*a6)
bhabha2pb2m[0,0,0,0,0,0,0,1,-1]*(2*a7)
bhabha2pb2m[0,1,0,0,0,0,0,0,0]*(-2*a1)
bhabha2pb2m[0,1,0,-1,0,0,0,0,0]*(-2*a1)
bhabha2pb2m[0,1,0,0,0,0,0,-1,0]*(4*a1)
bhabha2pb2m[0,0,0,0,0,0,0,0,1]*(7*a8)
bhabha2pb2m[0,0,0,0,-1,0,1,0,0]*(-6*a6)
bhabha2pb2m[0,1,0,0,0,0,0,0,-1]*(-2*a1)
bhabha2pb2m[0,0,0,-1,0,0,0,0,1]*(7*a8)
bhabha2pb2m[-1,0,0,0,0,1,0,0,0]*(7*a5)
bhabha2pb2m[0,0,0,0,-1,1,0,0,0]*(-2*a5)
bhabha2pb2m[0,0,0,0,0,1,0,0,0]*(14*a5)
bhabha2pb2m[0,0,0,0,0,0,0,-1,1]*(-2*a8)

bhabha2pb2m[-1,0,0,0,1,0,0,0,0]*(2*a4)
bhabha2pb2m[0,0,0,0,1,-1,0,0,0]*(3*a4)
bhabha2pb2m[0,0,0,0,1,0,0,0,0]*(4*a4)
bhabha2pb2m[0,0,0,0,0,0,0,0,0]*(4*a1-4*a8-6*a5+6*a6)
bhabha2pb2m[0,0,0,0,1,0,-1,0,0]*(-5*a4)
bhabha2pb2m[-1,0,0,0,0,0,1,0,0]*(-4*a6)
bhabha2pb2m[0,0,0,-1,0,0,0,1,0]*(-3*a7)
bhabha2pb2m[0,0,0,0,0,0,0,1,-1]*(-2*a7)
bhabha2pb2m[0,0,0,0,0,0,0,1,0]*(27*a7+5*a7*eta)
bhabha2pb2m[0,-1,0,0,0,0,0,1,0]*(5*a7)
bhabha2pb2m[0,1,0,0,0,0,0,0,0]*(4*a1*eta+28*a1)
bhabha2pb2m[0,1,0,0,0,0,0,0,-1]*(-8*a1)
bhabha2pb2m[0,1,0,-1,0,0,0,0,0]*(4*a1)
bhabha2pb2m[0,-1,0,0,0,0,0,0,1]*(-2*a8)
bhabha2pb2m[0,0,0,-1,0,0,0,0,1]*(6*a8)
bhabha2pb2m[0,0,0,0,0,0,1,0,0]*(-8*a6)
bhabha2pb2m[0,0,0,0,0,0,0,0,1]*(-6*a8-2*a8*eta)
bhabha2pb2m[0,0,0,0,0,1,0,0,0]*(8*a5)
bhabha2pb2m[-1,0,0,0,0,1,0,0,0]*(4*a5)
bhabha2pb2m[0,0,0,0,0,-1,1,0,0]*(-2*a6)
bhabha2pb2m[0,0,0,0,0,1,-1,0,0]*(2*a5)

bhabha2pb2m[-1,0,0,0,1,0,0,0,0]*(-5*a4)
bhabha2pb2m[0,0,0,0,0,0,0,0,0]*(3*a7+3*a4+2*a1-5*a8-3*a6)
bhabha2pb2m[-1,0,0,0,0,0,1,0,0]*(5*a6)
bhabha2pb2m[0,0,0,0,1,0,-1,0,0]*(2*a4)
bhabha2pb2m[0,0,0,0,1,0,0,0,0]*(-10*a4)
bhabha2pb2m[0,0,0,-1,0,0,0,1,0]*(-3*a7)
bhabha2pb2m[0,0,0,0,0,0,1,0,0]*(10*a6)
bhabha2pb2m[0,0,0,0,0,0,0,1,0]*(-15*a7-2*a7*eta)
bhabha2pb2m[0,-1,0,0,0,0,0,1,0]*(-2*a7)
bhabha2pb2m[0,0,0,0,0,0,0,1,-1]*(2*a7)
bhabha2pb2m[0,1,0,0,0,0,0,0,0]*(2*a1*eta+16*a1)
bhabha2pb2m[0,1,0,-1,0,0,0,0,0]*(4*a1)
bhabha2pb2m[0,1,0,0,0,0,0,-1,0]*(-4*a1)
bhabha2pb2m[0,1,0,0,0,0,0,0,-1]*(-2*a1)
bhabha2pb2m[0,0,0,0,-1,0,1,0,0]*(-2*a6)
bhabha2pb2m[0,-1,0,0,0,0,0,0,1]*(5*a8)
bhabha2pb2m[0,0,0,0,0,0,0,0,1]*(36*a8+5*a8*eta)
bhabha2pb2m[-1,0,0,0,0,1,0,0,0]*(11*a5)
bhabha2pb2m[0,0,0,0,-1,1,0,0,0]*(-6*a5)
bhabha2pb2m[0,0,0,0,0,1,0,0,0]*(22*a5)
bhabha2pb2m[0,0,0,0,0,0,0,-1,1]*(-6*a8)
bhabha2pb2m[0,0,0,0,0,1,-1,0,0]*(-5*a5)
bhabha2pb2m[0,0,0,-1,0,0,0,0,1]*(6*a8)

