385 17258787824257198352 2 3
0 7 8 
0 8 7 

321 12585292063867719537 2 3
0 6 8 
0 8 6 

292 754205998099296360 6 3
2 5 8 
2 8 5 
5 2 8 
5 8 2 
8 5 2 
8 2 5 

261 10706753935364593016 2 3
0 2 8 
0 8 2 

259 7698985776645440831 2 3
0 1 8 
0 8 1 

164 13119232308241019096 6 3
2 5 7 
2 7 5 
5 2 7 
5 7 2 
7 5 2 
7 2 5 

193 3870621583062396010 2 3
0 6 7 
0 7 6 

268 2728381371886174304 6 3
2 3 8 
2 8 3 
3 2 8 
3 8 2 
8 3 2 
8 2 3 

7 12254329342543767602 2 3
0 1 2 
0 2 1 

14 6906529405458791006 6 3
1 2 3 
1 3 2 
2 1 3 
2 3 1 
3 2 1 
3 1 2 

276 13119232308241019096 6 3
2 4 8 
2 8 4 
4 2 8 
4 8 2 
8 4 2 
8 2 4 

131 7698985776645440831 2 3
0 1 7 
0 7 1 

38 6906529405458791006 6 3
1 2 5 
1 5 2 
2 1 5 
2 5 1 
5 2 1 
5 1 2 

67 7698985776645440831 2 3
0 1 6 
0 6 1 

22 6906529405458791006 6 3
1 2 4 
1 4 2 
2 1 4 
2 4 1 
4 2 1 
4 1 2 

100 2728381371886174304 6 3
2 5 6 
2 6 5 
5 2 6 
5 6 2 
6 5 2 
6 2 5 

69 10706753935364593016 2 3
0 2 6 
0 6 2 

76 754205998099296360 6 3
2 3 6 
2 6 3 
3 2 6 
3 6 2 
6 3 2 
6 2 3 

133 10706753935364593016 2 3
0 2 7 
0 7 2 

84 14860785610888650053 6 3
2 4 6 
2 6 4 
4 2 6 
4 6 2 
6 4 2 
6 2 4 

148 754205998099296360 6 3
2 4 7 
2 7 4 
4 2 7 
4 7 2 
7 4 2 
7 2 4 

140 14860785610888650053 6 3
2 3 7 
2 7 3 
3 2 7 
3 7 2 
7 3 2 
7 2 3 

