506 1683195196748954735 2 7
5 3 6 7 1 8 4 
5 1 8 4 3 6 7 

494 4941481803885017918 1 7
5 1 8 2 3 7 6 

491 5199952021790879848 1 7
5 3 7 6 0 1 8 

446 17263734949310902861 1 7
5 1 8 4 2 3 7 

431 16205027143462684523 1 7
5 2 3 7 0 1 8 

443 11519733663517264083 1 7
5 3 7 0 1 8 4 

505 11455769519492335026 1 7
5 3 6 7 0 8 4 

508 10334385285234416800 1 7
5 4 8 3 2 7 6 

445 10016800529333930019 1 7
5 0 8 4 2 3 7 

493 4081970524844462428 1 7
5 0 8 2 3 7 6 

502 11455769519492335026 1 7
5 1 8 4 2 6 7 

501 2439092066005104720 4 7
5 2 6 7 0 8 4 
5 2 7 6 0 4 8 
5 0 4 8 2 7 6 
5 0 8 4 2 6 7 

487 8062213892967801935 1 7
5 2 7 6 0 1 8 

499 10334385285234416800 1 7
5 7 6 1 0 4 8 

439 13860944875456696416 1 7
5 2 7 0 1 8 4 

478 8419987124258895410 1 7
1 8 4 3 2 6 7 

463 15693516008192241928 1 7
1 0 8 3 2 6 7 

475 8419987124258895410 1 7
3 6 7 1 0 8 4 

415 2292963523609724612 2 7
2 3 7 1 0 8 4 
3 2 7 1 0 8 4 

477 8905733779175414412 2 7
0 4 8 3 2 6 7 
0 8 4 3 2 6 7 

367 15768760559383934433 2 7
5 2 3 6 0 1 8 
5 0 1 8 2 3 6 

471 8905733779175414412 2 7
2 6 7 1 0 8 4 
2 7 6 1 0 8 4 

382 5199952021790879848 1 7
5 1 4 8 2 3 6 

379 4941481803885017918 1 7
5 3 6 0 1 4 8 

319 9010358438891101601 1 7
5 2 3 0 1 8 4 

381 8062213892967801935 1 7
5 0 4 8 2 3 6 

375 4081970524844462428 1 7
5 2 6 0 1 4 8 

351 15693516008192241928 1 7
3 2 6 1 0 8 4 

191 3886249597633877093 2 7
5 2 3 7 0 1 4 
5 0 1 4 2 3 7 

254 11519733663517264083 1 7
5 1 4 2 3 6 7 

251 17263734949310902861 1 7
5 3 6 7 0 1 4 

239 9010358438891101601 1 7
5 0 1 2 3 6 7 

223 2292963523609724612 2 7
0 1 4 3 2 6 7 
1 0 4 3 2 6 7 

127 16205027143462684523 1 7
5 0 1 4 2 3 6 

253 13860944875456696416 1 7
5 0 4 2 3 6 7 

247 10016800529333930019 1 7
5 2 6 7 0 1 4 

490 11623374169999770171 1 6
5 1 8 3 7 6 

442 3868409743698401530 1 6
5 3 7 1 8 4 

430 13154413871229571261 1 6
5 1 8 2 3 7 

427 13004857715875102434 1 6
5 3 7 0 1 8 

504 14448074085796043849 1 6
5 4 8 3 7 6 

492 12286947765398346090 2 6
5 8 3 2 7 6 
8 5 3 2 7 6 

489 4242751464547066114 1 6
5 0 8 3 7 6 

444 13191496579315138835 1 6
5 8 4 3 2 7 

441 9982663454313580858 1 6
5 3 7 0 8 4 

429 16161974812390570191 1 6
5 0 8 2 3 7 

498 14448074085796043849 1 6
5 7 6 1 4 8 

486 17083978702241074226 1 6
5 1 8 2 7 6 

483 8910335904662032692 1 6
5 7 6 1 0 8 

438 6966110243544847662 1 6
5 2 7 1 8 4 

435 2189668202451589671 2 6
5 7 1 0 8 4 
7 5 1 0 8 4 

423 5853138056322996807 1 6
5 2 7 0 1 8 

500 8949792681129148197 2 6
5 4 8 2 7 6 
5 8 4 2 6 7 

497 8949792681129148197 2 6
5 6 7 0 8 4 
5 7 6 0 4 8 

474 8340812443974365221 2 6
1 8 4 3 6 7 
3 6 7 1 8 4 

485 10533941864267901745 1 6
5 0 8 2 7 6 

437 10533941864267901745 1 6
5 2 7 0 8 4 

462 5580202380098859470 1 6
1 8 3 2 6 7 

459 6062202394033593025 1 6
3 6 7 1 0 8 

414 17713998264762948699 2 6
1 8 4 3 2 7 
1 8 4 2 3 7 

399 8793546071277390449 2 6
1 0 8 3 2 7 
1 0 8 2 3 7 

411 7990104328247157411 1 6
3 7 1 0 8 4 

413 33935749061831630 4 6
0 4 8 2 3 7 
0 4 8 3 2 7 
0 8 4 3 2 7 
0 8 4 2 3 7 

476 4632054525150775512 2 6
4 8 3 2 6 7 
8 4 3 2 6 7 

473 7569603486698736013 2 6
3 6 7 0 4 8 
3 6 7 0 8 4 

461 7990104328247157411 1 6
0 8 3 2 6 7 

467 4632054525150775512 2 6
6 7 1 0 8 4 
7 6 1 0 8 4 

455 8249383342495748990 2 6
2 6 7 1 0 8 
2 7 6 1 0 8 

469 18193052885323956928 8 6
0 4 8 2 7 6 
0 4 8 2 6 7 
0 8 4 2 7 6 
0 8 4 2 6 7 
2 6 7 0 4 8 
2 6 7 0 8 4 
2 7 6 0 4 8 
2 7 6 0 8 4 

470 7569603486698736013 2 6
1 8 4 2 7 6 
1 8 4 2 6 7 

407 7990104328247157411 1 6
2 7 1 0 8 4 

366 7740046663449112635 1 6
5 1 8 2 3 6 

378 11623374169999770171 1 6
5 3 6 1 4 8 

363 7740046663449112635 1 6
5 3 6 0 1 8 

318 8482752671278528871 1 6
5 2 3 1 8 4 

303 6978840595941232367 1 6
5 2 3 0 1 8 

315 9795215027160096381 1 6
3 5 0 1 8 4 

380 8910335904662032692 1 6
5 4 8 3 2 6 

377 17083978702241074226 1 6
5 3 6 0 4 8 

365 4054449330785238945 1 6
5 0 8 2 3 6 

317 16069198564768812173 1 6
5 2 3 0 4 8 

371 12286947765398346090 2 6
5 6 1 0 4 8 
6 5 1 0 4 8 

359 4054449330785238945 1 6
5 2 6 0 1 8 

374 4242751464547066114 1 6
5 2 6 1 4 8 

311 10432881352302308088 1 6
2 5 0 1 8 4 

350 6062202394033593025 1 6
1 8 4 3 2 6 

373 10533941864267901745 1 6
5 2 6 0 4 8 

335 154756735592143873 2 6
1 0 8 3 2 6 
3 2 6 1 0 8 

287 7029621361199930818 2 6
2 3 1 0 8 4 
3 2 1 0 8 4 

349 8249383342495748990 2 6
0 4 8 3 2 6 
0 8 4 3 2 6 

347 5580202380098859470 1 6
3 6 1 0 8 4 

250 3868409743698401530 1 6
5 1 4 3 6 7 

235 8482752671278528871 1 6
5 0 1 3 6 7 

343 7990104328247157411 1 6
2 6 1 0 8 4 

238 9795215027160096381 1 6
1 5 2 3 6 7 

175 9459449286727960741 1 6
5 0 1 2 3 7 

190 16561322142891769946 1 6
5 1 4 2 3 7 

187 16561322142891769946 1 6
5 3 7 0 1 4 

252 2189668202451589671 2 6
4 5 3 2 6 7 
5 4 3 2 6 7 

249 6966110243544847662 1 6
5 0 4 3 6 7 

237 10432881352302308088 1 6
0 5 2 3 6 7 

189 13919771504941300669 1 6
5 0 4 2 3 7 

159 9974277938900172969 8 6
0 1 4 3 2 7 
0 1 4 2 3 7 
1 0 4 3 2 7 
1 0 4 2 3 7 
2 3 7 1 0 4 
2 3 7 0 1 4 
3 2 7 0 1 4 
3 2 7 1 0 4 

243 13191496579315138835 1 6
5 6 7 1 0 4 

246 9982663454313580858 1 6
5 1 4 2 6 7 

231 16069198564768812173 1 6
5 0 1 2 7 6 

183 13919771504941300669 1 6
5 2 7 0 1 4 

245 10533941864267901745 1 6
5 0 4 2 6 7 

219 17713998264762948699 2 6
3 6 7 1 0 4 
3 6 7 0 1 4 

207 7029621361199930818 2 6
0 1 3 2 6 7 
1 0 3 2 6 7 

222 7990104328247157411 1 6
1 4 3 2 6 7 

215 33935749061831630 4 6
2 6 7 1 0 4 
2 6 7 0 1 4 
2 7 6 0 1 4 
2 7 6 1 0 4 

221 7990104328247157411 1 6
0 4 3 2 6 7 

123 13154413871229571261 1 6
5 3 6 0 1 4 

111 6978840595941232367 1 6
5 0 1 2 3 6 

126 13004857715875102434 1 6
5 1 4 2 3 6 

63 9459449286727960741 1 6
5 2 3 0 1 4 

95 8793546071277390449 2 6
3 2 6 0 1 4 
3 2 6 1 0 4 

125 5853138056322996807 1 6
5 0 4 2 3 6 

119 16161974812390570191 1 6
5 2 6 0 1 4 

426 13364603189197731809 1 5
5 1 8 3 7 

488 17583430961032749130 2 5
5 8 3 7 6 
8 5 3 7 6 

440 6399919801106672932 1 5
5 3 7 8 4 

428 15866534202768381129 4 5
5 8 2 3 7 
5 8 3 2 7 
8 5 3 2 7 
8 5 2 3 7 

425 6946320677797669053 2 5
5 3 7 0 8 
5 0 8 3 7 

482 14686111556629978587 1 5
5 1 8 7 6 

496 2116756502251157976 4 5
5 4 8 7 6 
5 6 7 8 4 
5 7 6 4 8 
5 8 4 6 7 

354 13312223719028599295 2 4
5 6 1 8 
6 5 1 8 

97 10706753935364593016 2 3
0 5 6 
0 6 5 

294 8397334625162587836 1 4
2 5 1 8 

37 3519693191574693728 2 3
0 2 5 
2 0 5 

330 13461187978258175434 2 4
1 8 3 6 
3 6 1 8 

73 6486448604913209494 1 3
0 3 6 

282 529838076471764616 1 4
3 1 8 4 

25 11149028268085365730 1 3
3 0 4 

270 1953978602712153383 2 4
1 8 3 2 
1 8 2 3 

13 17383987363454026160 2 3
0 2 3 
0 3 2 

326 13796289709583244209 1 4
1 8 2 6 

69 11149028268085365730 1 3
0 2 6 

278 529838076471764616 1 4
2 1 8 4 

21 11149028268085365730 1 3
2 0 4 

163 17912309331370950559 2 4
5 7 1 0 
7 5 1 0 

420 15804328657059468321 2 4
5 8 2 7 
8 5 2 7 

178 6454475818174722824 2 4
5 7 1 4 
7 5 1 4 

177 17551861176896189898 2 4
5 7 0 4 
7 5 0 4 

434 14463169972624562395 2 5
5 7 1 8 4 
7 5 1 8 4 

195 4230604656947954310 4 4
0 1 6 7 
0 1 7 6 
1 0 6 7 
1 0 7 6 

210 7150496180077738619 2 4
1 4 6 7 
1 4 7 6 

209 7150496180077738619 2 4
0 4 6 7 
0 4 7 6 

466 17443941716167504307 2 5
6 7 1 8 4 
7 6 1 8 4 

106 14360904535643422207 1 4
1 5 3 6 

300 5717025906857630614 4 4
5 8 2 3 
5 8 3 2 
8 5 3 2 
8 5 2 3 

43 402140872545667288 1 4
3 5 0 1 

46 402140872545667288 1 4
1 5 2 3 

312 11025324576651510866 1 4
3 5 4 8 

55 13346917055206335068 1 5
2 5 0 1 4 

58 4584585979680141891 1 4
3 5 1 4 

297 15368499501652111834 1 4
3 5 0 8 

170 4584585979680141891 1 4
1 5 3 7 

120 11761636407375004198 2 4
4 5 3 6 
5 4 3 6 

60 17912309331370950559 2 4
4 5 3 2 
5 4 3 2 

105 8397334625162587836 1 4
0 5 3 6 

362 12690033318652965665 2 5
5 3 6 1 8 
5 1 8 3 6 

184 6454475818174722824 2 4
4 5 3 7 
5 4 3 7 

57 14315483891285730756 1 4
3 5 0 4 

314 11781286084244796545 1 5
3 5 1 8 4 

353 17551861176896189898 2 4
5 6 0 8 
6 5 0 8 

226 11025324576651510866 1 4
1 5 7 6 

99 5717025906857630614 4 4
5 6 0 1 
5 6 1 0 
6 5 1 0 
6 5 0 1 

356 17551861176896189898 2 4
5 8 2 6 
8 5 2 6 

45 3090918670154284758 1 4
0 5 2 3 

302 3778359460740048577 1 5
5 1 8 2 3 

368 1677071180347565230 2 4
5 6 4 8 
6 5 4 8 

114 15804328657059468321 2 4
5 6 1 4 
6 5 1 4 

102 15368499501652111834 1 4
1 5 2 6 

308 698476773254776664 2 4
2 5 4 8 
2 5 8 4 

54 15368499501652111834 1 4
2 5 1 4 

116 15804328657059468321 2 4
4 5 2 6 
5 4 2 6 

293 12159194040976764615 1 4
2 5 0 8 

166 14315483891285730756 1 4
1 5 2 7 

39 3090918670154284758 1 4
2 5 0 1 

296 10706753935364593016 2 3
3 5 8 
3 8 5 

269 17663828750069960505 2 4
0 8 3 2 
0 8 2 3 

142 9829021077594943929 2 4
1 2 3 7 
1 3 2 7 

15 8306545342144497768 8 4
0 1 2 3 
0 1 3 2 
1 0 2 3 
1 0 3 2 
2 3 0 1 
2 3 1 0 
3 2 1 0 
3 2 0 1 

194 12585292063867719537 2 3
1 6 7 
1 7 6 

451 1216723659735808329 2 5
6 7 1 0 8 
7 6 1 0 8 

193 12585292063867719537 2 3
0 6 7 
0 7 6 

450 8950438065344213768 2 4
1 8 7 6 
1 8 6 7 

329 13796289709583244209 1 4
3 6 0 8 

202 529838076471764616 1 4
1 3 6 7 

75 1953978602712153383 2 4
3 6 0 1 
3 6 1 0 

201 529838076471764616 1 4
0 3 6 7 

458 2544471438310254489 1 5
1 8 3 6 7 

74 6486448604913209494 1 3
1 3 6 

331 15253064470191739447 1 5
3 6 1 0 8 

56 2512533711646785065 2 3
3 4 5 
3 5 4 

313 9014220187794274253 1 5
3 5 0 4 8 

52 10706753935364593016 2 3
2 4 5 
2 5 4 

309 10696886028888895771 2 5
2 5 0 4 8 
2 5 0 8 4 

135 17663828750069960505 2 4
2 7 0 1 
2 7 1 0 

262 6486448604913209494 1 3
2 1 8 

5 17087753756477223945 2 2
0 2 
2 0 

85 15406660600063173003 2 4
0 4 2 6 
2 6 0 4 

342 6610907291125018627 1 5
2 6 1 8 4 

141 9829021077594943929 2 4
0 2 3 7 
0 3 2 7 

398 12179503011420176981 2 5
1 8 3 2 7 
1 8 2 3 7 

14 17383987363454026160 2 3
1 2 3 
1 3 2 

271 9749464387221953812 2 5
2 3 1 0 8 
3 2 1 0 8 

165 12159194040976764615 1 4
0 5 2 7 

422 3176545930294350004 1 5
5 1 8 2 7 

292 10706753935364593016 2 3
2 5 8 
2 8 5 

38 2361156492905547982 2 3
1 2 5 
2 1 5 

295 17619755899674201481 1 5
2 5 0 1 8 

263 18190191940117714365 1 4
2 1 0 8 

6 17087753756477223945 2 2
1 2 
2 1 

9 17087753756477223945 2 2
0 3 
3 0 

266 6486448604913209494 1 3
3 1 8 

133 11149028268085365730 1 3
0 2 7 

390 13796289709583244209 1 4
1 8 2 7 

41 2361156492905547982 2 3
0 3 5 
3 0 5 

298 14360904535643422207 1 4
3 5 1 8 

197 15669754230730330559 2 4
0 2 6 7 
0 2 7 6 

454 6866216736986476997 2 5
1 8 2 7 6 
1 8 2 6 7 

70 11149028268085365730 1 3
1 2 6 

327 12496460193956787050 1 5
2 6 1 0 8 

112 2728381371886174304 6 3
4 5 6 
4 6 5 
5 4 6 
5 6 4 
6 5 4 
6 4 5 

369 9397628363481839042 2 5
5 6 0 4 8 
6 5 0 4 8 

180 17551861176896189898 2 4
4 5 2 7 
5 4 2 7 

53 12159194040976764615 1 4
2 5 0 4 

310 8232652801974800287 1 5
2 5 1 8 4 

134 11149028268085365730 1 3
1 2 7 

391 12496460193956787050 1 5
2 7 1 0 8 

7 17383987363454026160 2 3
2 1 0 
2 0 1 

261 11149028268085365730 1 3
2 0 8 

101 12159194040976764615 1 4
0 5 2 6 

358 9948523620521210810 1 5
5 1 8 2 6 

267 18190191940117714365 1 4
3 1 0 8 

10 17087753756477223945 2 2
1 3 
3 1 

137 11149028268085365730 1 3
0 3 7 

394 13796289709583244209 1 4
1 8 3 7 

78 18190191940117714365 1 4
1 3 2 6 

161 10706753935364593016 2 3
0 5 7 
0 7 5 

418 11761636407375004198 2 4
5 7 1 8 
7 5 1 8 

153 15406660600063173003 2 4
0 4 3 7 
3 7 0 4 

410 6610907291125018627 1 5
3 7 1 8 4 

26 11149028268085365730 1 3
3 1 4 

283 13024210261977407576 1 5
3 1 0 8 4 

280 12585292063867719537 2 3
3 4 8 
3 8 4 

23 9829021077594943929 2 4
2 1 0 4 
2 0 1 4 

176 754205998099296360 6 3
4 5 7 
4 7 5 
5 4 7 
5 7 4 
7 5 4 
7 4 5 

433 9397628363481839042 2 5
5 7 0 8 4 
7 5 0 8 4 

149 15406660600063173003 2 4
0 4 2 7 
2 7 0 4 

406 6610907291125018627 1 5
2 7 1 8 4 

22 11149028268085365730 1 3
2 1 4 

279 13024210261977407576 1 5
2 1 0 8 4 

276 12585292063867719537 2 3
2 4 8 
2 8 4 

11 17383987363454026160 2 3
3 1 0 
3 0 1 

138 11149028268085365730 1 3
1 3 7 

395 12496460193956787050 1 5
3 7 1 0 8 

265 11149028268085365730 1 3
3 0 8 

29 17663828750069960505 2 4
0 4 3 2 
0 4 2 3 

286 4143356442949502389 2 5
2 3 1 8 4 
3 2 1 8 4 

139 17663828750069960505 2 4
3 7 0 1 
3 7 1 0 

89 13796289709583244209 1 4
3 6 0 4 

346 2544471438310254489 1 5
3 6 1 8 4 

284 4230604656947954310 4 4
2 3 4 8 
2 3 8 4 
3 2 4 8 
3 2 8 4 

27 9829021077594943929 2 4
3 1 0 4 
3 0 1 4 

30 17663828750069960505 2 4
1 4 3 2 
1 4 2 3 

169 15368499501652111834 1 4
0 5 3 7 

42 980584032734512894 2 3
1 3 5 
3 1 5 

299 8334615972913551555 1 5
3 5 0 1 8 

225 698476773254776664 2 4
0 5 6 7 
0 5 7 6 

98 10706753935364593016 2 3
1 5 6 
1 6 5 

355 12158658946065122309 2 5
5 6 1 0 8 
6 5 1 0 8 

352 754205998099296360 6 3
5 6 8 
5 8 6 
6 5 8 
6 8 5 
8 6 5 
8 5 6 

162 2512533711646785065 2 3
1 5 7 
1 7 5 

419 3174109689546602775 2 5
5 7 1 0 8 
7 5 1 0 8 

416 2728381371886174304 6 3
5 7 8 
5 8 7 
7 5 8 
7 8 5 
8 7 5 
8 5 7 

340 7150496180077738619 2 4
2 6 4 8 
2 6 8 4 

86 15406660600063173003 2 4
1 4 2 6 
2 6 1 4 

281 15669754230730330559 2 4
3 0 4 8 
3 0 8 4 

154 15406660600063173003 2 4
1 4 3 7 
3 7 1 4 

325 15406660600063173003 2 4
0 8 2 6 
2 6 0 8 

198 15669754230730330559 2 4
1 2 6 7 
1 2 7 6 

71 17663828750069960505 2 4
2 6 0 1 
2 6 1 0 

277 15669754230730330559 2 4
2 0 4 8 
2 0 8 4 

150 15406660600063173003 2 4
1 4 2 7 
2 7 1 4 

77 18190191940117714365 1 4
0 3 2 6 

334 15253064470191739447 1 5
1 8 3 2 6 

344 8950438065344213768 2 4
3 6 4 8 
3 6 8 4 

87 772038652885336484 2 5
2 6 0 1 4 
2 6 1 0 4 

90 13796289709583244209 1 4
3 6 1 4 

240 1677071180347565230 2 4
4 5 6 7 
5 4 6 7 

113 15804328657059468321 2 4
5 6 0 4 
6 5 0 4 

370 17583430961032749130 2 5
5 6 1 4 8 
6 5 1 4 8 

389 15406660600063173003 2 4
0 8 2 7 
2 7 0 8 

360 13312223719028599295 2 4
5 8 3 6 
8 5 3 6 

103 10644554537150268076 1 5
5 2 6 0 1 

404 7150496180077738619 2 4
2 7 4 8 
2 7 8 4 

449 7150496180077738619 2 4
0 8 7 6 
0 8 6 7 

393 15406660600063173003 2 4
0 8 3 7 
3 7 0 8 

408 7150496180077738619 2 4
3 7 4 8 
3 7 8 4 

151 772038652885336484 2 5
2 7 0 1 4 
2 7 1 0 4 

464 13150025586414177241 8 4
4 8 7 6 
4 8 6 7 
6 7 4 8 
6 7 8 4 
7 6 4 8 
7 6 8 4 
8 4 7 6 
8 4 6 7 

417 15804328657059468321 2 4
5 7 0 8 
7 5 0 8 

480 1677071180347565230 2 4
5 8 7 6 
8 5 7 6 

432 1677071180347565230 2 4
5 7 8 4 
7 5 8 4 

424 15804328657059468321 2 4
5 8 3 7 
8 5 3 7 

167 13691843568591033794 1 5
5 2 7 0 1 

93 12496460193956787050 1 5
0 4 3 2 6 

94 12496460193956787050 1 5
1 4 3 2 6 

91 12179503011420176981 2 5
3 6 0 1 4 
3 6 1 0 4 

348 1216723659735808329 2 5
4 8 3 2 6 
8 4 3 2 6 

79 9749464387221953812 2 5
0 1 3 2 6 
1 0 3 2 6 

31 13959622104876240922 4 5
2 3 0 1 4 
2 3 1 0 4 
3 2 1 0 4 
3 2 0 1 4 

117 7312885696668073972 2 5
5 2 6 0 4 
5 0 4 2 6 

115 15866534202768381129 4 5
5 6 0 1 4 
5 6 1 0 4 
6 5 1 0 4 
6 5 0 1 4 

372 379923436499829735 1 5
5 2 6 4 8 

118 6946320677797669053 2 5
5 2 6 1 4 
5 1 4 2 6 

61 13691843568591033794 1 5
5 0 4 2 3 

109 17619755899674201481 1 5
0 5 2 3 6 

121 3176545930294350004 1 5
5 3 6 0 4 

59 6130245321062150349 1 5
3 5 0 1 4 

316 4700516104397759652 1 5
5 3 2 4 8 

124 3174109689546602775 2 5
4 5 3 2 6 
5 4 3 2 6 

62 7407703904361790780 1 5
5 1 4 2 3 

110 8334615972913551555 1 5
1 5 2 3 6 

47 8642270290684244920 2 5
5 2 3 0 1 
5 0 1 2 3 

107 3778359460740048577 1 5
5 3 6 0 1 

364 12158658946065122309 2 5
5 8 3 2 6 
8 5 3 2 6 

122 13364603189197731809 1 5
5 3 6 1 4 

213 1170858302316114891 2 5
0 4 2 6 7 
0 4 2 7 6 

214 1170858302316114891 2 5
1 4 2 6 7 
1 4 2 7 6 

199 17816078602315499171 4 5
0 1 2 6 7 
0 1 2 7 6 
1 0 2 6 7 
1 0 2 7 6 

157 772038652885336484 2 5
0 4 3 2 7 
0 4 2 3 7 

211 16325884511259221329 4 5
6 7 0 1 4 
6 7 1 0 4 
7 6 1 0 4 
7 6 0 1 4 

468 5985004378282824371 4 5
4 8 2 7 6 
4 8 2 6 7 
8 4 2 7 6 
8 4 2 6 7 

205 13024210261977407576 1 5
0 3 2 6 7 

217 6610907291125018627 1 5
0 4 3 6 7 

155 772038652885336484 2 5
3 7 0 1 4 
3 7 1 0 4 

412 16325884511259221329 4 5
4 8 2 3 7 
4 8 3 2 7 
8 4 3 2 7 
8 4 2 3 7 

158 772038652885336484 2 5
1 4 3 2 7 
1 4 2 3 7 

206 13024210261977407576 1 5
1 3 2 6 7 

218 6610907291125018627 1 5
1 4 3 6 7 

143 13959622104876240922 4 5
0 1 2 3 7 
0 1 3 2 7 
1 0 2 3 7 
1 0 3 2 7 

203 4143356442949502389 2 5
0 1 3 6 7 
1 0 3 6 7 

181 12046934514695014853 2 5
5 2 7 0 4 
5 0 4 2 7 

229 10696886028888895771 2 5
0 5 2 6 7 
0 5 2 7 6 

241 379923436499829735 1 5
5 0 4 6 7 

244 9397628363481839042 2 5
4 5 2 6 7 
5 4 2 6 7 

179 11633027554725639988 2 5
5 7 1 0 4 
7 5 1 0 4 

436 379923436499829735 1 5
5 2 7 8 4 

182 5385446492328396295 1 5
5 1 4 2 7 

227 4700516104397759652 1 5
5 1 0 7 6 

484 9397628363481839042 2 5
5 8 2 7 6 
8 5 2 7 6 

230 9014220187794274253 1 5
1 5 2 7 6 

242 6399919801106672932 1 5
5 1 4 6 7 

173 13346917055206335068 1 5
0 5 2 3 7 

185 5385446492328396295 1 5
5 3 7 0 4 

188 11633027554725639988 2 5
4 5 3 2 7 
5 4 3 2 7 

233 8232652801974800287 1 5
0 5 3 6 7 

248 14463169972624562395 2 5
4 5 3 6 7 
5 4 3 6 7 

171 7407703904361790780 1 5
5 3 7 0 1 

174 6130245321062150349 1 5
1 5 2 3 7 

186 7101634434729969935 2 5
5 3 7 1 4 
5 1 4 3 7 

234 11781286084244796545 1 5
1 5 3 6 7 

341 1170858302316114891 2 5
2 6 0 4 8 
2 6 0 8 4 

333 12496460193956787050 1 5
0 8 3 2 6 

345 6866216736986476997 2 5
3 6 0 4 8 
3 6 0 8 4 

285 17816078602315499171 4 5
2 3 0 4 8 
2 3 0 8 4 
3 2 0 4 8 
3 2 0 8 4 

357 12046934514695014853 2 5
5 2 6 0 8 
5 0 8 2 6 

301 10644554537150268076 1 5
5 0 8 2 3 

361 9948523620521210810 1 5
5 3 6 0 8 

376 14686111556629978587 1 5
5 3 6 4 8 

405 1170858302316114891 2 5
2 7 0 4 8 
2 7 0 8 4 

453 1170858302316114891 2 5
0 8 2 7 6 
0 8 2 6 7 

465 5985004378282824371 4 5
6 7 0 4 8 
6 7 0 8 4 
7 6 0 4 8 
7 6 0 8 4 

397 772038652885336484 2 5
0 8 3 2 7 
0 8 2 3 7 

409 1170858302316114891 2 5
3 7 0 4 8 
3 7 0 8 4 

457 6610907291125018627 1 5
0 8 3 6 7 

472 17443941716167504307 2 5
4 8 3 6 7 
8 4 3 6 7 

421 7312885696668073972 2 5
5 2 7 0 8 
5 0 8 2 7 

481 379923436499829735 1 5
5 0 8 7 6 

