bhabha2pb[0,0,0,0,0,0,0,0,0]*(-a5-a2-a3-2*a0-a4+d)
bhabha2pb[-1,0,1,0,0,0,0,0,0]*(-a2)
bhabha2pb[0,-1,1,0,0,0,0,0,0]*(a2)
bhabha2pb[0,0,0,0,0,1,0,0,0]*(a5)
bhabha2pb[-1,0,0,1,0,0,0,0,0]*(-a3)
bhabha2pb[-1,0,0,0,0,1,0,0,0]*(-a5)
bhabha2pb[0,0,0,1,0,0,0,0,0]*(a3)
bhabha2pb[-1,0,0,0,1,0,0,0,0]*(-a4)
bhabha2pb[0,0,0,0,1,0,0,0,0]*(a4)

bhabha2pb[0,0,0,0,0,0,0,0,0]*(-a8-a2-a6-a7+d-2*a1)
bhabha2pb[-1,0,1,0,0,0,0,0,0]*(a2)
bhabha2pb[0,-1,1,0,0,0,0,0,0]*(-a2)
bhabha2pb[0,0,0,0,0,0,0,0,1]*(a8)
bhabha2pb[0,-1,0,0,0,0,1,0,0]*(-a6)
bhabha2pb[0,-1,0,0,0,0,0,0,1]*(-a8)
bhabha2pb[0,0,0,0,0,0,1,0,0]*(a6)
bhabha2pb[0,-1,0,0,0,0,0,1,0]*(-a7)
bhabha2pb[0,0,0,0,0,0,0,1,0]*(a7)

bhabha2pb[0,0,0,0,0,0,0,0,0]*(-a3+a0)
bhabha2pb[1,0,0,-1,0,0,0,0,0]*(-a0)
bhabha2pb[1,0,0,0,0,0,0,0,0]*(a0)
bhabha2pb[-1,0,1,0,0,0,0,0,0]*(a2)
bhabha2pb[0,-1,1,0,0,0,0,0,0]*(-a2)
bhabha2pb[0,0,1,-1,0,0,0,0,0]*(-a2)
bhabha2pb[0,0,1,0,0,0,-1,0,0]*(a2)
bhabha2pb[-1,0,0,1,0,0,0,0,0]*(a3)
bhabha2pb[0,0,0,0,0,1,0,0,0]*(4*a5)
bhabha2pb[0,0,0,1,0,0,0,0,0]*(-a3)
bhabha2pb[-1,0,0,0,1,0,0,0,0]*(a4)
bhabha2pb[0,0,0,-1,1,0,0,0,0]*(-a4)
bhabha2pb[0,0,0,0,1,0,0,0,0]*(-5*a4)
bhabha2pb[-1,0,0,0,0,1,0,0,0]*(a5)
bhabha2pb[0,0,0,-1,0,1,0,0,0]*(-a5)

bhabha2pb[0,0,0,0,0,0,0,0,0]*(-a6+a1)
bhabha2pb[0,1,0,0,0,0,-1,0,0]*(-a1)
bhabha2pb[0,1,0,0,0,0,0,0,0]*(a1)
bhabha2pb[-1,0,1,0,0,0,0,0,0]*(-a2)
bhabha2pb[0,-1,1,0,0,0,0,0,0]*(a2)
bhabha2pb[0,0,1,-1,0,0,0,0,0]*(a2)
bhabha2pb[0,0,1,0,0,0,-1,0,0]*(-a2)
bhabha2pb[0,-1,0,0,0,0,1,0,0]*(a6)
bhabha2pb[0,0,0,0,0,0,0,0,1]*(4*a8)
bhabha2pb[0,0,0,0,0,0,1,0,0]*(-a6)
bhabha2pb[0,-1,0,0,0,0,0,1,0]*(a7)
bhabha2pb[0,0,0,0,0,0,-1,1,0]*(-a7)
bhabha2pb[0,0,0,0,0,0,0,1,0]*(-5*a7)
bhabha2pb[0,-1,0,0,0,0,0,0,1]*(a8)
bhabha2pb[0,0,0,0,0,0,-1,0,1]*(-a8)

bhabha2pb[0,0,0,0,0,0,0,0,0]*(a0-a4)
bhabha2pb[1,0,0,0,-1,0,0,0,0]*(-a0)
bhabha2pb[1,0,0,0,0,0,0,0,0]*(a0)
bhabha2pb[-1,0,1,0,0,0,0,0,0]*(a2)
bhabha2pb[0,-1,1,0,0,0,0,0,0]*(-a2)
bhabha2pb[0,0,1,0,-1,0,0,0,0]*(-a2)
bhabha2pb[0,0,1,0,0,0,0,-1,0]*(a2)
bhabha2pb[-1,0,0,1,0,0,0,0,0]*(a3)
bhabha2pb[0,0,0,1,-1,0,0,0,0]*(-a3)
bhabha2pb[0,0,0,1,0,0,0,0,0]*(-5*a3)
bhabha2pb[-1,0,0,0,1,0,0,0,0]*(a4)
bhabha2pb[0,0,0,0,0,1,0,0,0]*(6*a5)
bhabha2pb[0,0,0,0,1,0,0,0,0]*(-a4)
bhabha2pb[-1,0,0,0,0,1,0,0,0]*(a5)
bhabha2pb[0,0,0,0,-1,1,0,0,0]*(-a5)

bhabha2pb[0,0,0,0,0,0,0,0,0]*(-a7+a1)
bhabha2pb[0,1,0,0,0,0,0,-1,0]*(-a1)
bhabha2pb[0,1,0,0,0,0,0,0,0]*(a1)
bhabha2pb[-1,0,1,0,0,0,0,0,0]*(-a2)
bhabha2pb[0,-1,1,0,0,0,0,0,0]*(a2)
bhabha2pb[0,0,1,0,-1,0,0,0,0]*(a2)
bhabha2pb[0,0,1,0,0,0,0,-1,0]*(-a2)
bhabha2pb[0,-1,0,0,0,0,1,0,0]*(a6)
bhabha2pb[0,0,0,0,0,0,1,-1,0]*(-a6)
bhabha2pb[0,0,0,0,0,0,1,0,0]*(-5*a6)
bhabha2pb[0,-1,0,0,0,0,0,1,0]*(a7)
bhabha2pb[0,0,0,0,0,0,0,0,1]*(6*a8)
bhabha2pb[0,0,0,0,0,0,0,1,0]*(-a7)
bhabha2pb[0,-1,0,0,0,0,0,0,1]*(a8)
bhabha2pb[0,0,0,0,0,0,0,-1,1]*(-a8)

bhabha2pb[0,0,0,0,0,0,0,0,0]*(-a5+a0)
bhabha2pb[1,0,0,0,0,-1,0,0,0]*(-a0)
bhabha2pb[1,0,0,0,0,0,0,0,0]*(a0)
bhabha2pb[-1,0,1,0,0,0,0,0,0]*(a2)
bhabha2pb[0,-1,1,0,0,0,0,0,0]*(-a2)
bhabha2pb[0,0,1,0,0,-1,0,0,0]*(-a2)
bhabha2pb[0,0,1,0,0,0,0,0,-1]*(a2)
bhabha2pb[-1,0,0,1,0,0,0,0,0]*(a3)
bhabha2pb[0,0,0,1,0,-1,0,0,0]*(-a3)
bhabha2pb[0,0,0,1,0,0,0,0,0]*(4*a3)
bhabha2pb[-1,0,0,0,1,0,0,0,0]*(a4)
bhabha2pb[0,0,0,0,1,-1,0,0,0]*(-a4)
bhabha2pb[0,0,0,0,1,0,0,0,0]*(6*a4)
bhabha2pb[-1,0,0,0,0,1,0,0,0]*(a5)
bhabha2pb[0,0,0,0,0,1,0,0,0]*(-a5)

bhabha2pb[0,0,0,0,0,0,0,0,0]*(-a8+a1)
bhabha2pb[0,1,0,0,0,0,0,0,-1]*(-a1)
bhabha2pb[0,1,0,0,0,0,0,0,0]*(a1)
bhabha2pb[-1,0,1,0,0,0,0,0,0]*(-a2)
bhabha2pb[0,-1,1,0,0,0,0,0,0]*(a2)
bhabha2pb[0,0,1,0,0,-1,0,0,0]*(a2)
bhabha2pb[0,0,1,0,0,0,0,0,-1]*(-a2)
bhabha2pb[0,-1,0,0,0,0,1,0,0]*(a6)
bhabha2pb[0,0,0,0,0,0,1,0,-1]*(-a6)
bhabha2pb[0,0,0,0,0,0,1,0,0]*(4*a6)
bhabha2pb[0,-1,0,0,0,0,0,1,0]*(a7)
bhabha2pb[0,0,0,0,0,0,0,1,-1]*(-a7)
bhabha2pb[0,0,0,0,0,0,0,1,0]*(6*a7)
bhabha2pb[0,-1,0,0,0,0,0,0,1]*(a8)
bhabha2pb[0,0,0,0,0,0,0,0,1]*(-a8)

bhabha2pb[-1,1,0,0,0,0,0,0,0]*(-a1)
bhabha2pb[0,0,0,0,0,0,0,0,0]*(a2-a1)
bhabha2pb[0,1,-1,0,0,0,0,0,0]*(a1)
bhabha2pb[-1,0,1,0,0,0,0,0,0]*(a2)
bhabha2pb[0,-1,1,0,0,0,0,0,0]*(-a2)
bhabha2pb[0,0,0,0,0,0,0,0,1]*(a8)
bhabha2pb[0,-1,0,0,0,0,1,0,0]*(-a6)
bhabha2pb[0,0,-1,0,0,0,1,0,0]*(a6)
bhabha2pb[0,0,0,-1,0,0,1,0,0]*(-a6)
bhabha2pb[0,0,0,0,0,0,1,0,0]*(a6)
bhabha2pb[0,-1,0,0,0,0,0,1,0]*(-a7)
bhabha2pb[0,0,-1,0,0,0,0,1,0]*(a7)
bhabha2pb[0,0,0,0,-1,0,0,1,0]*(-a7)
bhabha2pb[0,0,0,0,0,0,0,1,0]*(a7)
bhabha2pb[0,-1,0,0,0,0,0,0,1]*(-a8)
bhabha2pb[0,0,-1,0,0,0,0,0,1]*(a8)
bhabha2pb[0,0,0,0,0,-1,0,0,1]*(-a8)

bhabha2pb[0,0,0,0,0,0,0,0,0]*(a2-a0)
bhabha2pb[1,-1,0,0,0,0,0,0,0]*(-a0)
bhabha2pb[1,0,-1,0,0,0,0,0,0]*(a0)
bhabha2pb[-1,0,1,0,0,0,0,0,0]*(-a2)
bhabha2pb[0,-1,1,0,0,0,0,0,0]*(a2)
bhabha2pb[0,0,0,0,0,1,0,0,0]*(a5)
bhabha2pb[-1,0,0,1,0,0,0,0,0]*(-a3)
bhabha2pb[0,0,-1,1,0,0,0,0,0]*(a3)
bhabha2pb[0,0,0,1,0,0,-1,0,0]*(-a3)
bhabha2pb[0,0,0,1,0,0,0,0,0]*(a3)
bhabha2pb[-1,0,0,0,1,0,0,0,0]*(-a4)
bhabha2pb[0,0,-1,0,1,0,0,0,0]*(a4)
bhabha2pb[0,0,0,0,1,0,0,-1,0]*(-a4)
bhabha2pb[0,0,0,0,1,0,0,0,0]*(a4)
bhabha2pb[-1,0,0,0,0,1,0,0,0]*(-a5)
bhabha2pb[0,0,-1,0,0,1,0,0,0]*(a5)
bhabha2pb[0,0,0,0,0,1,0,0,-1]*(-a5)

