482 314722180793053390 1 5
1 5 7 6 8 

458 15254384205920608062 2 5
1 3 7 6 8 
3 1 7 6 8 

484 9838932337901250001 1 5
2 5 7 6 8 

488 14883997739404081677 1 5
3 5 7 6 8 

496 9336301702580166293 2 5
4 5 7 6 8 
5 4 7 6 8 

354 698476773254776664 2 4
1 5 6 8 
1 5 8 6 

330 8410839881995336691 2 4
1 3 6 8 
3 1 6 8 

73 7698985776645440831 2 3
3 0 6 
3 6 0 

326 12292558582157681864 1 4
1 2 8 6 

69 14791420512690749494 2 3
2 0 6 
2 6 0 

338 7524780861938553064 1 4
1 4 8 6 

298 17103047498694331377 1 4
1 8 3 5 

294 11830481945026372058 1 4
1 8 2 5 

306 16759578986255104721 1 4
1 8 4 5 

291 16759578986255104721 1 4
1 5 0 8 

282 11009543509808397771 1 4
1 8 3 4 

270 17188601847335168538 1 4
1 8 3 2 

267 10697282481186602161 2 4
1 3 8 0 
3 1 8 0 

10 17087753756477223945 2 2
1 3 
3 1 

263 2344990859195199798 1 4
1 2 8 0 

6 13068822482211664758 1 2
1 2 

278 4376255158425606853 1 4
1 8 4 2 

275 16759578986255104721 1 4
1 4 8 0 

360 10667362792025660262 2 4
3 5 6 8 
3 5 8 6 

103 12544754621187101401 1 5
1 5 2 0 6 

106 6805326844967613029 1 4
1 6 3 5 

356 16493407316236888148 2 4
2 5 6 8 
2 5 8 6 

99 16759578986255104721 1 4
1 5 0 6 

102 17720405273479749871 1 4
1 6 2 5 

368 7556829846088060811 4 4
6 8 4 5 
6 8 5 4 
8 6 5 4 
8 6 4 5 

114 10719626107048014941 1 4
1 6 4 5 

232 64154117987750346 2 4
3 5 6 7 
3 5 7 6 

105 6206462416675298678 2 4
3 5 0 6 
3 5 6 0 

362 13596675112872235957 1 5
1 3 5 6 8 

240 3092465935444304488 4 4
6 7 4 5 
6 7 5 4 
7 6 5 4 
7 6 4 5 

113 11459320056471732761 8 4
0 6 5 4 
0 6 4 5 
4 5 0 6 
4 5 6 0 
5 4 0 6 
5 4 6 0 
6 0 5 4 
6 0 4 5 

370 14063139754193087066 1 5
1 8 6 4 5 

226 14469657124809349322 2 4
1 5 6 7 
1 5 7 6 

228 10174615649474459728 2 4
6 7 2 5 
7 6 2 5 

101 8869488112346622560 2 4
2 5 0 6 
2 5 6 0 

358 15246984503370925105 1 5
1 2 5 8 6 

332 16956213096860424883 2 4
3 2 6 8 
3 2 8 6 

75 16472800172034163515 2 4
1 3 6 0 
3 1 6 0 

78 3976875919612765861 1 4
1 6 3 2 

344 3982813991072387447 2 4
3 4 6 8 
3 4 8 6 

87 4215074779469280756 1 5
1 2 4 0 6 

90 13907451098203263116 1 4
1 6 3 4 

329 2506011958774662217 2 4
3 6 8 0 
3 8 6 0 

202 5078608711686083380 4 4
1 3 6 7 
1 3 7 6 
3 1 6 7 
3 1 7 6 

269 9954124449818990708 2 4
3 2 0 8 
3 2 8 0 

142 14101235461092543252 1 4
1 7 3 2 

15 1226939605943725816 1 4
1 0 3 2 

82 12129649998618649867 2 3
1 4 6 
1 6 4 

339 3913004152223566037 1 5
1 4 8 6 0 

277 3823034565834273605 2 4
2 4 0 8 
2 4 8 0 

150 9177157307808784336 1 4
1 7 2 4 

23 10886511071474465231 1 4
1 0 2 4 

131 7698985776645440831 2 3
1 0 7 
1 7 0 

388 395323904136013228 2 3
2 7 8 
2 8 7 

200 3870621583062396010 2 3
3 6 7 
3 7 6 

457 17760995621604911877 1 5
3 7 6 8 0 

141 9954124449818990708 2 4
3 2 0 7 
3 2 7 0 

398 3631692278695597811 1 5
1 3 2 7 8 

14 17757348366822263252 1 3
1 3 2 

271 17199219444487979728 1 5
1 3 2 8 0 

146 9951756003203208658 2 3
1 4 7 
1 7 4 

403 8295913054049985516 1 5
1 4 8 7 0 

19 10706753935364593016 2 3
1 0 4 
1 4 0 

137 7698985776645440831 2 3
3 0 7 
3 7 0 

394 2406527012680097749 2 4
1 3 7 8 
3 1 7 8 

323 2506011958774662217 2 4
1 6 8 0 
1 8 6 0 

196 11184363742933004965 2 3
2 6 7 
2 7 6 

453 13385545881115070348 1 5
2 7 6 8 0 

149 3823034565834273605 2 4
2 4 0 7 
2 4 7 0 

406 10845540995743783306 1 5
1 4 2 8 7 

22 351126983716191230 1 3
1 2 4 

279 2236357439705693487 1 5
1 4 2 8 0 

133 14791420512690749494 2 3
2 0 7 
2 7 0 

390 13052914255933208666 1 4
1 2 8 7 

162 10706753935364593016 2 3
1 5 7 
1 7 5 

419 6641950137564085828 2 5
1 5 0 7 8 
1 5 0 8 7 

35 12254329342543767602 2 3
1 0 5 
1 5 0 

153 7014131733599754745 2 4
3 4 0 7 
3 4 7 0 

410 4346550243713764354 1 5
1 3 4 8 7 

26 1100806113672523033 1 3
1 3 4 

283 13459332017285594198 1 5
1 3 4 8 0 

389 5643998619559154561 2 4
2 7 8 0 
2 8 7 0 

135 4534399205135273174 1 4
1 2 0 7 

392 17258787824257198352 2 3
3 7 8 
3 8 7 

262 11340897743703329263 1 3
1 2 8 

212 6866441126409539048 2 4
6 7 2 4 
7 6 2 4 

85 3823034565834273605 2 4
2 4 0 6 
2 4 6 0 

342 818260121425422363 1 5
1 4 2 8 6 

177 11459320056471732761 8 4
0 7 5 4 
0 7 4 5 
4 5 0 7 
4 5 7 0 
5 4 0 7 
5 4 7 0 
7 0 5 4 
7 0 4 5 

434 728052241228970148 1 5
1 8 7 4 5 

50 7698985776645440831 2 3
1 4 5 
1 5 4 

307 3342918231512061301 4 5
1 0 8 4 5 
1 4 5 0 8 
1 5 4 8 0 
1 8 0 5 4 

169 6206462416675298678 2 4
3 5 0 7 
3 5 7 0 

426 17451581927278427064 1 5
1 3 5 7 8 

42 18318763533345863842 1 3
1 3 5 

299 13539123916696183363 1 5
1 3 5 0 8 

194 3870621583062396010 2 3
1 6 7 
1 7 6 

451 17760995621604911877 1 5
1 7 6 8 0 

67 7698985776645440831 2 3
1 0 6 
1 6 0 

324 698593080239003448 2 3
2 6 8 
2 8 6 

165 8869488112346622560 2 4
2 5 0 7 
2 5 7 0 

422 8774670195928218229 1 5
1 2 5 8 7 

38 13209905277112059632 1 3
1 2 5 

295 12753756211246478532 1 5
1 5 2 0 8 

147 9074099179021290713 1 4
1 4 7 0 

404 8542185639665678471 2 4
2 4 7 8 
2 4 8 7 

274 12254329342543767602 2 3
1 4 8 
1 8 4 

98 10706753935364593016 2 3
1 5 6 
1 6 5 

355 16992298366713299074 2 5
1 5 0 6 8 
1 5 0 8 6 

293 8869488112346622560 2 4
2 5 0 8 
2 5 8 0 

166 6267321891660558785 1 4
1 7 2 5 

39 2974319588025406487 1 4
1 0 5 2 

11 16574095905003600574 2 3
1 3 0 
3 1 0 

138 17662388742419376403 2 3
1 3 7 
3 1 7 

395 10569450830428692319 2 5
1 3 7 8 0 
3 1 7 8 0 

265 7698985776645440831 2 3
3 0 8 
3 8 0 

197 3820605308684969829 2 4
2 6 7 0 
2 7 6 0 

454 405617868309660476 1 5
1 2 6 7 8 

70 15413557597053193640 1 3
1 2 6 

327 8700168114476665488 1 5
1 2 8 0 6 

163 16759578986255104721 1 4
1 5 0 7 

420 797093197129717925 2 4
2 5 7 8 
2 5 8 7 

290 10706753935364593016 2 3
1 5 8 
1 8 5 

54 216248011004663067 1 4
1 2 4 5 

139 16472800172034163515 2 4
1 3 7 0 
3 1 7 0 

396 4153915132030950208 2 4
3 2 7 8 
3 2 8 7 

266 10391787902979575712 2 3
1 3 8 
3 1 8 

30 18162914555037648513 1 4
1 3 2 4 

216 15175919273973401860 2 4
3 4 6 7 
3 4 7 6 

89 7014131733599754745 2 4
3 4 0 6 
3 4 6 0 

346 9844543085792699956 1 5
1 3 4 8 6 

201 12586463095304085354 2 4
3 6 7 0 
3 7 6 0 

74 17662388742419376403 2 3
1 3 6 
3 1 6 

331 18388705056619334459 2 5
1 3 6 8 0 
3 1 6 8 0 

328 12585292063867719537 2 3
3 6 8 
3 8 6 

71 11017195891417955198 1 4
1 2 0 6 

195 12586463095304085354 2 4
1 6 7 0 
1 7 6 0 

452 12357706998091028530 1 4
2 7 6 8 

322 12585292063867719537 2 3
1 6 8 
1 8 6 

281 7014131733599754745 2 4
3 4 0 8 
3 4 8 0 

154 6660210577474354258 1 4
1 7 3 4 

27 5036159874697649378 1 4
1 0 3 4 

340 17539751206599017197 2 4
2 4 6 8 
2 4 8 6 

83 10719626107048014941 1 4
1 4 6 0 

86 15155787989710492138 1 4
1 6 2 4 

134 9599084629475863549 1 3
1 2 7 

391 15365876120242377078 1 5
1 2 8 0 7 

7 5679473137778412831 1 3
1 2 0 

261 14791420512690749494 2 3
2 0 8 
2 8 0 

259 7698985776645440831 2 3
1 0 8 
1 8 0 

386 17258787824257198352 2 3
1 7 8 
1 8 7 

305 11459320056471732761 8 4
0 8 5 4 
0 8 4 5 
4 5 0 8 
4 5 8 0 
5 4 0 8 
5 4 8 0 
8 0 5 4 
8 0 4 5 

178 9074099179021290713 1 4
1 7 4 5 

51 16759578986255104721 1 4
1 0 5 4 

297 6206462416675298678 2 4
3 5 0 8 
3 5 8 0 

170 6805326844967613029 1 4
1 7 3 5 

43 4165790533383973922 1 4
1 0 3 5 

58 8778297980605328996 1 4
1 3 4 5 

46 10786508278142398245 1 4
1 3 2 5 

204 5248021592503999030 2 4
3 2 6 7 
3 2 7 6 

77 9954124449818990708 2 4
3 2 0 6 
3 2 6 0 

334 10599204720994136964 1 5
1 3 2 6 8 

210 14398197362158434576 1 4
1 4 7 6 

325 108132402790743964 2 4
2 6 8 0 
2 8 6 0 

198 16352565895456405400 1 4
1 2 6 7 

393 993176294303415770 2 4
3 7 8 0 
3 8 7 0 

408 2045910373128645647 2 4
3 4 7 8 
3 4 8 7 

151 2137856785110908701 1 5
1 2 4 0 7 

387 993176294303415770 2 4
1 7 8 0 
1 8 7 0 

402 13572405524771744665 1 4
1 4 8 7 

432 9889576315341648160 4 4
7 8 4 5 
7 8 5 4 
8 7 5 4 
8 7 4 5 

424 4044394870767716701 2 4
3 5 7 8 
3 5 8 7 

167 6204393343872033418 1 5
1 5 2 0 7 

418 14412209275766129787 2 4
1 5 7 8 
1 5 8 7 

450 15236505058129304159 1 4
1 7 6 8 

456 15236505058129304159 1 4
3 7 6 8 

199 16332756806084471836 1 5
1 2 6 7 0 

31 9404496066454932987 1 5
1 0 3 2 4 

55 6069824598225387797 1 5
1 0 5 2 4 

59 12151143527605453567 1 5
1 0 3 5 4 

62 9096251056116883360 1 5
1 3 2 4 5 

47 14696052985523633503 1 5
1 0 3 5 2 

91 15995648837253322068 1 5
1 3 4 6 0 

348 2356044232054836817 2 5
6 8 3 2 4 
8 6 3 2 4 

93 462316560223778809 2 5
0 6 3 2 4 
6 0 3 2 4 

79 557666371809085095 1 5
1 3 2 6 0 

94 3346381349886300331 1 5
1 6 3 2 4 

117 3096536441839616980 2 5
0 6 2 4 5 
6 0 2 4 5 

121 10388030633625538715 2 5
0 6 3 4 5 
6 0 3 4 5 

115 9915058933664882642 2 5
1 0 6 5 4 
1 5 4 0 6 

372 11682506113514764937 2 5
6 8 2 4 5 
8 6 2 4 5 

109 17499782936729729712 2 5
0 6 3 2 5 
6 0 3 2 5 

118 4370853632172671799 1 5
1 6 2 4 5 

107 8814557327592531078 1 5
1 3 5 0 6 

364 7093900852367177122 2 5
6 8 3 2 5 
8 6 3 2 5 

122 1891389797022186768 1 5
1 6 3 4 5 

110 2786319267812246237 1 5
1 6 3 2 5 

157 462316560223778809 2 5
0 7 3 2 4 
7 0 3 2 4 

155 15565011356007573143 1 5
1 3 4 7 0 

412 4925460127691718842 2 5
7 8 3 2 4 
8 7 3 2 4 

143 4246328083040878492 1 5
1 3 2 7 0 

158 7854091398357472949 1 5
1 7 3 2 4 

181 3096536441839616980 2 5
0 7 2 4 5 
7 0 2 4 5 

185 10388030633625538715 2 5
0 7 3 4 5 
7 0 3 4 5 

173 17499782936729729712 2 5
0 7 3 2 5 
7 0 3 2 5 

179 1591041853553215488 2 5
1 0 7 5 4 
1 5 4 0 7 

436 4713623109770257014 2 5
7 8 2 4 5 
8 7 2 4 5 

182 11320248457987269319 1 5
1 7 2 4 5 

171 8814557327592531078 1 5
1 3 5 0 7 

428 11744054709974604973 2 5
7 8 3 2 5 
8 7 3 2 5 

186 14611086332189333878 1 5
1 7 3 4 5 

174 8899564267089251886 1 5
1 7 3 2 5 

213 5116918327652805448 2 5
2 4 6 7 0 
2 4 7 6 0 

217 1856374817055370380 2 5
3 4 6 7 0 
3 4 7 6 0 

205 10131480321511972263 2 5
3 2 6 7 0 
3 2 7 6 0 

211 2675129202913573369 1 5
1 4 7 6 0 

468 8547025611729173884 1 5
2 4 7 6 8 

220 17434660876939037861 2 5
6 7 3 2 4 
7 6 3 2 4 

218 9022050173232112407 1 5
1 3 4 7 6 

214 14401114553084690195 1 5
1 6 7 2 4 

206 7654719588027218120 1 5
1 3 2 6 7 

241 6892554146738669433 4 5
4 5 6 7 0 
4 5 7 6 0 
5 4 6 7 0 
5 4 7 6 0 

229 1850506406020739313 2 5
2 5 6 7 0 
2 5 7 6 0 

203 11207449915974968302 4 5
1 3 6 7 0 
1 3 7 6 0 
3 1 6 7 0 
3 1 7 6 0 

460 5839893432831628223 1 5
3 2 7 6 8 

244 5113288675894725288 2 5
6 7 2 4 5 
7 6 2 4 5 

233 2605485522086852770 2 5
3 5 6 7 0 
3 5 7 6 0 

248 9978106879672068885 2 5
6 7 3 4 5 
7 6 3 4 5 

236 10320817856395985957 2 5
6 7 3 2 5 
7 6 3 2 5 

227 4588243315529980216 2 5
1 5 0 6 7 
1 5 0 7 6 

242 14267474439716680903 1 5
1 7 6 4 5 

230 8655891367810082996 1 5
1 6 7 2 5 

234 3516957044646094722 2 5
1 3 5 6 7 
1 3 5 7 6 

285 462316560223778809 2 5
0 8 3 2 4 
8 0 3 2 4 

286 14781247498878947137 1 5
1 8 3 4 2 

309 3096536441839616980 2 5
0 8 2 4 5 
8 0 2 4 5 

313 10388030633625538715 2 5
0 8 3 4 5 
8 0 3 4 5 

301 17499782936729729712 2 5
0 8 3 2 5 
8 0 3 2 5 

310 5155309333802773653 1 5
1 8 4 2 5 

314 16526879278513368803 1 5
1 8 3 4 5 

302 13805637152135293492 1 5
1 8 3 2 5 

341 206772708489474080 2 5
2 4 6 8 0 
2 4 8 6 0 

345 757016727125658107 2 5
3 4 6 8 0 
3 4 8 6 0 

333 10015686978276753034 2 5
3 2 6 8 0 
3 2 8 6 0 

369 15159478830403372626 4 5
4 5 6 8 0 
4 5 8 6 0 
5 4 6 8 0 
5 4 8 6 0 

357 10769614520467579275 2 5
2 5 6 8 0 
2 5 8 6 0 

361 17274848527672860022 2 5
3 5 6 8 0 
3 5 8 6 0 

376 3772855870296834902 2 5
6 8 3 4 5 
8 6 3 4 5 

405 11545855295254307120 2 5
2 4 7 8 0 
2 4 8 7 0 

409 17241346800833252017 2 5
3 4 7 8 0 
3 4 8 7 0 

397 9955095462206035161 2 5
3 2 7 8 0 
3 2 8 7 0 

433 3584731225284578173 4 5
4 5 7 8 0 
4 5 8 7 0 
5 4 7 8 0 
5 4 8 7 0 

421 7921213332621397658 2 5
2 5 7 8 0 
2 5 8 7 0 

425 521366855921968771 2 5
3 5 7 8 0 
3 5 8 7 0 

440 6871427570525424833 2 5
7 8 3 4 5 
8 7 3 4 5 

472 8937382082799514266 1 5
3 4 7 6 8 

466 3563861762695325245 1 5
1 4 8 7 6 

