496 1984773669962382838 1 5
8 5 4 7 6 

488 2873049007526375739 1 5
5 3 8 7 6 

482 13294725899103910813 2 5
5 8 7 1 6 
8 5 7 1 6 

484 6727134359175728711 1 5
5 7 6 8 2 

465 15180610883791284075 2 5
4 8 0 7 6 
8 4 0 7 6 

472 14073777230016699622 1 5
4 3 8 6 7 

481 11012613090493354492 2 5
5 8 7 0 6 
8 5 7 0 6 

466 16491202066420236027 2 5
4 8 1 7 6 
8 4 1 7 6 

389 10567838955610075088 2 4
0 7 2 8 
0 7 8 2 

353 11164279965662094749 2 4
5 8 0 6 
8 5 0 6 

337 11892767638535426201 2 4
4 8 0 6 
8 4 0 6 

326 4925621882210291778 8 4
1 6 2 8 
1 6 8 2 
2 8 6 1 
2 8 1 6 
6 1 2 8 
6 1 8 2 
8 2 6 1 
8 2 1 6 

330 9192055608578120628 2 4
3 8 6 1 
3 8 1 6 

73 17250501025191192120 1 3
3 0 6 

325 10567838955610075088 2 4
0 6 2 8 
0 6 8 2 

298 5900096091935255474 2 4
1 5 3 8 
5 1 3 8 

41 13545300413793563460 1 3
3 0 5 

294 2974813683649203891 2 4
1 5 8 2 
5 1 8 2 

37 3684224192080029757 2 3
0 2 5 
0 5 2 

282 1548971808165782250 2 4
1 4 3 8 
4 1 3 8 

25 13545300413793563460 1 3
3 0 4 

278 4203977922869772278 2 4
1 4 8 2 
4 1 8 2 

21 3684224192080029757 2 3
0 2 4 
0 4 2 

149 11937109932199943646 2 4
2 4 7 0 
4 2 7 0 

406 7865171807056526061 1 5
4 7 1 2 8 

141 3779725885503056035 1 4
3 2 0 7 

398 6910317377055572156 2 5
1 7 3 8 2 
7 1 3 8 2 

139 13228156017367454621 2 4
3 1 7 0 
3 7 1 0 

120 17961104313060641793 1 4
3 6 4 5 

114 808532758221848463 4 4
4 5 1 6 
4 5 6 1 
5 4 1 6 
5 4 6 1 

116 10247633285845319962 2 4
2 6 5 4 
6 2 5 4 

240 9182445166795294852 4 4
4 5 6 7 
4 5 7 6 
5 4 6 7 
5 4 7 6 

113 10761574555186965996 2 4
4 5 0 6 
5 4 0 6 

370 11420930645251342159 1 5
8 5 4 1 6 

108 10983409412583460812 2 4
5 6 3 2 
6 5 3 2 

232 11025324576651510866 1 4
3 5 6 7 

105 6122744557876111121 1 4
3 5 6 0 

362 1917977658441564903 1 5
5 3 8 1 6 

356 2974813683649203891 2 4
5 6 2 8 
6 5 2 8 

102 2974813683649203891 2 4
2 5 6 1 
5 2 6 1 

360 6574034930501780477 2 4
5 6 3 8 
6 5 3 8 

103 4691730001609850886 2 5
2 5 6 0 1 
5 2 6 0 1 

106 1825674171887072038 1 4
3 5 6 1 

228 17015737541233389546 2 4
2 5 6 7 
5 2 6 7 

101 9165408909687088979 2 4
2 5 6 0 
5 2 6 0 

358 15135127240889174637 4 5
5 2 8 1 6 
5 1 6 2 8 
5 6 1 8 2 
5 8 2 6 1 

92 2892800141054000397 2 4
4 6 3 2 
6 4 3 2 

212 3570514013793875461 2 4
2 4 7 6 
4 2 7 6 

85 589612326669118742 2 4
2 4 0 6 
4 2 0 6 

342 17903204189338684782 4 5
4 2 8 1 6 
4 1 6 2 8 
4 6 1 8 2 
4 8 2 6 1 

344 14498336858762634412 2 4
4 6 3 8 
6 4 3 8 

87 12226899658741035938 2 5
2 4 0 6 1 
4 2 0 6 1 

90 13394131481459924451 1 4
3 4 6 1 

46 5526789456813388103 2 4
1 5 3 2 
5 1 3 2 

312 16411702467254885203 2 4
4 5 3 8 
5 4 3 8 

55 10856224792323358989 1 5
2 5 4 0 1 

58 12708063674698153779 1 4
3 1 5 4 

30 6925972535638963533 2 4
1 4 3 2 
4 1 3 2 

216 678490227004518538 1 4
3 4 6 7 

89 7217517528950775836 1 4
3 4 6 0 

346 7158706480461432105 1 5
4 3 8 6 1 

104 2512533711646785065 2 3
3 5 6 
3 6 5 

361 12361615585676630659 1 5
5 3 8 6 0 

172 4415345656511538872 2 4
5 7 3 2 
7 5 3 2 

45 8642277104126263201 1 4
0 5 3 2 

302 3310828134456157925 2 5
1 5 3 8 2 
5 1 3 8 2 

88 16258839135554755291 2 3
3 4 6 
3 6 4 

345 9180655578492650697 1 5
4 3 8 6 0 

156 9661320979622238147 2 4
4 7 3 2 
7 4 3 2 

29 8642277104126263201 1 4
0 4 3 2 

286 12788290479757703740 2 5
1 4 3 8 2 
4 1 3 8 2 

56 11377997893034778902 2 3
3 4 5 
3 5 4 

313 11665093705597930374 2 5
0 4 5 3 8 
0 5 4 3 8 

201 9948786386143750181 2 4
3 0 6 7 
3 0 7 6 

458 278121509420541698 1 5
3 8 1 7 6 

74 17258787824257198352 2 3
3 1 6 
3 6 1 

331 11471935181662298590 2 5
3 8 0 6 1 
3 8 0 1 6 

269 13161786730026522725 1 4
0 3 8 2 

142 5212208834225348329 2 4
3 2 1 7 
3 2 7 1 

15 3779725885503056035 1 4
3 2 0 1 

112 11283220846380389061 2 3
6 5 4 
6 4 5 

369 10856224792323358989 1 5
8 5 4 0 6 

180 4247939009769351187 2 4
2 7 4 5 
7 2 4 5 

53 4937483488947513307 2 4
0 2 4 5 
0 2 5 4 

310 11420930645251342159 1 5
1 5 4 8 2 

152 15538808191813614364 2 3
3 4 7 
3 7 4 

409 12456639159348733877 1 5
4 3 8 7 0 

338 4203977922869772278 2 4
4 8 1 6 
8 4 1 6 

84 1780203312458342186 6 3
2 4 6 
2 6 4 
4 2 6 
4 6 2 
6 4 2 
6 2 4 

341 8144401090692604371 1 5
4 0 6 2 8 

261 1332691624737549004 2 3
0 2 8 
0 8 2 

390 14163061037027593466 4 4
1 7 2 8 
1 7 8 2 
7 1 2 8 
7 1 8 2 

263 10567838955610075088 2 4
0 1 2 8 
0 1 8 2 

9 3085733323793310697 1 2
3 0 

165 4956946975707637779 2 4
2 5 0 7 
5 2 0 7 

422 13047148655785087850 1 5
5 8 2 7 1 

38 754205998099296360 6 3
1 2 5 
1 5 2 
2 1 5 
2 5 1 
5 2 1 
5 1 2 

295 4018959064953983280 1 5
5 1 0 8 2 

274 1780203312458342186 6 3
1 4 8 
1 8 4 
4 1 8 
4 8 1 
8 4 1 
8 1 4 

138 3870621583062396010 2 3
3 1 7 
3 7 1 

395 15942137283288942176 2 5
3 8 7 1 0 
3 8 1 7 0 

265 7040265951194239940 1 3
0 3 8 

11 17250501025191192120 1 3
3 0 1 

291 9165408909687088979 2 4
5 8 1 0 
8 5 1 0 

164 14860785610888650053 6 3
2 5 7 
2 7 5 
5 2 7 
5 7 2 
7 5 2 
7 2 5 

421 6147143856587997522 1 5
5 7 0 8 2 

400 12260785478939447192 6 3
4 7 8 
4 8 7 
7 4 8 
7 8 4 
8 7 4 
8 4 7 

143 2309947932665565651 2 5
3 2 1 7 0 
3 2 7 1 0 

273 3684224192080029757 2 3
0 4 8 
0 8 4 

200 12585292063867719537 2 3
3 6 7 
3 7 6 

457 15381491141052796528 2 5
3 8 0 7 6 
3 8 0 6 7 

277 9925912601109344391 2 4
0 4 2 8 
0 4 8 2 

150 9227379641990250253 2 4
2 4 7 1 
4 2 7 1 

23 11892767638535426201 2 4
2 4 0 1 
4 2 0 1 

153 2516810446296460987 1 4
3 4 7 0 

410 15082161432783615474 1 5
4 3 8 7 1 

26 10706753935364593016 2 3
3 1 4 
3 4 1 

283 18259508260011236980 1 5
4 3 8 0 1 

177 10761574555186965996 2 4
4 5 0 7 
5 4 0 7 

434 17808166361350365388 1 5
8 5 4 7 1 

304 11283220846380389061 2 3
8 5 4 
8 4 5 

47 18007972923333884805 1 5
5 3 2 1 0 

50 11283220846380389061 2 3
1 4 5 
1 5 4 

307 17960593505224090640 1 5
8 5 4 1 0 

306 10247633285845319962 2 4
1 8 5 4 
8 1 5 4 

49 6349783834881308684 2 3
0 4 5 
0 5 4 

52 11283220846380389061 2 3
2 4 5 
2 5 4 

309 15879986146937853505 4 5
0 4 5 2 8 
0 4 5 8 2 
0 5 4 2 8 
0 5 4 8 2 

137 17250501025191192120 1 3
3 0 7 

394 9995010543248812889 2 4
3 8 7 1 
3 8 1 7 

78 10083773938285380914 2 4
3 2 1 6 
3 2 6 1 

275 589612326669118742 2 4
4 8 0 1 
8 4 0 1 

148 14590248500468714027 6 3
2 4 7 
2 7 4 
4 2 7 
4 7 2 
7 4 2 
7 2 4 

405 17018867221486221466 1 5
4 7 0 2 8 

168 10706753935364593016 2 3
3 5 7 
3 7 5 

425 2552931437436654737 1 5
5 3 8 7 0 

354 2974813683649203891 2 4
5 8 1 6 
8 5 1 6 

100 13119232308241019096 6 3
2 5 6 
2 6 5 
5 2 6 
5 6 2 
6 5 2 
6 2 5 

357 4018959064953983280 1 5
5 6 0 2 8 

267 3193711876777151382 1 4
3 8 0 1 

13 6298889260055877585 1 3
0 3 2 

169 14151208300524862112 1 4
3 5 0 7 

426 17080942832493329636 1 5
5 3 8 7 1 

42 15538808191813614364 2 3
3 1 5 
3 5 1 

299 3488612007556586905 1 5
5 3 8 1 0 

176 11283220846380389061 2 3
7 5 4 
7 4 5 

433 6469594427302458667 1 5
8 5 4 7 0 

290 13119232308241019096 6 3
1 5 8 
1 8 5 
5 1 8 
5 8 1 
8 5 1 
8 1 5 

308 808532758221848463 4 4
4 5 2 8 
4 5 8 2 
5 4 2 8 
5 4 8 2 

51 10761574555186965996 2 4
4 5 0 1 
5 4 0 1 

54 15183985570863556182 2 4
1 2 5 4 
2 1 5 4 

352 754205998099296360 6 3
5 6 8 
5 8 6 
6 5 8 
6 8 5 
8 6 5 
8 5 6 

184 12708063674698153779 1 4
3 7 4 5 

57 7309601196459332527 2 4
3 0 4 5 
3 0 5 4 

314 681688593170792498 1 5
1 5 4 3 8 

289 3684224192080029757 2 3
0 5 8 
0 8 5 

416 2728381371886174304 6 3
5 7 8 
5 8 7 
7 5 8 
7 8 5 
8 7 5 
8 5 7 

281 13092640834664740955 1 4
0 4 3 8 

154 4771278937119862935 1 4
3 4 7 1 

27 14151208300524862112 1 4
3 4 0 1 

340 4203977922869772278 2 4
4 6 2 8 
6 4 2 8 

86 4203977922869772278 2 4
2 4 6 1 
4 2 6 1 

297 13092640834664740955 1 4
0 5 3 8 

170 4771278937119862935 1 4
3 5 1 7 

43 2516810446296460987 1 4
3 5 1 0 

293 9925912601109344391 2 4
0 5 2 8 
0 5 8 2 

166 7978115995136584964 2 4
2 5 7 1 
5 2 7 1 

39 11164279965662094749 2 4
2 5 0 1 
5 2 0 1 

305 4937483488947513307 2 4
0 8 5 4 
0 8 4 5 

178 11197286858225558775 4 4
4 5 1 7 
4 5 7 1 
5 4 1 7 
5 4 7 1 

329 3193711876777151382 1 4
3 8 0 6 

202 15236505058129304159 1 4
3 1 7 6 

75 522240080097441653 2 4
3 0 1 6 
3 0 6 1 

60 7869673733365419970 2 4
4 5 3 2 
5 4 3 2 

204 7150496180077738619 2 4
3 2 6 7 
3 2 7 6 

77 3779725885503056035 1 4
3 2 0 6 

334 13360873529103447199 2 5
1 6 3 8 2 
6 1 3 8 2 

368 15183985570863556182 2 4
6 8 5 4 
8 6 5 4 

401 1017995054320984049 2 4
4 8 0 7 
8 4 0 7 

393 3193711876777151382 1 4
3 8 0 7 

404 11104051182257671545 2 4
4 7 2 8 
7 4 2 8 

402 4046967272674566029 2 4
4 8 1 7 
8 4 1 7 

408 9538633584490738721 2 4
4 7 3 8 
7 4 3 8 

151 8246539661786177232 2 5
2 4 7 1 0 
4 2 7 1 0 

417 20261548302223008 2 4
5 8 7 0 
8 5 7 0 

418 78324714845983665 2 4
5 8 7 1 
8 5 7 1 

420 10220627191361430879 2 4
5 7 8 2 
7 5 8 2 

424 13484597840124523113 2 4
5 7 3 8 
7 5 3 8 

167 18397039391802565521 2 5
2 5 7 1 0 
5 2 7 1 0 

432 7885408825531391087 2 4
7 8 5 4 
8 7 5 4 

452 1699057898927065156 4 4
2 8 7 6 
2 8 6 7 
8 2 7 6 
8 2 6 7 

456 4716629999818422609 2 4
3 8 7 6 
3 8 6 7 

464 15704017212081516077 2 4
4 8 7 6 
8 4 7 6 

480 1677071180347565230 2 4
5 8 7 6 
8 5 7 6 

31 1250971060157025362 1 5
4 3 2 0 1 

59 11597981211671155920 1 5
3 5 4 1 0 

316 8482146023503748880 2 5
4 5 3 8 2 
5 4 3 8 2 

62 16994781508329260547 1 5
1 5 4 3 2 

61 1127638202575675697 2 5
0 4 5 3 2 
0 5 4 3 2 

79 15892571545871099111 2 5
3 2 0 1 6 
3 2 0 6 1 

94 4236869687947973035 1 5
4 3 2 6 1 

91 3584967680888354714 1 5
3 4 6 0 1 

348 17340257125403886669 2 5
4 6 3 8 2 
6 4 3 8 2 

93 12240259155454742377 1 5
4 3 2 6 0 

110 16793913300139424470 1 5
5 3 2 6 1 

109 6944662859519824889 1 5
5 3 2 6 0 

107 12179991577207889076 1 5
3 5 6 1 0 

364 1596564318598031270 2 5
5 6 3 8 2 
6 5 3 8 2 

118 11420930645251342159 1 5
2 5 4 6 1 

117 17960593505224090640 1 5
2 5 4 6 0 

115 16933712010235112931 4 5
4 5 0 1 6 
4 5 0 6 1 
5 4 0 1 6 
5 4 0 6 1 

372 11420930645251342159 1 5
6 5 4 2 8 

121 13101289892890309951 1 5
3 4 5 6 0 

124 15955395262216085203 1 5
6 4 5 3 2 

122 10353347691700630250 1 5
3 4 5 6 1 

157 903614308484291447 1 5
4 3 2 7 0 

155 13032785601469132149 1 5
3 4 7 1 0 

412 15023540865302294772 2 5
4 7 3 8 2 
7 4 3 8 2 

158 18118415435372514499 1 5
4 3 2 7 1 

174 941179711251453116 1 5
5 3 2 1 7 

171 13032785601469132149 1 5
3 5 1 7 0 

428 6369721698578003597 2 5
5 7 3 8 2 
7 5 3 8 2 

173 2188090812526450777 1 5
5 3 2 0 7 

182 3220813728252967273 1 5
2 4 5 7 1 

181 17361972726320154560 1 5
2 4 5 7 0 

185 11597981211671155920 1 5
3 4 5 7 0 

179 15855491181772034594 4 5
4 5 1 7 0 
4 5 7 1 0 
5 4 1 7 0 
5 4 7 1 0 

436 226933868202995567 1 5
7 5 4 8 2 

188 1283736911869173601 1 5
7 4 5 3 2 

203 738901776749533656 1 5
3 1 7 0 6 

460 4546164251402494714 2 5
6 7 3 8 2 
7 6 3 8 2 

186 4007173965859282127 2 5
3 4 5 1 7 
3 5 4 7 1 

205 11227027734489427862 2 5
3 2 0 6 7 
3 2 0 7 6 

206 6089213516061521075 1 5
3 2 1 7 6 

214 8219797171344022969 2 5
2 4 7 1 6 
4 2 7 1 6 

217 13641853960603674012 1 5
3 4 6 7 0 

218 11358782398472001639 1 5
3 4 6 7 1 

213 9673186844919196869 2 5
2 4 7 0 6 
4 2 7 0 6 

220 4335443733390662786 1 5
4 3 2 6 7 

233 3648414716183448248 1 5
3 5 6 0 7 

230 8568392270807121372 2 5
2 5 6 7 1 
5 2 6 7 1 

229 2172062395202802554 2 5
2 5 6 0 7 
5 2 6 0 7 

234 10267415482572662345 1 5
3 5 1 7 6 

236 740183334877632233 1 5
5 3 2 6 7 

242 10003363766066939319 2 5
4 5 1 7 6 
5 4 1 7 6 

244 16990069662827405584 1 5
2 5 4 6 7 

241 4188386791074259895 4 5
4 5 0 6 7 
4 5 0 7 6 
5 4 0 6 7 
5 4 0 7 6 

248 416088677868276999 1 5
3 4 5 6 7 

271 1188069883691567350 1 5
0 1 3 8 2 

279 8144401090692604371 1 5
4 0 1 8 2 

285 7039061539711464177 1 5
0 4 3 8 2 

301 7039061539711464177 1 5
0 5 3 8 2 

333 1188069883691567350 1 5
0 6 3 8 2 

327 6598162355004470568 4 5
2 8 0 6 1 
2 8 0 1 6 
8 2 0 6 1 
8 2 0 1 6 

339 12226899658741035938 2 5
4 8 0 1 6 
8 4 0 1 6 

355 4691730001609850886 2 5
5 8 1 0 6 
8 5 1 0 6 

376 10780442945811047250 1 5
6 4 5 3 8 

397 1188069883691567350 1 5
0 7 3 8 2 

391 5840762897334263259 4 5
2 8 7 1 0 
2 8 1 7 0 
8 2 1 7 0 
8 2 7 1 0 

403 2246223372747963924 2 5
4 8 1 7 0 
8 4 1 7 0 

419 6813632708494405295 2 5
5 8 7 1 0 
8 5 7 1 0 

440 12475493333101872729 1 5
7 5 4 3 8 

454 13317179716339108913 2 5
2 8 1 7 6 
8 2 1 7 6 

453 2216721185131194730 4 5
2 8 0 7 6 
2 8 0 6 7 
8 2 0 7 6 
8 2 0 6 7 

468 15666751723227196906 1 5
4 2 8 7 6 

