bhabha2pb2m[0,0,0,0,0,0,0,0,0]*(-1/2*a5-a6-2*a0-a7-1/2*a4+d-a1)
bhabha2pb2m[1,0,0,0,0,0,0,0,0]*(-2*a0-2*eta*a0)
bhabha2pb2m[-1,1,0,0,0,0,0,0,0]*(-a1)
bhabha2pb2m[0,0,0,0,0,0,0,1,0]*(-eta*a7)
bhabha2pb2m[0,1,0,0,0,0,0,0,0]*(-eta*a1)
bhabha2pb2m[-1,0,0,0,1,0,0,0,0]*(-2*a4)
bhabha2pb2m[-1,0,0,0,0,0,0,1,0]*(-a7)
bhabha2pb2m[0,0,0,0,1,-1,0,0,0]*(1/2*a4)
bhabha2pb2m[0,0,0,0,1,0,0,0,0]*(-2*eta*a4-2*a4)
bhabha2pb2m[-1,0,0,0,0,1,0,0,0]*(-2*a5)
bhabha2pb2m[0,0,0,0,-1,1,0,0,0]*(1/2*a5)
bhabha2pb2m[0,0,0,0,0,0,1,0,0]*(-a6*eta)
bhabha2pb2m[0,0,0,0,0,1,0,0,0]*(-2*a5-2*a5*eta)
bhabha2pb2m[-1,0,0,0,0,0,1,0,0]*(-a6)

bhabha2pb2m[0,0,0,0,0,0,0,0,0]*(-a2+a3)
bhabha2pb2m[0,0,1,-1,0,0,0,0,0]*(a2)
bhabha2pb2m[0,0,-1,1,0,0,0,0,0]*(-a3)
bhabha2pb2m[0,0,0,0,0,0,0,0,1]*(9*a8)
bhabha2pb2m[0,0,0,1,0,0,0,0,0]*(2*a3)
bhabha2pb2m[-1,0,0,0,1,0,0,0,0]*(-a4)
bhabha2pb2m[0,0,-1,0,1,0,0,0,0]*(-a4)
bhabha2pb2m[0,0,0,-1,1,0,0,0,0]*(a4)
bhabha2pb2m[0,0,0,0,1,0,0,-1,0]*(a4)
bhabha2pb2m[0,0,0,0,1,0,0,0,0]*(-eta*a4+4*a4)
bhabha2pb2m[-1,0,0,0,0,1,0,0,0]*(a5)
bhabha2pb2m[0,0,-1,0,0,1,0,0,0]*(-a5)
bhabha2pb2m[0,0,0,-1,0,1,0,0,0]*(a5)
bhabha2pb2m[0,0,0,0,0,1,0,-1,0]*(-a5)
bhabha2pb2m[0,0,0,0,0,1,0,0,0]*(8*a5+a5*eta)
bhabha2pb2m[0,0,-1,0,0,0,0,0,1]*(-a8)
bhabha2pb2m[0,0,0,-1,0,0,0,0,1]*(a8)

bhabha2pb2m[-1,0,1,0,0,0,0,0,0]*(a2)
bhabha2pb2m[0,0,0,0,0,0,0,0,0]*(-a8-3/2*a5-a2-a3-3/2*a4+d)
bhabha2pb2m[0,0,1,0,-1,0,0,0,0]*(-1/2*a2)
bhabha2pb2m[0,0,1,0,0,-1,0,0,0]*(-1/2*a2)
bhabha2pb2m[0,0,1,0,0,0,0,0,0]*(a2*eta+2*a2)
bhabha2pb2m[-1,0,0,1,0,0,0,0,0]*(a3)
bhabha2pb2m[0,0,0,0,0,0,0,0,1]*(2*a8+a8*eta)
bhabha2pb2m[0,0,0,1,-1,0,0,0,0]*(-1/2*a3)
bhabha2pb2m[0,0,0,1,0,-1,0,0,0]*(-1/2*a3)
bhabha2pb2m[0,0,0,1,0,0,0,0,0]*(-4*a3+a3*eta)
bhabha2pb2m[-1,0,0,0,1,0,0,0,0]*(2*a4)
bhabha2pb2m[0,0,0,0,0,-1,0,0,1]*(-1/2*a8)
bhabha2pb2m[0,0,0,0,1,-1,0,0,0]*(-1/2*a4)
bhabha2pb2m[0,0,0,0,1,0,0,0,0]*(2*eta*a4+2*a4)
bhabha2pb2m[-1,0,0,0,0,1,0,0,0]*(2*a5)
bhabha2pb2m[0,0,0,0,-1,1,0,0,0]*(-1/2*a5)
bhabha2pb2m[0,0,0,0,-1,0,0,0,1]*(-1/2*a8)
bhabha2pb2m[0,0,0,0,0,1,0,0,0]*(2*a5+2*a5*eta)
bhabha2pb2m[-1,0,0,0,0,0,0,0,1]*(a8)

bhabha2pb2m[0,0,0,0,0,0,0,0,0]*(1/2*a5-a6+a0-1/2*a4)
bhabha2pb2m[1,0,0,0,0,0,-1,0,0]*(-a0)
bhabha2pb2m[1,0,0,0,0,0,0,0,0]*(2*a0+eta*a0)
bhabha2pb2m[-1,1,0,0,0,0,0,0,0]*(a1)
bhabha2pb2m[0,1,0,0,0,0,-1,0,0]*(-a1)
bhabha2pb2m[0,1,0,0,0,0,0,0,0]*(eta*a1+7*a1)
bhabha2pb2m[-1,0,0,0,1,0,0,0,0]*(2*a4)
bhabha2pb2m[0,0,0,0,0,0,0,1,0]*(eta*a7+5*a7)
bhabha2pb2m[0,0,0,0,1,-1,0,0,0]*(-1/2*a4)
bhabha2pb2m[0,0,0,0,1,0,-1,0,0]*(-a4)
bhabha2pb2m[0,0,0,0,1,0,0,0,-1]*(a4)
bhabha2pb2m[0,0,0,0,1,0,0,0,0]*(2*eta*a4+2*a4)
bhabha2pb2m[0,0,0,0,-1,1,0,0,0]*(1/2*a5)
bhabha2pb2m[0,0,0,0,0,0,-1,1,0]*(-a7)
bhabha2pb2m[0,0,0,0,0,1,-1,0,0]*(-a5)
bhabha2pb2m[0,0,0,0,0,1,0,0,-1]*(-a5)
bhabha2pb2m[0,0,0,0,0,1,0,0,0]*(2*a5)
bhabha2pb2m[-1,0,0,0,0,0,1,0,0]*(a6)
bhabha2pb2m[-1,0,0,0,0,0,0,1,0]*(a7)
bhabha2pb2m[0,0,0,0,0,0,1,0,0]*(a6*eta)

bhabha2pb2m[0,0,0,0,0,0,0,0,0]*(1/2*a5+a0-1/2*a4-a1)
bhabha2pb2m[1,-1,0,0,0,0,0,0,0]*(-a0)
bhabha2pb2m[1,0,0,0,0,0,0,0,0]*(2*a0+eta*a0)
bhabha2pb2m[-1,1,0,0,0,0,0,0,0]*(a1)
bhabha2pb2m[0,0,0,0,0,0,0,1,0]*(eta*a7-4*a7)
bhabha2pb2m[0,1,0,0,0,0,0,0,0]*(eta*a1)
bhabha2pb2m[-1,0,0,0,1,0,0,0,0]*(2*a4)
bhabha2pb2m[0,-1,0,0,1,0,0,0,0]*(-a4)
bhabha2pb2m[0,0,-1,0,1,0,0,0,0]*(a4)
bhabha2pb2m[0,-1,0,0,0,0,0,1,0]*(-a7)
bhabha2pb2m[0,0,0,0,1,-1,0,0,0]*(-1/2*a4)
bhabha2pb2m[0,0,0,0,1,0,0,0,0]*(2*eta*a4+2*a4)
bhabha2pb2m[0,-1,0,0,0,1,0,0,0]*(-a5)
bhabha2pb2m[0,0,-1,0,0,1,0,0,0]*(-a5)
bhabha2pb2m[0,0,0,0,-1,1,0,0,0]*(1/2*a5)
bhabha2pb2m[-1,0,0,0,0,0,0,1,0]*(a7)
bhabha2pb2m[0,0,0,0,0,1,0,0,0]*(2*a5)
bhabha2pb2m[-1,0,0,0,0,0,1,0,0]*(a6)
bhabha2pb2m[0,-1,0,0,0,0,1,0,0]*(-a6)
bhabha2pb2m[0,0,0,0,0,0,1,0,0]*(a6*eta+7*a6)

bhabha2pb2m[-1,0,1,0,0,0,0,0,0]*(a2)
bhabha2pb2m[0,-1,1,0,0,0,0,0,0]*(-a2)
bhabha2pb2m[0,0,1,0,-1,0,0,0,0]*(1/2*a2)
bhabha2pb2m[0,0,1,0,0,-1,0,0,0]*(-1/2*a2)
bhabha2pb2m[0,0,1,0,0,0,0,0,0]*(a2*eta+2*a2)
bhabha2pb2m[0,-1,0,1,0,0,0,0,0]*(-a3)
bhabha2pb2m[0,0,0,1,-1,0,0,0,0]*(1/2*a3)
bhabha2pb2m[0,0,0,1,0,-1,0,0,0]*(-1/2*a3)
bhabha2pb2m[0,0,0,1,0,0,0,-1,0]*(a3)
bhabha2pb2m[-1,0,0,0,1,0,0,0,0]*(2*a4)
bhabha2pb2m[0,0,0,0,0,0,0,0,0]*(-1/2*a5+1/2*a4)
bhabha2pb2m[0,0,0,0,1,-1,0,0,0]*(-1/2*a4)
bhabha2pb2m[0,0,0,0,1,0,0,0,0]*(2*eta*a4+2*a4)
bhabha2pb2m[-1,0,0,0,0,1,0,0,0]*(-2*a5)
bhabha2pb2m[0,0,0,0,-1,1,0,0,0]*(1/2*a5)
bhabha2pb2m[0,0,0,0,0,0,0,0,1]*(2*a8+a8*eta)
bhabha2pb2m[0,0,0,0,0,1,0,0,0]*(-2*a5-2*a5*eta)
bhabha2pb2m[-1,0,0,0,0,0,0,0,1]*(a8)
bhabha2pb2m[0,0,0,0,-1,0,0,0,1]*(1/2*a8)
bhabha2pb2m[0,0,0,0,0,-1,0,0,1]*(-1/2*a8)
bhabha2pb2m[0,0,0,0,0,0,-1,0,1]*(-a8)

bhabha2pb2m[0,0,0,0,0,0,0,0,0]*(a0-a7)
bhabha2pb2m[1,0,0,0,0,0,0,-1,0]*(-a0)
bhabha2pb2m[1,0,0,0,0,0,0,0,0]*(2*a0+eta*a0)
bhabha2pb2m[-1,1,0,0,0,0,0,0,0]*(a1)
bhabha2pb2m[0,1,0,0,0,0,0,-1,0]*(-a1)
bhabha2pb2m[0,1,0,0,0,0,0,0,0]*(eta*a1-4*a1)
bhabha2pb2m[-1,0,0,0,1,0,0,0,0]*(a4)
bhabha2pb2m[0,0,-1,0,1,0,0,0,0]*(a4)
bhabha2pb2m[0,0,0,-1,1,0,0,0,0]*(-a4)
bhabha2pb2m[0,0,0,0,1,0,0,-1,0]*(-a4)
bhabha2pb2m[0,0,0,0,1,0,0,0,0]*(eta*a4-4*a4)
bhabha2pb2m[-1,0,0,0,0,1,0,0,0]*(a5)
bhabha2pb2m[0,0,-1,0,0,1,0,0,0]*(-a5)
bhabha2pb2m[0,0,0,-1,0,1,0,0,0]*(a5)
bhabha2pb2m[0,0,0,0,0,1,0,-1,0]*(-a5)
bhabha2pb2m[0,0,0,0,0,1,0,0,0]*(8*a5+a5*eta)
bhabha2pb2m[-1,0,0,0,0,0,1,0,0]*(a6)
bhabha2pb2m[0,0,0,0,0,0,1,-1,0]*(-a6)
bhabha2pb2m[0,0,0,0,0,0,1,0,0]*(a6*eta+5*a6)
bhabha2pb2m[-1,0,0,0,0,0,0,1,0]*(a7)
bhabha2pb2m[0,0,0,0,0,0,0,1,0]*(eta*a7)

bhabha2pb2m[1,0,0,0,-1,0,0,0,0]*(1/2*a0)
bhabha2pb2m[1,0,0,0,0,-1,0,0,0]*(-1/2*a0)
bhabha2pb2m[-1,1,0,0,0,0,0,0,0]*(-a1)
bhabha2pb2m[0,1,-1,0,0,0,0,0,0]*(-a1)
bhabha2pb2m[0,1,0,0,-1,0,0,0,0]*(a1)
bhabha2pb2m[0,1,0,0,0,0,0,0,0]*(-eta*a1)
bhabha2pb2m[-1,0,0,0,1,0,0,0,0]*(-2*a4)
bhabha2pb2m[0,0,0,0,0,0,0,0,0]*(-3/2*a5+3/2*a4)
bhabha2pb2m[0,0,0,0,1,-1,0,0,0]*(1/2*a4)
bhabha2pb2m[0,0,0,0,1,0,0,0,0]*(-2*eta*a4-2*a4)
bhabha2pb2m[-1,0,0,0,0,1,0,0,0]*(2*a5)
bhabha2pb2m[0,0,0,0,-1,1,0,0,0]*(-1/2*a5)
bhabha2pb2m[0,0,0,0,0,0,0,1,0]*(6*a7)
bhabha2pb2m[0,0,0,0,0,1,0,0,0]*(2*a5+2*a5*eta)
bhabha2pb2m[-1,0,0,0,0,0,1,0,0]*(-a6)
bhabha2pb2m[0,0,0,0,-1,0,1,0,0]*(a6)
bhabha2pb2m[0,0,0,0,0,0,1,0,-1]*(-a6)
bhabha2pb2m[0,0,0,0,0,0,1,0,0]*(-a6*eta)
bhabha2pb2m[0,0,-1,0,0,0,0,1,0]*(-a7)
bhabha2pb2m[0,0,0,-1,0,0,0,1,0]*(a7)
bhabha2pb2m[0,0,0,0,-1,0,0,1,0]*(1/2*a7)
bhabha2pb2m[0,0,0,0,0,-1,0,1,0]*(-1/2*a7)

bhabha2pb2m[-1,0,1,0,0,0,0,0,0]*(-a2)
bhabha2pb2m[0,0,1,0,-1,0,0,0,0]*(1/2*a2)
bhabha2pb2m[0,0,1,0,0,-1,0,0,0]*(1/2*a2)
bhabha2pb2m[0,0,1,0,0,0,0,0,-1]*(-a2)
bhabha2pb2m[0,0,1,0,0,0,0,0,0]*(-a2*eta+5*a2)
bhabha2pb2m[-1,0,0,1,0,0,0,0,0]*(-a3)
bhabha2pb2m[0,0,0,1,-1,0,0,0,0]*(1/2*a3)
bhabha2pb2m[0,0,0,1,0,-1,0,0,0]*(1/2*a3)
bhabha2pb2m[0,0,0,1,0,0,0,0,-1]*(-a3)
bhabha2pb2m[0,0,0,1,0,0,0,0,0]*(2*a3-a3*eta)
bhabha2pb2m[-1,0,0,0,1,0,0,0,0]*(-2*a4)
bhabha2pb2m[0,0,0,0,0,0,0,0,0]*(-a8+1/2*a5+1/2*a4)
bhabha2pb2m[0,0,0,0,1,-1,0,0,0]*(1/2*a4)
bhabha2pb2m[0,0,0,0,1,0,-1,0,0]*(a4)
bhabha2pb2m[0,0,0,0,1,0,0,0,-1]*(-a4)
bhabha2pb2m[0,0,0,0,1,0,0,0,0]*(-2*eta*a4-2*a4)
bhabha2pb2m[0,0,0,0,-1,1,0,0,0]*(1/2*a5)
bhabha2pb2m[0,0,0,0,0,0,0,0,1]*(-2*a8-a8*eta)
bhabha2pb2m[0,0,0,0,0,1,-1,0,0]*(-a5)
bhabha2pb2m[0,0,0,0,0,1,0,0,-1]*(-a5)
bhabha2pb2m[0,0,0,0,0,1,0,0,0]*(2*a5)
bhabha2pb2m[-1,0,0,0,0,0,0,0,1]*(-a8)
bhabha2pb2m[0,0,0,0,-1,0,0,0,1]*(1/2*a8)
bhabha2pb2m[0,0,0,0,0,-1,0,0,1]*(1/2*a8)

bhabha2pb2m[-1,0,1,0,0,0,0,0,0]*(-a2)
bhabha2pb2m[0,0,0,0,0,0,0,0,0]*(1/2*a5-a2+1/2*a4)
bhabha2pb2m[0,0,1,0,-1,0,0,0,0]*(1/2*a2)
bhabha2pb2m[0,0,1,0,0,-1,0,0,0]*(1/2*a2)
bhabha2pb2m[0,0,1,0,0,0,0,0,0]*(-a2*eta-2*a2)
bhabha2pb2m[-1,0,0,1,0,0,0,0,0]*(-a3)
bhabha2pb2m[0,0,-1,1,0,0,0,0,0]*(-a3)
bhabha2pb2m[0,0,0,1,-1,0,0,0,0]*(1/2*a3)
bhabha2pb2m[0,0,0,1,0,-1,0,0,0]*(1/2*a3)
bhabha2pb2m[0,0,0,1,0,0,0,0,0]*(4*a3-a3*eta)
bhabha2pb2m[-1,0,0,0,1,0,0,0,0]*(-2*a4)
bhabha2pb2m[0,-1,0,0,1,0,0,0,0]*(a4)
bhabha2pb2m[0,0,-1,0,1,0,0,0,0]*(-a4)
bhabha2pb2m[0,0,0,0,0,0,0,0,1]*(5*a8-a8*eta)
bhabha2pb2m[0,0,0,0,1,-1,0,0,0]*(1/2*a4)
bhabha2pb2m[0,0,0,0,1,0,0,0,0]*(-2*eta*a4-2*a4)
bhabha2pb2m[0,-1,0,0,0,1,0,0,0]*(-a5)
bhabha2pb2m[0,0,-1,0,0,1,0,0,0]*(-a5)
bhabha2pb2m[0,0,0,0,-1,1,0,0,0]*(1/2*a5)
bhabha2pb2m[0,0,0,0,0,-1,0,0,1]*(1/2*a8)
bhabha2pb2m[0,0,0,0,0,1,0,0,0]*(2*a5)
bhabha2pb2m[-1,0,0,0,0,0,0,0,1]*(-a8)
bhabha2pb2m[0,0,-1,0,0,0,0,0,1]*(-a8)
bhabha2pb2m[0,0,0,0,-1,0,0,0,1]*(1/2*a8)

