480 10220627191361430879 2 4
5 8 7 6 
8 5 7 6 

456 1699057898927065156 4 4
6 7 3 8 
6 7 8 3 
7 6 3 8 
7 6 8 3 

449 16294884143509435397 2 4
0 8 7 6 
0 8 6 7 

432 1324427476534020738 2 4
5 8 7 4 
8 5 7 4 

424 1677071180347565230 2 4
5 7 8 3 
7 5 8 3 

417 6854251484048817638 2 4
5 7 8 0 
7 5 8 0 

106 78324714845983665 2 4
3 5 1 6 
5 3 1 6 

360 17015737541233389546 2 4
5 6 3 8 
6 5 3 8 

85 10520910384121168773 1 4
0 2 4 6 

92 8585784082613879566 2 4
2 3 6 4 
3 2 6 4 

337 14705954250819092296 2 4
0 8 6 4 
0 8 4 6 

77 7272596276962245844 2 4
2 6 0 3 
6 2 0 3 

204 4203977922869772278 2 4
2 3 6 7 
3 2 6 7 

71 3644851419817780398 2 4
0 2 1 6 
0 2 6 1 

325 16391257364855098757 2 4
2 6 8 0 
6 2 8 0 

53 3579615079191423129 2 4
0 4 2 5 
0 4 5 2 

180 10743669588284575603 2 4
2 5 7 4 
5 2 7 4 

60 16128585657598364786 2 4
3 4 2 5 
3 4 5 2 

305 13782873349292088327 2 4
4 5 0 8 
5 4 0 8 

58 1324427476534020738 2 4
3 5 1 4 
5 3 1 4 

312 3364750820705448782 4 4
4 5 3 8 
4 5 8 3 
5 4 3 8 
5 4 8 3 

39 9958239957151316997 1 4
0 1 5 2 

166 9182445166795294852 4 4
2 5 1 7 
2 5 7 1 
5 2 1 7 
5 2 7 1 

293 894717506558205500 2 4
2 5 0 8 
5 2 0 8 

23 10520910384121168773 1 4
0 2 4 1 

277 13782873349292088327 2 4
2 4 0 8 
4 2 0 8 

89 11981695400392344183 2 4
0 3 4 6 
0 3 6 4 

30 12190912153274299044 2 4
2 3 1 4 
3 2 1 4 

416 2728381371886174304 6 3
5 7 8 
5 8 7 
7 5 8 
7 8 5 
8 7 5 
8 5 7 

7 2960999922919671982 2 3
0 1 2 
0 2 1 

57 15053561732635751163 2 4
4 5 0 3 
5 4 0 3 

184 10601132076907988804 2 4
3 5 7 4 
5 3 7 4 

352 14860785610888650053 6 3
5 6 8 
5 8 6 
6 5 8 
6 8 5 
8 6 5 
8 5 6 

225 1992699144927936837 1 4
0 5 6 7 

29 15053561732635751163 2 4
2 4 0 3 
4 2 0 3 

156 179286298576043391 2 4
2 3 4 7 
3 2 4 7 

197 1992699144927936837 1 4
0 2 7 6 

304 6906529405458791006 6 3
4 5 8 
4 8 5 
5 4 8 
5 8 4 
8 5 4 
8 4 5 

177 10520910384121168773 1 4
0 5 4 7 

164 11283220846380389061 2 3
7 5 2 
7 2 5 

291 9872583002204109625 2 4
1 5 0 8 
5 1 0 8 

44 11283220846380389061 2 3
3 2 5 
3 5 2 

298 1677071180347565230 2 4
1 5 3 8 
5 1 3 8 

388 12260785478939447192 6 3
2 7 8 
2 8 7 
7 2 8 
7 8 2 
8 7 2 
8 2 7 

131 14528258375710339284 2 3
0 1 7 
0 7 1 

353 401495372076146928 2 4
5 6 0 8 
6 5 0 8 

149 13342566684393997438 1 4
0 2 7 4 

324 14590248500468714027 6 3
2 6 8 
2 8 6 
6 2 8 
6 8 2 
8 6 2 
8 2 6 

67 17433826505429928829 2 3
0 1 6 
0 6 1 

275 14705954250819092296 2 4
0 8 4 1 
0 8 1 4 

28 6906529405458791006 6 3
2 3 4 
2 4 3 
3 2 4 
3 4 2 
4 3 2 
4 2 3 

282 7556829846088060811 4 4
3 8 4 1 
3 8 1 4 
8 3 4 1 
8 3 1 4 

78 4046967272674566029 2 4
2 3 6 1 
3 2 6 1 

276 6906529405458791006 6 3
2 4 8 
2 8 4 
4 2 8 
4 8 2 
8 4 2 
8 2 4 

19 3887233329888318402 2 3
0 1 4 
0 4 1 

46 7885408825531391087 2 4
1 3 5 2 
3 1 5 2 

332 3570514013793875461 2 4
2 6 8 3 
6 2 8 3 

75 11749514888198844761 2 4
1 6 0 3 
6 1 0 3 

193 2180535029306995591 2 3
0 6 7 
0 7 6 

42 2728381371886174304 6 3
1 3 5 
1 5 3 
3 1 5 
3 5 1 
5 3 1 
5 1 3 

169 14889189327249423635 2 4
5 7 0 3 
7 5 0 3 

100 11283220846380389061 2 3
6 5 2 
6 2 5 

14 12260785478939447192 6 3
1 2 3 
1 3 2 
2 1 3 
2 3 1 
3 2 1 
3 1 2 

141 15253333018029346469 2 4
2 7 0 3 
7 2 0 3 

323 2452762783774908058 2 4
1 6 0 8 
6 1 0 8 

76 1780203312458342186 6 3
2 3 6 
2 6 3 
3 2 6 
3 6 2 
6 3 2 
6 2 3 

330 12792859129086584636 4 4
1 6 3 8 
1 6 8 3 
6 1 3 8 
6 1 8 3 

81 3887233329888318402 2 3
0 4 6 
0 6 4 

168 754205998099296360 6 3
3 5 7 
3 7 5 
5 3 7 
5 7 3 
7 5 3 
7 3 5 

38 11283220846380389061 2 3
1 2 5 
1 5 2 

35 7011684248787335994 2 3
0 1 5 
0 5 1 

292 11283220846380389061 2 3
8 5 2 
8 2 5 

165 9958239957151316997 1 4
0 7 2 5 

354 7978115995136584964 2 4
5 8 6 1 
8 5 6 1 

97 7011684248787335994 2 3
0 5 6 
0 6 5 

45 11714435573617161360 2 4
2 5 0 3 
5 2 0 3 

172 15183985570863556182 2 4
3 7 5 2 
7 3 5 2 

104 13119232308241019096 6 3
3 5 6 
3 6 5 
5 3 6 
5 6 3 
6 5 3 
6 3 5 

15 1326932444054189472 2 4
1 2 0 3 
2 1 0 3 

142 15704017212081516077 2 4
2 3 1 7 
3 2 1 7 

387 818929771311508147 2 4
0 8 7 1 
0 8 1 7 

284 3364750820705448782 4 4
2 4 3 8 
2 4 8 3 
4 2 3 8 
4 2 8 3 

27 11981695400392344183 2 4
0 3 1 4 
0 3 4 1 

408 7556829846088060811 4 4
3 8 7 4 
3 8 4 7 
8 3 7 4 
8 3 4 7 

145 3887233329888318402 2 3
0 4 7 
0 7 4 

54 10743669588284575603 2 4
2 5 1 4 
5 2 1 4 

51 13342566684393997438 1 4
0 5 1 4 

308 16128585657598364786 2 4
8 4 5 2 
8 4 2 5 

290 754205998099296360 6 3
1 5 8 
1 8 5 
5 1 8 
5 8 1 
8 5 1 
8 1 5 

420 7885408825531391087 2 4
7 8 5 2 
8 7 5 2 

163 6780729506304784084 1 4
0 5 1 7 

300 9182445166795294852 4 4
2 5 3 8 
2 5 8 3 
5 2 3 8 
5 2 8 3 

43 10027549761270294038 2 4
1 5 3 0 
5 1 3 0 

170 1677071180347565230 2 4
3 5 1 7 
5 3 1 7 

418 1677071180347565230 2 4
5 8 7 1 
8 5 7 1 

161 2960999922919671982 2 3
0 5 7 
0 7 5 

56 6906529405458791006 6 3
3 4 5 
3 5 4 
4 3 5 
4 5 3 
5 4 3 
5 3 4 

105 8854184468196730425 2 4
5 6 3 0 
6 5 3 0 

232 2974813683649203891 2 4
3 5 6 7 
5 3 6 7 

102 11197286858225558775 4 4
2 5 1 6 
2 5 6 1 
5 2 1 6 
5 2 6 1 

99 4889439254745162835 2 4
0 5 1 6 
0 5 6 1 

356 4247939009769351187 2 4
6 8 2 5 
8 6 2 5 

101 9958239957151316997 1 4
0 6 5 2 

228 808532758221848463 4 4
2 5 6 7 
2 5 7 6 
5 2 6 7 
5 2 7 6 

108 10247633285845319962 2 4
3 6 5 2 
6 3 5 2 

113 13342566684393997438 1 4
0 5 6 4 

116 10743669588284575603 2 4
2 5 6 4 
5 2 6 4 

120 14772881018774504782 2 4
3 5 6 4 
5 3 6 4 

396 15704017212081516077 2 4
2 7 8 3 
7 2 8 3 

139 10543265707717228073 2 4
0 3 1 7 
0 3 7 1 

404 12190912153274299044 2 4
2 8 7 4 
8 2 7 4 

147 3789492243223121139 2 4
0 1 7 4 
0 7 1 4 

401 14705954250819092296 2 4
0 8 7 4 
0 8 4 7 

135 6780729506304784084 1 4
0 2 7 1 

389 631473346220553271 2 4
2 7 0 8 
7 2 0 8 

153 11981695400392344183 2 4
0 3 4 7 
0 3 7 4 

452 11104051182257671545 2 4
2 8 6 7 
8 2 6 7 

195 10481262239042374620 1 4
0 6 1 7 

201 11086907288483248693 2 4
0 3 6 7 
0 3 7 6 

209 14311078471256416205 2 4
0 6 7 4 
0 7 6 4 

270 15704017212081516077 2 4
1 2 3 8 
2 1 3 8 

263 1359601656496707692 2 4
1 2 0 8 
2 1 0 8 

133 7011684248787335994 2 3
0 2 7 
0 7 2 

390 15704017212081516077 2 4
2 8 7 1 
8 2 7 1 

21 14067138506182954852 2 3
0 2 4 
0 4 2 

278 179286298576043391 2 4
2 8 4 1 
8 2 4 1 

37 17675103205369782715 2 3
0 2 5 
0 5 2 

294 15183985570863556182 2 4
1 8 5 2 
8 1 5 2 

49 14067138506182954852 2 3
0 4 5 
0 5 4 

306 10601132076907988804 2 4
5 8 1 4 
8 5 1 4 

69 2960999922919671982 2 3
0 2 6 
0 6 2 

326 9227379641990250253 2 4
2 8 6 1 
8 2 6 1 

344 7556829846088060811 4 4
3 8 6 4 
3 8 4 6 
8 3 6 4 
8 3 4 6 

83 5710216271324878809 2 4
0 1 6 4 
0 6 1 4 

340 17102968357309398170 2 4
2 8 6 4 
8 2 6 4 

368 16795696787755097424 2 4
5 8 6 4 
8 5 6 4 

394 13150025586414177241 8 4
1 7 3 8 
1 7 8 3 
3 8 7 1 
3 8 1 7 
7 1 3 8 
7 1 8 3 
8 3 7 1 
8 3 1 7 

