490 11937940212503533154 1 6
5 1 3 6 7 8 

492 596276869552177830 1 6
5 8 7 3 6 2 

486 13041070976289753686 1 6
5 1 7 8 6 2 

498 17554259895767516622 1 6
5 1 7 8 4 6 

483 16997882653337151613 1 6
6 5 1 0 7 8 

504 13098454990322137999 1 6
5 7 8 3 6 4 

489 7856902694200541704 1 6
5 3 6 0 7 8 

500 15900814416854124034 1 6
5 7 8 6 4 2 

485 10575294416019372241 1 6
5 6 2 0 7 8 

497 3983752278096200890 1 6
5 6 4 0 7 8 

462 1273489349372107601 1 6
1 7 8 3 2 6 

474 14593995583343392326 1 6
1 7 8 3 4 6 

459 9801816067817232700 1 6
1 3 6 0 7 8 

470 11725621293083756022 1 6
1 7 8 4 2 6 

476 3890125384877140452 2 6
7 8 3 2 4 6 
8 7 3 2 4 6 

461 8097081025793096590 2 6
0 7 8 3 2 6 
0 8 7 3 2 6 

455 1480766816399031255 1 6
1 6 2 0 7 8 

467 11515865616744730346 1 6
1 6 4 0 7 8 

473 12902000555154256181 2 6
3 4 6 0 7 8 
3 4 6 0 8 7 

469 1754403183163282156 2 6
0 7 8 2 4 6 
0 8 7 2 4 6 

430 8951800527118687508 1 6
3 2 5 1 8 7 

442 7204244420567824876 1 6
5 1 3 4 7 8 

427 11326802037168385318 1 6
3 5 1 0 8 7 

438 5838934738555613563 1 6
5 1 7 8 4 2 

423 421691868241686548 1 6
2 5 1 0 7 8 

429 13658746818178191897 1 6
5 3 2 0 8 7 

435 13038076086771827985 1 6
4 5 1 0 7 8 

444 15981468290781286253 1 6
5 8 7 3 4 2 

441 1896600727043237661 1 6
5 3 4 0 8 7 

437 12767089870051789361 1 6
5 4 2 0 7 8 

414 13660306322788323952 1 6
1 7 8 3 4 2 

399 13331108258698329186 1 6
1 3 2 0 7 8 

411 1847967074542465942 1 6
1 3 4 0 7 8 

413 2619075378919894024 2 6
0 7 8 3 2 4 
0 8 7 3 2 4 

407 12167582000248375668 1 6
1 4 2 0 7 8 

366 5559459395425065489 1 6
8 5 1 3 2 6 

363 5283909083146891124 1 6
0 8 5 1 3 6 

378 266564941504679592 1 6
8 5 1 3 4 6 

359 1327852536090855076 1 6
0 8 5 1 6 2 

374 16523982899318311628 1 6
8 5 1 2 4 6 

365 4373307314454085522 1 6
5 0 8 3 6 2 

371 17120719187871969999 1 6
0 8 5 1 6 4 

380 7141802531386773293 1 6
5 8 3 2 4 6 

377 9298950586948088765 1 6
5 0 8 3 6 4 

373 1032439464865380531 1 6
5 0 8 6 2 4 

350 3002771763479420892 2 6
1 8 3 2 4 6 
8 1 3 2 4 6 

347 8997885869962118212 1 6
1 0 8 3 6 4 

335 13624690254008852162 1 6
1 0 8 3 6 2 

343 1641257770862243763 1 6
1 0 8 6 2 4 

318 10984501245555343485 1 6
8 5 1 3 2 4 

349 6799239632744683365 1 6
0 8 3 2 4 6 

303 10750018697623133380 1 6
3 2 5 1 0 8 

315 5830863169817056481 1 6
3 4 5 1 0 8 

311 11425922158163824430 1 6
5 1 0 8 2 4 

317 9348143773923642428 1 6
5 0 8 3 2 4 

235 10422759351206831411 1 6
0 7 5 1 3 6 

238 5082316638607180837 1 6
7 5 1 3 6 2 

287 4268140757193199011 1 6
1 0 8 3 2 4 

250 12280853672583211228 1 6
7 5 1 3 4 6 

231 15411504737168282002 1 6
0 7 5 1 6 2 

246 7806273994666560304 1 6
7 5 1 4 6 2 

243 16547692255908028187 1 6
0 7 5 1 6 4 

237 10831606118488618412 1 6
5 0 7 3 6 2 

252 12107736126107652146 1 6
5 7 3 6 4 2 

249 8476258163468807418 1 6
5 0 7 3 6 4 

245 17061546937702637563 1 6
5 0 7 6 4 2 

222 12261677889640699467 2 6
1 7 3 4 2 6 
7 1 3 4 2 6 

215 1681266144603586650 1 6
1 0 7 6 4 2 

207 6988831603067430467 1 6
1 0 7 3 6 2 

219 1226310557405453120 1 6
1 0 7 3 6 4 

190 6270470182648681966 1 6
7 5 1 3 4 2 

175 8215325305973941886 1 6
3 2 0 7 5 1 

221 6799239632744683365 1 6
0 7 3 2 4 6 

187 7521726275308472480 1 6
5 1 3 4 0 7 

189 11673763319495392228 1 6
5 0 7 3 4 2 

183 17800787456616542406 1 6
5 1 0 7 4 2 

159 1248342507378565046 1 6
1 0 7 3 4 2 

125 15392623635522908483 2 6
0 5 3 6 2 4 
5 0 3 6 2 4 

111 5322942468240414520 1 6
0 5 1 3 6 2 

123 15340014281694053318 1 6
0 5 1 3 6 4 

126 6799239632744683365 1 6
5 1 3 2 4 6 

119 303206393970353532 1 6
0 5 1 6 2 4 

63 9797757798283657845 1 6
0 5 1 3 2 4 

95 7919283779103976815 1 6
0 1 3 6 2 4 

496 13408586190745386211 1 5
5 7 8 6 4 

488 1065095412219733959 1 5
5 3 6 7 8 

482 15778478779658472400 1 5
6 5 1 7 8 

484 14698065985348072495 1 5
5 6 2 7 8 

481 678508524434467781 1 5
5 6 0 7 8 

458 9802190193459165514 1 5
1 3 6 7 8 

454 16940885469940951893 1 5
1 2 6 7 8 

451 9750518420688092715 4 5
1 6 0 7 8 
1 6 0 8 7 
6 1 0 7 8 
6 1 0 8 7 

460 5577226050372420654 2 5
7 8 3 2 6 
8 7 3 2 6 

466 13970526872096840757 1 5
1 7 8 4 6 

472 6871427570525424833 2 5
7 8 3 4 6 
8 7 3 4 6 

468 14626841857910594319 2 5
7 8 2 4 6 
8 7 2 4 6 

453 15796806635348147073 2 5
2 6 0 7 8 
2 6 0 8 7 

457 1459564045153830413 2 5
3 6 0 7 8 
3 6 0 8 7 

465 13513366116059165805 4 5
4 6 0 7 8 
4 6 0 8 7 
6 4 0 7 8 
6 4 0 8 7 

426 3217252165401288818 1 5
3 5 1 8 7 

422 6016305522403988567 1 5
2 5 1 7 8 

425 9648824109054852665 2 5
3 5 0 8 7 
5 3 0 8 7 

434 13939437611377896114 1 5
4 5 1 7 8 

428 10210894583612713291 1 5
5 3 2 8 7 

419 17788491003375796138 2 5
5 1 0 7 8 
5 1 0 8 7 

440 14425966390303192742 1 5
5 3 4 8 7 

436 12762855511778504380 1 5
5 4 2 7 8 

421 16772159621172452965 2 5
5 2 0 7 8 
5 2 0 8 7 

433 7593192566551732959 1 5
5 4 0 7 8 

398 10829150330824582339 1 5
1 3 2 7 8 

410 18282280123535946705 1 5
1 3 4 7 8 

406 17367555554019315462 1 5
1 7 8 4 2 

395 4556662677216329629 1 5
3 1 0 7 8 

270 4430324927820573656 2 4
1 8 3 2 
8 1 3 2 

13 11443029074512963503 1 3
0 3 2 

282 3758550860374928371 2 4
1 8 3 4 
8 1 3 4 

25 1100806113672523033 1 3
0 3 4 

278 11105273942787864718 2 4
1 8 2 4 
8 1 2 4 

21 17446086910559518064 1 3
0 2 4 

197 13808219308727352098 1 4
0 7 2 6 

201 17177136069890610113 1 4
3 6 0 7 

209 15896268698264125057 2 4
0 7 6 4 
0 7 4 6 

141 17168862537966865305 1 4
3 2 0 7 

153 1361567497545663179 1 4
3 4 0 7 

149 13578265022660254378 1 4
0 7 2 4 

106 17177136069890610113 1 4
3 6 5 1 

102 13808219308727352098 1 4
5 1 2 6 

232 6084343706754292264 1 4
5 7 3 6 

105 486941223105046351 2 4
0 5 3 6 
5 0 3 6 

362 3585888883605970686 1 5
8 3 6 5 1 

226 6329523304378383517 2 4
6 7 5 1 
7 6 5 1 

99 5069303078012082896 1 4
0 6 5 1 

356 622128286026533098 1 4
5 8 2 6 

114 15896268698264125057 2 4
5 1 4 6 
5 1 6 4 

108 15453196001241755493 1 4
5 3 2 6 

228 3937148651232497433 1 4
5 7 6 2 

101 17502623939284346349 2 4
0 5 6 2 
5 0 6 2 

358 9372807598916449555 1 5
8 5 1 2 6 

120 8778297980605328996 1 4
5 3 4 6 

240 13171160087034272692 1 4
5 7 6 4 

113 15215106538186363698 2 4
0 5 6 4 
5 0 6 4 

370 11018318761415328790 1 5
8 5 1 4 6 

116 18351030899049478024 1 4
5 2 4 6 

198 17853179090820743636 2 4
1 7 2 6 
7 1 2 6 

71 15767948103229021857 1 4
0 1 6 2 

202 242440319660852541 2 4
1 7 3 6 
7 1 3 6 

75 4165790533383973922 1 4
0 1 3 6 

210 14772881018774504782 2 4
1 7 4 6 
7 1 4 6 

83 16759578986255104721 1 4
0 1 6 4 

77 15453196001241755493 1 4
0 3 2 6 

334 12597904071277105738 2 5
1 8 3 2 6 
8 1 3 2 6 

89 8778297980605328996 1 4
0 3 4 6 

346 10430273983900308607 2 5
1 8 3 4 6 
8 1 3 4 6 

46 17168862537966865305 1 4
3 2 5 1 

85 18351030899049478024 1 4
0 2 4 6 

342 1213729211303204210 2 5
1 8 2 4 6 
8 1 2 4 6 

170 13921750370067809599 1 4
3 7 5 1 

43 17033440425027155532 2 4
0 3 5 1 
3 0 5 1 

300 621877233063030600 1 4
5 8 3 2 

312 988429156731256704 1 4
5 8 3 4 

55 5707968089513475008 1 5
0 5 1 2 4 

58 1361567497545663179 1 4
3 4 5 1 

308 2941810672476574442 1 4
5 8 2 4 

51 15024369831046084700 1 4
0 4 5 1 

54 13578265022660254378 1 4
5 1 2 4 

172 5409985480907050118 1 4
5 7 3 2 

45 17353200412662015771 2 4
0 5 3 2 
5 0 3 2 

302 14114365883908331601 1 5
8 3 2 5 1 

293 4503213232461735182 1 4
5 2 0 8 

36 8480609940174239434 1 2
5 2 

166 10960900495387557020 1 4
2 7 5 1 

39 4503213232461735182 1 4
0 2 5 1 

296 2361156492905547982 2 3
3 5 8 
5 3 8 

305 1470142328109767921 1 4
5 4 0 8 

178 10983409412583460812 2 4
4 7 5 1 
7 4 5 1 

184 9545065420260481377 1 4
5 7 3 4 

57 7083331739448885094 2 4
0 5 3 4 
5 0 3 4 

314 16322526073318479751 1 5
8 3 4 5 1 

133 4749399184548986812 1 3
2 0 7 

390 9408023114520488393 1 4
2 1 7 8 

269 17168862537966865305 1 4
3 2 0 8 

142 18010499651028152106 2 4
1 7 3 2 
7 1 3 2 

15 17116473506878515949 1 4
0 1 3 2 

104 18318763533345863842 1 3
5 3 6 

361 9547763879525203002 1 5
5 0 8 3 6 

147 6534630873780932037 2 4
1 4 0 7 
4 1 0 7 

404 7092737255504847283 2 4
2 4 7 8 
2 4 8 7 

274 754205998099296360 6 3
1 4 8 
1 8 4 
4 1 8 
4 8 1 
8 4 1 
8 1 4 

100 13251033927989329642 1 3
5 2 6 

357 3212145765659146617 1 5
5 0 8 6 2 

73 18318763533345863842 1 3
0 3 6 

330 10596920958349277763 2 4
1 8 3 6 
8 1 3 6 

44 11443029074512963503 1 3
5 3 2 

301 16648559000584593565 1 5
5 3 2 0 8 

56 1100806113672523033 1 3
5 3 4 

313 7110494713228506197 1 5
5 3 4 0 8 

165 4503213232461735182 1 4
5 2 0 7 

38 4749399184548986812 1 3
2 5 1 

295 13246446481030964527 2 5
2 0 8 5 1 
2 5 1 0 8 

292 8362370557999984027 1 3
5 2 8 

35 11149028268085365730 1 3
0 5 1 

5 8480609940174239434 1 2
0 2 

262 9221420326734530397 2 3
2 1 8 
2 8 1 

33 17087753756477223945 2 2
0 5 
5 0 

163 15406660600063173003 2 4
0 7 5 1 
5 1 0 7 

420 17144633191858289493 2 4
5 2 7 8 
5 2 8 7 

263 3819810369393444712 1 4
2 1 0 8 

9 17087753756477223945 2 2
0 3 
3 0 

266 10706753935364593016 2 3
3 1 8 
3 8 1 

177 2707213394142242189 1 4
5 4 0 7 

304 14718008852537657457 2 3
5 4 8 
5 8 4 

47 2161355687248578118 1 5
0 3 2 5 1 

112 7698985776645440831 2 3
5 4 6 
5 6 4 

369 3486850728583804997 1 5
5 0 8 6 4 

180 4644206790653795878 1 4
5 7 4 2 

53 16847879008912959551 2 4
0 5 2 4 
5 0 2 4 

310 15016925378507686518 1 5
8 5 1 2 4 

275 17551861176896189898 2 4
1 4 0 8 
4 1 0 8 

267 12844178937462204567 1 4
3 1 0 8 

81 7698985776645440831 2 3
0 4 6 
0 6 4 

338 10601132076907988804 2 4
1 8 4 6 
8 1 4 6 

52 17446086910559518064 1 3
5 2 4 

309 4441699160628741790 1 5
5 0 8 2 4 

137 11149028268085365730 1 3
3 0 7 

394 6398757076883575033 1 4
3 1 7 8 

69 13251033927989329642 1 3
0 2 6 

326 11378825747495795226 2 4
1 8 2 6 
8 1 2 6 

40 17087753756477223945 2 2
3 5 
5 3 

297 2995300807293622581 2 4
3 5 0 8 
5 3 0 8 

19 10706753935364593016 2 3
0 1 4 
0 4 1 

146 13119232308241019096 6 3
1 4 7 
1 7 4 
4 1 7 
4 7 1 
7 4 1 
7 1 4 

403 15207790335891244739 2 5
1 4 0 7 8 
4 1 0 7 8 

161 11149028268085365730 1 3
5 0 7 

418 10083773938285380914 2 4
5 1 7 8 
5 1 8 7 

49 1330854201845664887 2 3
0 5 4 
5 0 4 

306 3907734590851251535 2 4
4 8 5 1 
8 4 5 1 

176 2512533711646785065 2 3
5 4 7 
5 7 4 

37 11060936614850910905 2 3
0 5 2 
5 0 2 

294 3819810369393444712 1 4
2 8 5 1 

164 8362370557999984027 1 3
5 2 7 

41 10464402029777390164 6 3
0 3 5 
0 5 3 
3 0 5 
3 5 0 
5 3 0 
5 0 3 

298 15368499501652111834 1 4
3 8 5 1 

168 5707635945091764290 2 3
3 5 7 
5 3 7 

97 17662388742419376403 2 3
0 5 6 
5 0 6 

354 7186660799657259970 2 4
6 8 5 1 
8 6 5 1 

224 2194224039831407595 2 3
5 6 7 
5 7 6 

67 12254329342543767602 2 3
0 1 6 
0 6 1 

194 6906529405458791006 6 3
1 6 7 
1 7 6 
6 1 7 
6 7 1 
7 6 1 
7 1 6 

392 17258787824257198352 2 3
3 7 8 
3 8 7 

135 10960900495387557020 1 4
2 1 0 7 

11 16574095905003600574 2 3
0 3 1 
3 0 1 

138 12769602731266802952 2 3
3 1 7 
3 7 1 

265 11149028268085365730 1 3
3 0 8 

29 923995132908717562 1 4
0 3 2 4 

286 33108381539607436 2 5
1 8 3 2 4 
8 1 3 2 4 

139 6570806256634135414 1 4
3 1 0 7 

396 17566591070911116674 2 4
3 2 7 8 
3 2 8 7 

169 9192673037414984222 2 4
3 5 0 7 
5 3 0 7 

42 11149028268085365730 1 3
3 5 1 

299 3583861990886220277 1 5
3 5 1 0 8 

60 923995132908717562 1 4
5 3 2 4 

225 3997143717686068364 1 4
5 6 0 7 

352 12129649998618649867 2 3
5 6 8 
5 8 6 

195 7280204158998552156 2 4
1 6 0 7 
6 1 0 7 

452 10123526515516045768 2 4
2 6 7 8 
2 6 8 7 

322 6906529405458791006 6 3
1 6 8 
1 8 6 
6 1 8 
6 8 1 
8 6 1 
8 1 6 

281 1361567497545663179 1 4
3 4 0 8 

154 16277330418281224939 2 4
1 7 3 4 
7 1 3 4 

27 5036159874697649378 1 4
0 1 3 4 

289 11149028268085365730 1 3
5 0 8 

416 17258787824257198352 2 3
5 7 8 
5 8 7 

7 8362370557999984027 1 3
0 2 1 

261 4749399184548986812 1 3
2 0 8 

134 5498241270308530610 2 3
2 1 7 
2 7 1 

391 12262372462665920400 1 5
2 1 0 7 8 

388 10631059303007246720 2 3
2 7 8 
2 8 7 

277 13578265022660254378 1 4
0 8 2 4 

150 8149931900798880746 2 4
1 7 4 2 
7 1 4 2 

23 7455054098712756468 1 4
0 1 2 4 

291 15406660600063173003 2 4
0 8 5 1 
5 1 0 8 

337 15896268698264125057 2 4
0 8 6 4 
0 8 4 6 

329 17177136069890610113 1 4
3 6 0 8 

325 13808219308727352098 1 4
0 8 2 6 

323 7280204158998552156 2 4
1 6 0 8 
6 1 0 8 

353 17683488410225082142 1 4
5 6 0 8 

368 438292247987853994 1 4
5 8 4 6 

360 5239096103802008002 1 4
5 8 3 6 

103 15562204515747797934 1 5
0 5 1 6 2 

389 8891542453761062240 2 4
2 0 7 8 
2 0 8 7 

393 5625766177066252915 2 4
3 0 7 8 
3 0 8 7 

408 2045910373128645647 2 4
3 4 7 8 
3 4 8 7 

151 8405429000521042050 1 5
1 0 7 4 2 

402 2974813683649203891 2 4
1 4 7 8 
4 1 7 8 

417 5625766177066252915 2 4
5 0 7 8 
5 0 8 7 

432 7997573950467556605 1 4
5 4 7 8 

464 9889576315341648160 4 4
7 8 4 6 
7 8 6 4 
8 7 6 4 
8 7 4 6 

424 391625185477465501 2 4
3 5 8 7 
5 3 8 7 

167 2650293410625506992 2 5
2 0 7 5 1 
2 5 1 0 7 

456 4044394870767716701 2 4
3 6 7 8 
3 6 8 7 

199 15891342096479284082 1 5
1 0 7 6 2 

480 6894937126532847700 1 4
5 6 7 8 

450 394700380938346138 4 4
1 6 7 8 
1 6 8 7 
6 1 7 8 
6 1 8 7 

31 2089560401359194630 1 5
0 1 3 2 4 

59 14534091388890620093 1 5
0 3 4 5 1 

316 9511887980507486410 1 5
5 8 3 2 4 

62 229880061383264676 1 5
5 1 3 2 4 

61 17790957704286130926 2 5
0 5 3 2 4 
5 0 3 2 4 

93 5112259853680594585 1 5
0 3 2 4 6 

87 15437751760698348570 1 5
0 1 6 2 4 

91 12151143527605453567 1 5
0 1 3 6 4 

79 4367050488098969133 1 5
0 1 3 6 2 

117 14394739698251013701 2 5
0 5 6 2 4 
5 0 6 2 4 

124 5112259853680594585 1 5
5 3 2 4 6 

121 13477208907819078125 2 5
0 5 3 6 4 
5 0 3 6 4 

109 4232701228192733561 2 5
0 5 3 6 2 
5 0 3 6 2 

115 970900840170984265 1 5
0 5 1 6 4 

372 8930512191417207466 1 5
5 8 2 4 6 

118 2394227536541447735 1 5
5 1 2 4 6 

122 7445691566095667742 1 5
5 1 3 4 6 

107 14230123836190482666 1 5
0 5 1 3 6 

364 8741656229973699837 1 5
5 8 3 2 6 

110 8274477480639276365 1 5
5 1 3 2 6 

155 9058481961428402352 1 5
1 3 4 0 7 

412 6487660994542456116 2 5
7 8 3 2 4 
8 7 3 2 4 

157 229880061383264676 1 5
0 7 3 2 4 

143 2675351211955317372 1 5
1 3 2 0 7 

181 18394569670720635750 1 5
5 0 7 4 2 

158 5473419953130378488 2 5
1 7 3 4 2 
7 1 3 4 2 

173 6921386642096214375 1 5
5 3 2 0 7 

185 2364145148934641800 1 5
5 3 4 0 7 

179 5946777683810519811 1 5
4 5 1 0 7 

188 13174510538374635144 1 5
5 7 3 4 2 

182 6154774350971872971 1 5
7 5 1 4 2 

171 2786230155103512443 1 5
3 0 7 5 1 

186 13440385135254042455 1 5
7 5 1 3 4 

217 7445691566095667742 1 5
0 7 3 4 6 

174 10778588396460614711 1 5
7 3 2 5 1 

205 8274477480639276365 1 5
0 7 3 2 6 

213 2394227536541447735 1 5
0 7 2 4 6 

211 6276338513131099535 1 5
1 0 7 6 4 

214 9825386031088036323 2 5
1 7 4 2 6 
7 1 4 2 6 

203 8891511497944903238 1 5
1 0 7 3 6 

218 144425989238311857 2 5
1 7 3 4 6 
7 1 3 4 6 

241 5546041436871281407 1 5
5 0 7 6 4 

206 15367799383090460221 2 5
1 7 3 2 6 
7 1 3 2 6 

244 15994589801908149969 1 5
5 7 6 4 2 

229 6272627052764579241 1 5
5 0 7 6 2 

248 1520000150180586536 1 5
5 7 3 6 4 

233 3389130259357685958 1 5
5 0 7 3 6 

236 3642337285177694303 1 5
5 7 3 6 2 

242 12556583542946221071 1 5
7 5 1 4 6 

230 12378498816250953902 1 5
7 5 1 6 2 

227 18119565120367762373 1 5
6 0 7 5 1 

234 7207862075117941295 1 5
7 5 1 3 6 

285 229880061383264676 1 5
0 8 3 2 4 

279 6882907054993892684 1 5
1 0 8 2 4 

283 10046078961121171847 1 5
1 3 4 0 8 

271 13316481520354162143 1 5
1 3 2 0 8 

307 17924674652927904615 1 5
4 5 1 0 8 

341 2394227536541447735 1 5
0 8 2 4 6 

345 7445691566095667742 1 5
0 8 3 4 6 

339 8540476451185999261 1 5
1 0 8 6 4 

327 9949493192048828797 1 5
1 0 8 6 2 

333 8274477480639276365 1 5
0 8 3 2 6 

331 14754811730229499528 1 5
1 0 8 3 6 

355 11074708725242234009 1 5
6 0 8 5 1 

376 13795434334931646252 1 5
5 8 3 4 6 

405 17257860216131065403 2 5
2 4 0 7 8 
2 4 0 8 7 

409 12466888878130331368 2 5
3 4 0 7 8 
3 4 0 8 7 

397 5967765178563055725 2 5
3 2 0 7 8 
3 2 0 8 7 

