bhabha2vbox[0,0,0,0,0,0,0,0,0]*(5*a7-5*a4-5*a8-3*a2+8*a3)
bhabha2vbox[0,0,1,-1,0,0,0,0,0]*(3*a2)
bhabha2vbox[0,0,1,0,0,0,0,0,0]*(-24*a2-3*a2*eta)
bhabha2vbox[0,0,1,0,-1,0,0,0,0]*(6*a2)
bhabha2vbox[0,0,1,0,0,0,-1,0,0]*(-6*a2)
bhabha2vbox[0,0,0,0,1,0,0,0,0]*(17*a4+2*a4*eta)
bhabha2vbox[0,0,-1,1,0,0,0,0,0]*(-8*a3)
bhabha2vbox[-1,0,0,0,0,0,0,0,1]*(7*a8)
bhabha2vbox[0,0,0,1,0,0,0,0,0]*(-56*a3-8*a3*eta)
bhabha2vbox[0,0,0,1,-1,0,0,0,0]*(8*a3)
bhabha2vbox[0,0,0,1,0,0,-1,0,0]*(-8*a3)
bhabha2vbox[0,0,0,-1,1,0,0,0,0]*(-2*a4)
bhabha2vbox[-1,0,0,0,0,1,0,0,0]*(-9*a5)
bhabha2vbox[0,0,-1,0,0,1,0,0,0]*(-3*a5)
bhabha2vbox[0,0,0,-1,0,1,0,0,0]*(3*a5)
bhabha2vbox[0,0,0,0,0,1,0,-1,0]*(3*a5)
bhabha2vbox[0,0,0,0,0,1,0,0,0]*(-3*a5*eta-42*a5)
bhabha2vbox[0,0,0,0,0,0,0,-1,1]*(-2*a8)
bhabha2vbox[0,0,0,0,-1,1,0,0,0]*(6*a5)
bhabha2vbox[0,0,0,0,0,1,-1,0,0]*(-6*a5)
bhabha2vbox[0,0,0,0,0,1,0,0,-1]*(6*a5)
bhabha2vbox[-1,0,0,0,0,0,0,1,0]*(-7*a7)
bhabha2vbox[0,0,0,0,1,0,-1,0,0]*(5*a4)
bhabha2vbox[0,0,0,0,0,0,0,0,1]*(14*a8)
bhabha2vbox[0,0,-1,0,1,0,0,0,0]*(2*a4)
bhabha2vbox[0,0,0,0,0,0,0,1,-1]*(2*a7)
bhabha2vbox[0,0,0,0,0,0,0,1,0]*(-14*a7)

bhabha2vbox[0,0,0,0,0,0,0,0,0]*(6*a7-6*a5-8*a2+8*a3)
bhabha2vbox[0,0,1,0,0,0,-1,0,0]*(6*a2)
bhabha2vbox[0,0,1,0,0,0,0,0,0]*(-6*a2-8*a2*eta)
bhabha2vbox[0,0,0,0,0,0,0,0,1]*(11*a8-5*a8*eta)
bhabha2vbox[0,0,1,-1,0,0,0,0,0]*(2*a2)
bhabha2vbox[0,0,0,0,0,-1,0,0,1]*(5*a8)
bhabha2vbox[0,0,-1,1,0,0,0,0,0]*(-16*a3)
bhabha2vbox[0,0,0,1,0,0,-1,0,0]*(8*a3)
bhabha2vbox[0,0,0,1,0,0,0,0,0]*(-40*a3-16*a3*eta)
bhabha2vbox[0,-1,0,0,0,0,0,0,1]*(-5*a8)
bhabha2vbox[0,0,0,0,0,0,0,-1,1]*(-3*a8)
bhabha2vbox[0,0,0,0,1,0,0,0,0]*(13*a4+8*a4*eta)
bhabha2vbox[0,-1,0,0,0,1,0,0,0]*(6*a5)
bhabha2vbox[-1,0,0,0,0,0,0,0,1]*(3*a8)
bhabha2vbox[0,0,0,0,0,1,0,0,0]*(-2*a5*eta-16*a5)
bhabha2vbox[-1,0,0,0,0,1,0,0,0]*(-2*a5)
bhabha2vbox[0,0,-1,0,0,1,0,0,0]*(-2*a5)
bhabha2vbox[0,0,0,-1,0,1,0,0,0]*(2*a5)
bhabha2vbox[0,0,0,0,0,1,0,-1,0]*(2*a5)
bhabha2vbox[-1,0,0,0,0,0,0,1,0]*(-6*a7)
bhabha2vbox[0,0,0,0,0,0,-1,0,1]*(5*a8)
bhabha2vbox[0,0,-1,0,1,0,0,0,0]*(8*a4)
bhabha2vbox[0,0,0,0,1,0,-1,0,0]*(-5*a4)
bhabha2vbox[0,0,0,-1,1,0,0,0,0]*(-3*a4)
bhabha2vbox[0,0,-1,0,0,0,0,0,1]*(-5*a8)
bhabha2vbox[0,0,0,0,0,0,0,1,0]*(-14*a7+2*a7*eta)
bhabha2vbox[0,-1,0,0,0,0,0,1,0]*(2*a7)
bhabha2vbox[0,0,-1,0,0,0,0,1,0]*(2*a7)
bhabha2vbox[0,0,0,0,0,-1,0,1,0]*(-2*a7)
bhabha2vbox[0,0,0,0,0,0,-1,1,0]*(-2*a7)

bhabha2vbox[0,0,0,0,0,0,0,0,0]*(-3*a4-3*a8+3*a5+3*a2)
bhabha2vbox[0,0,1,0,0,0,-1,0,0]*(-5*a2)
bhabha2vbox[0,0,1,0,0,0,0,0,0]*(-5*a2+3*a2*eta)
bhabha2vbox[0,0,1,0,-1,0,0,0,0]*(2*a2)
bhabha2vbox[0,0,0,0,0,0,-1,0,1]*(-2*a8)
bhabha2vbox[0,0,0,0,0,-1,0,0,1]*(-2*a8)
bhabha2vbox[0,0,-1,1,0,0,0,0,0]*(8*a3)
bhabha2vbox[0,0,0,1,0,0,-1,0,0]*(-16*a3)
bhabha2vbox[0,0,0,1,0,0,0,0,0]*(-16*a3+8*a3*eta)
bhabha2vbox[0,0,0,1,-1,0,0,0,0]*(8*a3)
bhabha2vbox[0,-1,0,0,0,0,0,0,1]*(2*a8)
bhabha2vbox[0,0,0,0,0,0,0,0,1]*(4*a8+2*a8*eta)
bhabha2vbox[0,-1,0,0,0,1,0,0,0]*(-3*a5)
bhabha2vbox[-1,0,0,0,0,0,0,0,1]*(3*a8)
bhabha2vbox[0,0,0,0,0,1,0,0,0]*(-6*a5)
bhabha2vbox[-1,0,0,0,0,1,0,0,0]*(-2*a5)
bhabha2vbox[0,0,0,0,-1,1,0,0,0]*(2*a5)
bhabha2vbox[0,0,0,0,0,1,-1,0,0]*(-2*a5)
bhabha2vbox[0,0,0,0,0,1,0,0,-1]*(2*a5)
bhabha2vbox[0,0,0,0,0,0,0,1,0]*(-7*a7-5*a7*eta)
bhabha2vbox[0,0,-1,0,0,0,0,0,1]*(2*a8)
bhabha2vbox[0,0,0,0,1,0,0,0,0]*(5*a4-2*a4*eta)
bhabha2vbox[-1,0,0,0,0,0,0,1,0]*(-6*a7)
bhabha2vbox[0,0,-1,0,1,0,0,0,0]*(-2*a4)
bhabha2vbox[0,0,0,0,1,0,-1,0,0]*(5*a4)
bhabha2vbox[0,0,0,0,0,0,0,1,-1]*(6*a7)
bhabha2vbox[0,-1,0,0,0,0,0,1,0]*(-5*a7)
bhabha2vbox[0,0,-1,0,0,0,0,1,0]*(-5*a7)
bhabha2vbox[0,0,0,0,0,-1,0,1,0]*(5*a7)
bhabha2vbox[0,0,0,0,0,0,-1,1,0]*(5*a7)

