5 2
9 2
33 2
36 2
40 2
21 3
25 3
13 3
19 3
7 3
11 3
49 3
37 3
52 3
41 3
56 3
44 3
35 3
38 3
42 3
81 3
69 3
73 3
67 3
97 3
112 3
100 3
104 3
133 3
137 3
146 3
134 3
138 3
161 3
176 3
164 3
168 3
194 3
224 3
261 3
265 3
274 3
262 3
266 3
289 3
304 3
292 3
296 3
322 3
352 3
388 3
392 3
416 3
29 4
23 4
27 4
15 4
53 4
57 4
45 4
60 4
51 4
39 4
54 4
43 4
58 4
46 4
85 4
89 4
77 4
83 4
71 4
75 4
113 4
101 4
116 4
105 4
120 4
108 4
99 4
114 4
102 4
106 4
149 4
153 4
141 4
147 4
135 4
150 4
139 4
154 4
142 4
177 4
165 4
180 4
169 4
184 4
172 4
163 4
178 4
166 4
170 4
209 4
197 4
201 4
195 4
210 4
198 4
202 4
225 4
240 4
228 4
232 4
226 4
277 4
281 4
269 4
275 4
263 4
278 4
267 4
282 4
270 4
305 4
293 4
308 4
297 4
312 4
300 4
291 4
306 4
294 4
298 4
337 4
325 4
329 4
323 4
338 4
326 4
330 4
353 4
368 4
356 4
360 4
354 4
389 4
404 4
393 4
408 4
396 4
402 4
390 4
394 4
417 4
432 4
420 4
424 4
418 4
464 4
452 4
456 4
450 4
480 4
31 5
61 5
55 5
59 5
47 5
62 5
93 5
87 5
91 5
79 5
117 5
121 5
109 5
124 5
115 5
103 5
118 5
107 5
122 5
110 5
157 5
151 5
155 5
143 5
158 5
181 5
185 5
173 5
188 5
179 5
167 5
182 5
171 5
186 5
174 5
213 5
217 5
205 5
211 5
199 5
214 5
203 5
218 5
206 5
241 5
229 5
244 5
233 5
248 5
236 5
227 5
242 5
230 5
234 5
285 5
279 5
283 5
271 5
286 5
309 5
313 5
301 5
316 5
307 5
295 5
310 5
299 5
314 5
302 5
341 5
345 5
333 5
339 5
327 5
342 5
331 5
346 5
334 5
369 5
357 5
372 5
361 5
376 5
364 5
355 5
370 5
358 5
362 5
405 5
409 5
397 5
412 5
403 5
391 5
406 5
395 5
410 5
398 5
433 5
421 5
436 5
425 5
440 5
428 5
419 5
434 5
422 5
426 5
465 5
453 5
468 5
457 5
472 5
460 5
451 5
466 5
454 5
458 5
481 5
496 5
484 5
488 5
482 5
63 6
95 6
125 6
119 6
123 6
111 6
126 6
159 6
189 6
183 6
187 6
175 6
190 6
221 6
215 6
219 6
207 6
222 6
245 6
249 6
237 6
252 6
243 6
231 6
246 6
235 6
250 6
238 6
287 6
317 6
311 6
315 6
303 6
318 6
349 6
343 6
347 6
335 6
350 6
373 6
377 6
365 6
380 6
371 6
359 6
374 6
363 6
378 6
366 6
413 6
407 6
411 6
399 6
414 6
437 6
441 6
429 6
444 6
435 6
423 6
438 6
427 6
442 6
430 6
469 6
473 6
461 6
476 6
467 6
455 6
470 6
459 6
474 6
462 6
497 6
485 6
500 6
489 6
504 6
492 6
483 6
498 6
486 6
490 6
127 7
191 7
223 7
253 7
247 7
251 7
239 7
254 7
319 7
351 7
381 7
375 7
379 7
367 7
382 7
415 7
445 7
439 7
443 7
431 7
446 7
477 7
471 7
475 7
463 7
478 7
501 7
505 7
493 7
508 7
499 7
487 7
502 7
491 7
506 7
494 7
255 8
383 8
447 8
479 8
509 8
503 8
507 8
495 8
510 8
511 9
