469 11134694553407978307 1 6
4 2 8 0 7 6 

500 5010507814890445927 1 6
4 7 6 2 8 5 

476 28599381101347694 1 6
4 2 8 7 6 3 

470 9305747093680894183 1 6
4 7 6 2 8 1 

504 18149861683215583870 2 6
4 5 8 7 3 6 
4 8 5 3 7 6 

473 5818612531324344578 2 6
4 8 0 7 6 3 
8 4 0 7 6 3 

497 3676257448012290956 1 6
4 8 5 0 7 6 

467 7847925433937019788 1 6
4 8 1 0 7 6 

498 1457639728680025761 1 6
4 7 6 8 1 5 

485 16942595767225548966 1 6
0 6 7 2 5 8 

474 8857986211496651834 1 6
4 8 1 7 3 6 

455 3611085162956082445 1 6
0 6 7 2 1 8 

461 16457295498745040794 1 6
2 8 0 6 7 3 

492 1071285484515003149 2 6
2 5 8 7 3 6 
2 5 8 3 7 6 

462 2798065319488449719 2 6
2 1 8 7 3 6 
2 1 8 3 7 6 

486 12691657308364103088 2 6
6 7 2 5 1 8 
7 6 2 5 1 8 

483 7876341063794313214 2 6
0 6 7 1 5 8 
0 6 7 1 8 5 

490 17203190599255752672 4 6
1 5 8 7 3 6 
1 5 8 3 7 6 
1 8 5 7 3 6 
1 8 5 3 7 6 

489 2471687630610601131 2 6
5 8 0 6 7 3 
8 5 0 6 7 3 

459 12181330579699750363 1 6
1 8 0 6 7 3 

437 11623374169999770171 1 6
4 0 7 2 8 5 

438 5895796428731819744 2 6
4 7 2 8 5 1 
7 4 2 8 5 1 

413 3868409743698401530 1 6
4 2 8 0 7 3 

407 11785924287383530624 1 6
4 0 7 2 8 1 

444 14448074085796043849 1 6
4 3 7 2 8 5 

435 12133433902142589762 1 6
4 0 7 8 1 5 

414 14446572483984712300 1 6
4 7 3 2 8 1 

441 14448074085796043849 1 6
4 8 5 0 3 7 

429 8340812443974365221 2 6
0 7 3 2 5 8 
2 5 8 0 7 3 

442 962254076882589203 2 6
4 3 7 8 5 1 
4 7 3 5 8 1 

411 18233285490679986102 1 6
4 8 1 0 7 3 

423 17229906186173646282 1 6
0 7 2 5 1 8 

399 12367168274178937983 1 6
0 7 3 2 1 8 

430 2924807148907009001 2 6
3 7 2 5 1 8 
7 3 2 5 1 8 

349 9737486676785961989 1 6
4 2 8 0 6 3 

427 13762845356363866312 2 6
0 7 3 1 5 8 
0 7 3 1 8 5 

373 5239097783899393412 1 6
4 0 6 2 5 8 

343 13829114598891912867 1 6
4 0 6 2 8 1 

380 2819862174829234984 1 6
4 3 6 2 5 8 

374 11911155381082430418 2 6
4 6 2 5 1 8 
6 4 2 5 1 8 

350 15535565024591904039 1 6
4 6 3 2 1 8 

377 856843983006433568 1 6
4 5 8 0 3 6 

347 6914613187201089314 1 6
4 8 1 0 6 3 

371 6706955851965203957 1 6
4 0 6 8 1 5 

365 1585009362706468598 1 6
0 6 3 2 5 8 

378 1457639728680025761 1 6
4 3 6 5 1 8 

359 5527464060546967728 1 6
0 6 2 5 1 8 

366 12691657308364103088 2 6
3 6 2 5 1 8 
6 3 2 5 1 8 

335 18205884879221202723 1 6
0 6 3 2 1 8 

317 3868409743698401530 1 6
4 0 3 2 5 8 

363 15371896830420720318 2 6
0 6 3 1 5 8 
0 6 3 1 8 5 

311 9072550022574699215 1 6
0 4 2 5 8 1 

318 8656299530890511447 2 6
3 4 2 5 1 8 
4 3 2 5 1 8 

287 16331742439293508491 1 6
4 0 3 2 8 1 

245 4096307181063045945 1 6
4 2 5 0 6 7 

315 14951352770038890018 1 6
4 0 3 5 8 1 

303 14722798872278449159 1 6
0 3 2 5 1 8 

221 11519914278344757527 1 6
2 4 0 6 7 3 

215 5049866644617212445 1 6
4 2 1 0 6 7 

252 747224770234815852 1 6
4 2 5 3 6 7 

222 9832441376617813178 1 6
4 2 1 6 3 7 

243 12726749852853176736 1 6
4 1 5 0 6 7 

246 10645042078215881360 1 6
4 6 7 2 5 1 

249 5186141439474573988 2 6
4 5 0 3 6 7 
5 4 0 3 6 7 

219 2080349209910377114 1 6
1 4 0 6 7 3 

237 12593649856605652134 1 6
2 5 0 6 7 3 

250 8857986211496651834 1 6
4 5 1 3 7 6 

231 11156550495533244453 1 6
0 6 7 2 5 1 

238 10174519727882284827 2 6
2 5 1 3 7 6 
2 5 1 7 3 6 

207 511604966368484623 1 6
2 1 0 6 7 3 

189 11623374169999770171 1 6
4 2 5 0 3 7 

159 15054904275061280880 1 6
4 2 1 0 7 3 

183 11054584524840283727 1 6
4 0 7 2 5 1 

235 12181330579699750363 1 6
1 5 0 6 7 3 

190 13210856248845184021 1 6
4 3 7 2 5 1 

175 9676485724220472368 1 6
0 7 3 2 5 1 

187 2069197396077844676 1 6
4 5 1 0 3 7 

125 4563225160936645600 1 6
4 2 5 0 3 6 

263 2295485296142731962 1 4
0 2 1 8 

197 12491156454245015315 1 4
2 0 6 7 

454 12875767355770001728 2 5
6 7 2 1 8 
7 6 2 1 8 

195 12877414552330124992 1 4
1 0 6 7 

452 15896268698264125057 2 4
2 8 7 6 
2 8 6 7 

149 14360904535643422207 1 4
2 4 0 7 

406 16533786267600328685 2 5
4 7 2 8 1 
7 4 2 8 1 

147 13843827569662726854 1 4
1 4 0 7 

404 15804328657059468321 2 4
4 7 2 8 
7 4 2 8 

177 13312223719028599295 2 4
4 5 0 7 
5 4 0 7 

434 202164546014951095 2 5
4 7 8 1 5 
7 4 8 1 5 

165 13461187978258175434 2 4
0 7 2 5 
2 5 0 7 

389 13796289709583244209 1 4
0 7 2 8 

135 3502378822081221425 1 4
0 7 2 1 

141 529838076471764616 1 4
2 0 7 3 

398 14734177543061079510 2 5
3 7 2 1 8 
7 3 2 1 8 

417 8950438065344213768 2 4
0 7 5 8 
0 7 8 5 

163 10077064634646341832 1 4
0 7 1 5 

116 10802396514267938305 2 4
4 6 2 5 
6 4 2 5 

139 11120867760865336575 1 4
1 0 7 3 

396 7150496180077738619 2 4
2 8 7 3 
2 8 3 7 

212 3604963490995638787 1 4
2 4 6 7 

85 10511875851878532914 1 4
2 4 0 6 

342 16874555689815055428 2 5
4 6 2 1 8 
6 4 2 1 8 

92 7004702972961935419 1 4
2 4 6 3 

340 11990769028644529110 2 4
4 6 2 8 
6 4 2 8 

83 15433513365289842631 1 4
1 4 0 6 

86 5103028774257405434 2 4
4 6 2 1 
6 4 2 1 

240 10601132076907988804 2 4
4 5 7 6 
5 4 7 6 

113 7627879991285580330 2 4
4 5 0 6 
5 4 0 6 

370 6981243507158514998 4 5
4 6 1 5 8 
4 6 1 8 5 
6 4 1 5 8 
6 4 1 8 5 

368 3364750820705448782 4 4
4 6 5 8 
4 6 8 5 
6 4 5 8 
6 4 8 5 

111 879246224450541261 1 6
0 6 3 2 5 1 

114 4954404154166394402 2 4
4 6 1 5 
6 4 1 5 

120 1324427476534020738 2 4
4 5 3 6 
5 4 3 6 

312 1677071180347565230 2 4
3 4 5 8 
4 3 5 8 

55 11546875217288139887 1 5
0 4 2 5 1 

58 3404538831293044976 2 4
3 4 5 1 
4 3 5 1 

282 16747473210904696846 2 4
3 4 1 8 
4 3 1 8 

28 2512533711646785065 2 3
2 3 4 
2 4 3 

285 7101634434729969935 2 5
4 2 8 0 3 
4 0 3 2 8 

387 10077064634646341832 1 4
0 7 1 8 

133 6486448604913209494 1 3
2 0 7 

74 8335437956881997194 2 3
1 3 6 
1 6 3 

331 1286969856375181252 1 5
1 8 0 6 3 

269 15406660600063173003 2 4
0 3 2 8 
2 8 0 3 

142 8628461815885108889 2 4
2 1 3 7 
2 1 7 3 

15 12296713371021017618 1 4
0 3 2 1 

131 641694581309944037 1 3
1 0 7 

112 6906529405458791006 6 3
4 5 6 
4 6 5 
5 4 6 
5 6 4 
6 5 4 
6 4 5 

369 2230367293743589585 1 5
4 0 6 8 5 

180 13312223719028599295 2 4
4 7 2 5 
7 4 2 5 

53 14360904535643422207 1 4
0 4 2 5 

332 15896268698264125057 2 4
2 8 6 3 
2 8 3 6 

75 7439433940821965670 1 4
1 0 6 3 

78 7738236089724011586 2 4
2 1 3 6 
2 1 6 3 

394 2540898276100957437 2 4
1 8 7 3 
1 8 3 7 

267 1666437849499697734 1 4
0 3 1 8 

13 11149028268085365730 1 3
2 0 3 

140 12585292063867719537 2 3
2 3 7 
2 7 3 

397 6610907291125018627 1 5
2 8 0 7 3 

277 4584585979680141891 1 4
0 4 2 8 

150 12620250775467785787 2 4
4 7 2 1 
7 4 2 1 

23 4059866399729031459 1 4
0 4 2 1 

280 754205998099296360 6 3
3 4 8 
3 8 4 
4 3 8 
4 8 3 
8 4 3 
8 3 4 

402 3404538831293044976 2 4
4 7 8 1 
7 4 8 1 

275 1045816019730941585 1 4
0 4 8 1 

21 980584032734512894 2 3
0 2 4 
2 0 4 

148 10706753935364593016 2 3
2 4 7 
2 7 4 

405 13364603189197731809 1 5
4 0 7 2 8 

284 6454475818174722824 2 4
3 4 2 8 
4 3 2 8 

27 8515183868036818149 1 4
1 4 0 3 

30 5229035336160563483 2 4
3 4 2 1 
4 3 2 1 

3 6749820438703356068 1 2
0 1 

259 2150741435829383373 1 3
0 1 8 

5 17087753756477223945 2 2
0 2 
2 0 

323 11301170689686187335 1 4
0 6 1 8 

196 7698985776645440831 2 3
2 6 7 
2 7 6 

453 806491426670361942 1 5
2 8 0 6 7 

69 5716569260272480414 1 3
2 0 6 

138 18174914236395934960 2 3
1 3 7 
1 7 3 

395 10699160655180485614 1 5
1 8 0 7 3 

11 12118398178183663465 1 3
1 0 3 

291 10600252980852207555 2 4
0 1 5 8 
0 1 8 5 

37 6486448604913209494 1 3
0 2 5 

330 14420931636045211723 2 4
1 8 6 3 
1 8 3 6 

76 7698985776645440831 2 3
2 3 6 
2 6 3 

333 10615815066100640570 1 5
2 8 0 6 3 

67 7457094549238957551 1 3
1 0 6 

194 8335437956881997194 2 3
1 6 7 
1 7 6 

451 44869883792419155 1 5
1 8 0 6 7 

338 4954404154166394402 2 4
4 6 1 8 
6 4 1 8 

84 18054779487213094827 2 3
2 4 6 
2 6 4 

341 11657477119684058396 1 5
4 0 6 2 8 

261 11149028268085365730 1 3
0 2 8 

7 3651023257298756108 1 3
0 2 1 

289 12585292063867719537 2 3
0 5 8 
0 8 5 

35 2150741435829383373 1 3
0 1 5 

56 2728381371886174304 6 3
3 4 5 
3 5 4 
4 3 5 
4 5 3 
5 4 3 
5 3 4 

313 6399919801106672932 1 5
4 0 3 5 8 

176 754205998099296360 6 3
4 5 7 
4 7 5 
5 4 7 
5 7 4 
7 5 4 
7 4 5 

433 14686111556629978587 1 5
4 0 7 8 5 

49 10706753935364593016 2 3
0 4 5 
0 5 4 

108 6360605120071040097 2 4
2 5 3 6 
2 5 6 3 

26 1511571436509274567 2 3
1 3 4 
1 4 3 

283 9498607304868230771 1 5
4 0 3 8 1 

82 10783212237549073385 2 3
1 4 6 
1 6 4 

339 11454777362279160463 1 5
4 0 6 8 1 

336 6906529405458791006 6 3
4 6 8 
4 8 6 
6 4 8 
6 8 4 
8 6 4 
8 4 6 

79 15126003297435793123 1 5
2 1 0 6 3 

146 1511571436509274567 2 3
1 4 7 
1 7 4 

403 6252359807756743068 1 5
4 0 7 8 1 

19 8205769522802999354 1 3
0 1 4 

273 2512533711646785065 2 3
0 4 8 
0 8 4 

400 2728381371886174304 6 3
4 7 8 
4 8 7 
7 4 8 
7 8 4 
8 7 4 
8 4 7 

143 2429174555539966355 1 5
2 1 0 7 3 

424 13150025586414177241 8 4
3 7 5 8 
3 7 8 5 
5 8 7 3 
5 8 3 7 
7 3 5 8 
7 3 8 5 
8 5 7 3 
8 5 3 7 

167 14858436639578281957 1 5
0 7 2 5 1 

297 7150496180077738619 2 4
0 3 5 8 
0 3 8 5 

170 2540898276100957437 2 4
1 5 3 7 
1 5 7 3 

43 1666437849499697734 1 4
0 3 1 5 

172 8950438065344213768 2 4
2 5 3 7 
2 5 7 3 

45 13796289709583244209 1 4
2 5 0 3 

293 529838076471764616 1 4
0 2 5 8 

39 1875988289031855973 1 4
0 2 5 1 

408 1677071180347565230 2 4
4 8 7 3 
8 4 7 3 

151 16966910765379646212 1 5
4 0 7 2 1 

281 6454475818174722824 2 4
4 8 0 3 
8 4 0 3 

154 3970828915642962000 2 4
1 4 3 7 
1 4 7 3 

432 1677071180347565230 2 4
4 7 8 5 
7 4 8 5 

305 11025324576651510866 1 4
0 4 8 5 

178 16747473210904696846 2 4
4 7 1 5 
7 4 1 5 

51 15681422319526419385 1 4
0 4 1 5 

184 1677071180347565230 2 4
4 5 3 7 
5 4 3 7 

57 15804328657059468321 2 4
4 5 0 3 
5 4 0 3 

314 202164546014951095 2 5
3 4 5 1 8 
4 3 5 1 8 

60 11761636407375004198 2 4
3 4 2 5 
4 3 2 5 

156 11025324576651510866 1 4
2 4 3 7 

29 4584585979680141891 1 4
2 4 0 3 

286 17456468401906468350 2 5
3 4 2 1 8 
4 3 2 1 8 

360 7556829846088060811 4 4
5 8 6 3 
5 8 3 6 
8 5 6 3 
8 5 3 6 

103 14276926758761291220 1 5
0 6 2 5 1 

106 14420931636045211723 2 4
1 5 3 6 
1 5 6 3 

202 15293407023470009703 2 4
1 3 7 6 
1 7 3 6 

353 11432557635371621338 2 4
0 6 5 8 
0 6 8 5 

226 14420931636045211723 2 4
1 5 6 7 
1 5 7 6 

99 11301170689686187335 1 4
0 6 1 5 

204 2506011958774662217 2 4
2 3 7 6 
2 7 3 6 

77 14611199869741869911 1 4
2 0 6 3 

334 12875767355770001728 2 5
3 6 2 1 8 
6 3 2 1 8 

325 4583129558019337484 1 4
0 6 2 8 

198 7738236089724011586 2 4
2 1 6 7 
2 1 7 6 

71 6166274038399207827 1 4
0 6 2 1 

228 6360605120071040097 2 4
2 5 6 7 
2 5 7 6 

101 17084916642812520607 1 4
0 6 2 5 

344 10601132076907988804 2 4
4 8 3 6 
8 4 3 6 

87 441597459726689581 1 5
4 0 6 2 1 

90 6478491018694060941 1 4
1 4 3 6 

337 12907502260509506582 2 4
4 8 0 6 
8 4 0 6 

210 6478491018694060941 1 4
1 4 7 6 

450 14420931636045211723 2 4
1 8 7 6 
1 8 6 7 

401 11761636407375004198 2 4
4 8 0 7 
8 4 0 7 

480 7556829846088060811 4 4
5 8 7 6 
5 8 6 7 
8 5 7 6 
8 5 6 7 

464 1324427476534020738 2 4
4 8 7 6 
8 4 7 6 

31 5586665205442026042 1 5
4 2 1 0 3 

47 5703564076294737944 1 5
0 3 2 5 1 

59 1115090783582474097 1 5
4 0 3 5 1 

316 14463169972624562395 2 5
3 4 2 5 8 
4 3 2 5 8 

62 7534896343630767089 2 5
3 4 2 5 1 
4 3 2 5 1 

107 1286969856375181252 1 5
1 5 0 6 3 

364 392989038128438156 2 5
3 6 2 5 8 
6 3 2 5 8 

61 13364603189197731809 1 5
4 2 5 0 3 

110 16601940985785082086 2 5
3 6 2 5 1 
6 3 2 5 1 

109 9106587055924941507 1 5
2 5 0 6 3 

91 17431669569471716808 1 5
1 4 0 6 3 

348 13305149213252506437 1 5
4 2 8 6 3 

122 15373242851355587495 1 5
4 5 1 3 6 

94 15378169283681361678 1 5
4 2 1 6 3 

115 10834996022351929231 1 5
4 0 6 1 5 

372 13594135148014827320 2 5
4 6 2 5 8 
6 4 2 5 8 

121 18393396471712058470 2 5
4 5 0 3 6 
5 4 0 3 6 

118 4141684947971485415 2 5
4 6 2 5 1 
6 4 2 5 1 

124 14335385638262604182 1 5
4 2 5 3 6 

117 12636278000980625203 1 5
4 0 6 2 5 

93 8966398515423052815 1 5
2 4 0 6 3 

171 10699160655180485614 1 5
1 5 0 7 3 

428 17443941716167504307 2 5
3 7 2 5 8 
7 3 2 5 8 

174 18033857904499786980 2 5
3 7 2 5 1 
7 3 2 5 1 

173 2544471438310254489 1 5
2 5 0 7 3 

186 12189533223391111543 1 5
4 5 1 3 7 

155 14189640882978651093 1 5
1 4 0 7 3 

412 6399919801106672932 1 5
4 2 8 7 3 

185 17583430961032749130 2 5
4 5 0 3 7 
5 4 0 3 7 

179 12139144145993268694 1 5
4 0 7 1 5 

436 17583430961032749130 2 5
4 7 2 8 5 
7 4 2 8 5 

158 1037879764733710685 1 5
4 2 1 3 7 

182 15844832318260519770 2 5
4 7 2 5 1 
7 4 2 5 1 

157 11781286084244796545 1 5
2 4 0 7 3 

188 14686111556629978587 1 5
4 2 5 3 7 

203 6334759800032914821 1 5
1 0 6 7 3 

460 7198735148424648000 2 5
2 8 7 3 6 
2 8 3 7 6 

234 4553408702970376039 2 5
1 5 3 7 6 
1 5 7 3 6 

181 12690033318652965665 2 5
4 2 5 0 7 
4 0 7 2 5 

227 44869883792419155 1 5
1 5 0 6 7 

484 392989038128438156 2 5
6 7 2 5 8 
7 6 2 5 8 

230 16601940985785082086 2 5
6 7 2 5 1 
7 6 2 5 1 

236 16334031723583977530 2 5
2 5 3 7 6 
2 5 7 3 6 

206 9366363273342775377 2 5
2 1 3 7 6 
2 1 7 3 6 

205 8513002820088761228 1 5
2 0 6 7 3 

199 1069643982395673420 1 5
2 1 0 6 7 

229 17610924620197365280 1 5
2 5 0 6 7 

218 13912892525249286530 2 5
1 4 3 7 6 
1 4 7 3 6 

242 5580179561462422948 1 5
4 1 5 7 6 

211 15245557556478256950 1 5
1 4 0 6 7 

468 14487101468001313312 1 5
4 2 8 7 6 

248 4323769937847979480 2 5
4 5 3 7 6 
5 4 3 7 6 

214 3649671416539271709 1 5
4 2 1 6 7 

241 14324147780988298368 2 5
4 5 0 6 7 
5 4 0 6 7 

220 17789258283438766508 1 5
2 4 6 3 7 

213 5351010725821939208 1 5
2 4 0 6 7 

244 3052808397193190825 1 5
4 2 5 6 7 

295 17693592925461233102 1 5
0 2 5 1 8 

271 27770994327333137 1 5
0 3 2 1 8 

299 1395085817405049010 2 5
0 3 1 5 8 
0 3 1 8 5 

301 6610907291125018627 1 5
0 3 2 5 8 

307 6238212346453016624 1 5
0 4 8 1 5 

309 11781286084244796545 1 5
0 4 2 5 8 

279 1218861324718840806 1 5
0 4 2 8 1 

362 4210119846411510150 4 5
3 6 1 5 8 
3 6 1 8 5 
6 3 1 5 8 
6 3 1 8 5 

355 1944416317698809834 2 5
0 6 1 5 8 
0 6 1 8 5 

361 1560002834111704541 2 5
5 8 0 6 3 
8 5 0 6 3 

327 15650183540945325316 1 5
0 6 2 1 8 

357 11470893143994902956 1 5
0 6 2 5 8 

346 5580179561462422948 1 5
4 1 8 3 6 

376 12945076698413370687 1 5
4 5 8 3 6 

119 4489584012473831806 1 6
4 0 6 2 5 1 

345 14944798473946623123 2 5
4 8 0 6 3 
8 4 0 6 3 

426 10113080899447649697 4 5
3 7 1 5 8 
3 7 1 8 5 
7 3 1 5 8 
7 3 1 8 5 

419 15297147914442217272 2 5
0 7 1 5 8 
0 7 1 8 5 

425 17443941716167504307 2 5
5 8 0 7 3 
8 5 0 7 3 

391 2587705567745930065 1 5
0 7 2 1 8 

421 2544471438310254489 1 5
0 7 2 5 8 

410 12189533223391111543 1 5
4 8 1 7 3 

440 2116756502251157976 4 5
4 3 7 8 5 
4 5 8 7 3 
4 7 3 5 8 
4 8 5 3 7 

409 14463169972624562395 2 5
4 8 0 7 3 
8 4 0 7 3 

458 4553408702970376039 2 5
1 8 7 3 6 
1 8 3 7 6 

488 143871076794329895 4 5
5 8 7 3 6 
5 8 3 7 6 
8 5 7 3 6 
8 5 3 7 6 

481 13318080531566759780 2 5
5 8 0 6 7 
8 5 0 6 7 

482 4210119846411510150 4 5
6 7 1 5 8 
6 7 1 8 5 
7 6 1 5 8 
7 6 1 8 5 

466 15373242851355587495 1 5
4 8 1 7 6 

472 4323769937847979480 2 5
4 8 7 3 6 
8 4 7 3 6 

496 12945076698413370687 1 5
4 8 5 7 6 

465 4976883979189186308 2 5
4 8 0 7 6 
8 4 0 7 6 

63 17465496904846537408 1 6
4 0 3 2 5 1 

126 7357892441343329101 1 6
4 3 6 2 5 1 

123 15771502131586154958 1 6
4 5 1 0 3 6 

95 5709768154461388819 1 6
4 2 1 0 6 3 

