bhabha2npb[0,0,0,0,0,0,0,0,0]*(-a7-a4+d-2*a6-a3-a0)
bhabha2npb[1,0,0,0,0,0,-1,0,0]*(-a0)
bhabha2npb[1,0,0,0,0,0,0,0,0]*(-4*a0)
bhabha2npb[0,0,0,0,0,0,0,1,0]*(a7)
bhabha2npb[0,0,0,1,0,0,-1,0,0]*(-a3)
bhabha2npb[0,0,0,1,0,0,0,0,0]*(a3)
bhabha2npb[0,-1,0,0,1,0,0,0,0]*(a4)
bhabha2npb[0,0,0,0,0,0,-1,1,0]*(-a7)
bhabha2npb[0,0,0,0,1,0,-1,0,0]*(-a4)
bhabha2npb[0,0,0,0,1,0,0,0,0]*(a4+a4*eta)

bhabha2npb[0,0,0,0,0,0,0,0,0]*(-a4+d-2*a1-a8-a5-a2)
bhabha2npb[0,1,0,0,0,0,0,0,0]*(-2*a1-2*a1*eta)
bhabha2npb[0,-1,1,0,0,0,0,0,0]*(-a2)
bhabha2npb[0,0,0,0,0,0,0,0,1]*(-a8*eta)
bhabha2npb[0,0,1,0,0,0,0,0,0]*(-a2*eta-5*a2)
bhabha2npb[0,-1,0,0,1,0,0,0,0]*(-a4)
bhabha2npb[0,-1,0,0,0,0,0,0,1]*(-a8)
bhabha2npb[0,0,0,0,1,0,-1,0,0]*(a4)
bhabha2npb[0,0,0,0,1,0,0,0,0]*(-a4-a4*eta)
bhabha2npb[0,-1,0,0,0,1,0,0,0]*(-a5)
bhabha2npb[0,0,0,0,0,1,0,0,0]*(-a5*eta)

bhabha2npb[0,0,0,0,0,0,0,0,0]*(a3-a0)
bhabha2npb[1,0,0,-1,0,0,0,0,0]*(a0)
bhabha2npb[1,0,0,0,0,0,0,0,0]*(-2*a0)
bhabha2npb[-1,0,0,1,0,0,0,0,0]*(-a3)
bhabha2npb[0,0,0,0,0,0,0,1,0]*(-11*a7)
bhabha2npb[-1,0,0,0,1,0,0,0,0]*(-a4)
bhabha2npb[0,0,-1,0,1,0,0,0,0]*(-a4)
bhabha2npb[0,0,0,-1,1,0,0,0,0]*(a4)
bhabha2npb[0,0,0,0,1,0,0,0,-1]*(a4)
bhabha2npb[0,0,0,0,1,0,0,0,0]*(-10*a4)
bhabha2npb[-1,0,0,0,0,0,1,0,0]*(-a6)
bhabha2npb[0,0,0,-1,0,0,1,0,0]*(a6)
bhabha2npb[0,0,0,0,0,0,1,0,0]*(-5*a6)
bhabha2npb[-1,0,0,0,0,0,0,1,0]*(-a7)
bhabha2npb[0,0,0,-1,0,0,0,1,0]*(a7)

bhabha2npb[0,1,-1,0,0,0,0,0,0]*(-a1)
bhabha2npb[0,1,0,0,0,0,0,0,-1]*(a1)
bhabha2npb[0,1,0,0,0,0,0,0,0]*(-5*a1)
bhabha2npb[0,0,0,0,0,0,0,0,0]*(a8-a2)
bhabha2npb[0,0,1,0,0,0,0,0,-1]*(a2)
bhabha2npb[0,0,1,0,0,0,0,0,0]*(-2*a2)
bhabha2npb[-1,0,0,0,1,0,0,0,0]*(-a4)
bhabha2npb[0,0,-1,0,1,0,0,0,0]*(-a4)
bhabha2npb[0,0,0,-1,1,0,0,0,0]*(a4)
bhabha2npb[0,0,0,0,1,0,0,0,-1]*(a4)
bhabha2npb[0,0,0,0,1,0,0,0,0]*(-10*a4)
bhabha2npb[0,0,-1,0,0,1,0,0,0]*(-a5)
bhabha2npb[0,0,0,0,0,1,0,0,-1]*(a5)
bhabha2npb[0,0,0,0,0,1,0,0,0]*(-11*a5)
bhabha2npb[0,0,-1,0,0,0,0,0,1]*(-a8)

bhabha2npb[1,0,0,-1,0,0,0,0,0]*(-a0)
bhabha2npb[1,0,0,0,0,0,-1,0,0]*(a0)
bhabha2npb[1,0,0,0,0,0,0,0,0]*(4*a0)
bhabha2npb[0,0,0,0,0,0,0,0,0]*(a6-a3)
bhabha2npb[0,0,0,1,0,0,-1,0,0]*(a3)
bhabha2npb[0,0,0,1,0,0,0,0,0]*(-a3)
bhabha2npb[0,-1,0,0,1,0,0,0,0]*(a4)
bhabha2npb[0,0,0,-1,1,0,0,0,0]*(-a4)
bhabha2npb[0,0,0,0,1,0,-1,0,0]*(a4)
bhabha2npb[0,0,0,0,1,0,0,0,-1]*(-a4)
bhabha2npb[0,0,0,0,1,0,0,0,0]*(3*a4+a4*eta)
bhabha2npb[0,0,0,-1,0,0,1,0,0]*(-a6)
bhabha2npb[0,0,0,0,0,0,0,1,0]*(4*a7)
bhabha2npb[0,0,0,0,0,0,1,0,0]*(a6)
bhabha2npb[0,0,0,-1,0,0,0,1,0]*(-a7)
bhabha2npb[0,0,0,0,0,0,-1,1,0]*(a7)

bhabha2npb[0,0,0,0,0,0,0,0,0]*(a1-a8)
bhabha2npb[0,1,0,0,0,0,0,0,-1]*(-a1)
bhabha2npb[0,1,0,0,0,0,0,0,0]*(2*a1+a1*eta)
bhabha2npb[0,-1,1,0,0,0,0,0,0]*(a2)
bhabha2npb[0,0,1,0,0,0,0,0,-1]*(-a2)
bhabha2npb[0,0,1,0,0,0,0,0,0]*(a2*eta+5*a2)
bhabha2npb[0,-1,0,0,1,0,0,0,0]*(a4)
bhabha2npb[0,0,0,-1,1,0,0,0,0]*(-a4)
bhabha2npb[0,0,0,0,1,0,-1,0,0]*(a4)
bhabha2npb[0,0,0,0,1,0,0,0,-1]*(-a4)
bhabha2npb[0,0,0,0,1,0,0,0,0]*(3*a4+a4*eta)
bhabha2npb[0,-1,0,0,0,1,0,0,0]*(a5)
bhabha2npb[0,0,0,0,0,1,0,0,-1]*(-a5)
bhabha2npb[0,0,0,0,0,1,0,0,0]*(a5*eta+5*a5)
bhabha2npb[0,-1,0,0,0,0,0,0,1]*(a8)
bhabha2npb[0,0,0,0,0,0,0,0,1]*(a8*eta)

bhabha2npb[1,0,0,0,0,0,-1,0,0]*(a0)
bhabha2npb[1,0,0,0,0,0,0,-1,0]*(-a0)
bhabha2npb[1,0,0,0,0,0,0,0,0]*(-2*a0)
bhabha2npb[0,0,0,1,0,0,-1,0,0]*(a3)
bhabha2npb[0,0,0,1,0,0,0,-1,0]*(-a3)
bhabha2npb[0,0,0,1,0,0,0,0,0]*(4*a3)
bhabha2npb[0,-1,0,0,1,0,0,0,0]*(a4)
bhabha2npb[0,0,0,0,1,-1,0,0,0]*(-a4)
bhabha2npb[0,0,0,0,1,0,-1,0,0]*(a4)
bhabha2npb[0,0,0,0,1,0,0,-1,0]*(-a4)
bhabha2npb[0,0,0,0,1,0,0,0,0]*(3*a4+a4*eta)
bhabha2npb[0,0,0,0,0,0,0,0,0]*(-a7+a6)
bhabha2npb[0,0,0,0,0,0,1,-1,0]*(-a6)
bhabha2npb[0,0,0,0,0,0,1,0,0]*(a6)
bhabha2npb[0,0,0,0,0,0,-1,1,0]*(a7)
bhabha2npb[0,0,0,0,0,0,0,1,0]*(-a7)

bhabha2npb[0,0,0,0,0,0,0,0,0]*(a1-a5)
bhabha2npb[0,1,0,0,0,-1,0,0,0]*(-a1)
bhabha2npb[0,1,0,0,0,0,0,0,0]*(2*a1+a1*eta)
bhabha2npb[0,-1,1,0,0,0,0,0,0]*(a2)
bhabha2npb[0,0,1,0,0,-1,0,0,0]*(-a2)
bhabha2npb[0,0,1,0,0,0,0,0,0]*(a2*eta-a2)
bhabha2npb[0,-1,0,0,1,0,0,0,0]*(a4)
bhabha2npb[0,0,0,0,1,-1,0,0,0]*(-a4)
bhabha2npb[0,0,0,0,1,0,-1,0,0]*(a4)
bhabha2npb[0,0,0,0,1,0,0,-1,0]*(-a4)
bhabha2npb[0,0,0,0,1,0,0,0,0]*(3*a4+a4*eta)
bhabha2npb[0,-1,0,0,0,1,0,0,0]*(a5)
bhabha2npb[0,0,0,0,0,0,0,0,1]*(5*a8+a8*eta)
bhabha2npb[0,0,0,0,0,1,0,0,0]*(a5*eta)
bhabha2npb[0,-1,0,0,0,0,0,0,1]*(a8)
bhabha2npb[0,0,0,0,0,-1,0,0,1]*(-a8)

bhabha2npb[0,0,0,0,0,0,0,0,0]*(-a4+a1)
bhabha2npb[0,1,0,0,-1,0,0,0,0]*(-a1)
bhabha2npb[0,1,0,0,0,0,-1,0,0]*(a1)
bhabha2npb[0,1,0,0,0,0,0,0,0]*(a1+a1*eta)
bhabha2npb[-1,0,1,0,0,0,0,0,0]*(-a2)
bhabha2npb[0,-1,1,0,0,0,0,0,0]*(a2)
bhabha2npb[0,0,1,0,-1,0,0,0,0]*(-a2)
bhabha2npb[0,0,1,0,0,0,-1,0,0]*(2*a2)
bhabha2npb[0,0,1,0,0,0,0,0,0]*(a2*eta-3*a2)
bhabha2npb[0,-1,0,0,1,0,0,0,0]*(a4)
bhabha2npb[0,0,0,0,0,0,0,0,1]*(2*a8+a8*eta)
bhabha2npb[0,0,0,0,1,0,-1,0,0]*(-a4)
bhabha2npb[0,0,0,0,1,0,0,0,0]*(a4+a4*eta)
bhabha2npb[0,-1,0,0,0,1,0,0,0]*(a5)
bhabha2npb[0,0,0,0,-1,1,0,0,0]*(-a5)
bhabha2npb[0,0,0,0,0,1,-1,0,0]*(2*a5)
bhabha2npb[0,0,0,0,0,1,0,-1,0]*(-a5)
bhabha2npb[0,0,0,0,0,1,0,0,0]*(a5*eta+2*a5)
bhabha2npb[0,-1,0,0,0,0,0,0,1]*(a8)
bhabha2npb[0,0,0,-1,0,0,0,0,1]*(-a8)
bhabha2npb[0,0,0,0,-1,0,0,0,1]*(-a8)
bhabha2npb[0,0,0,0,0,0,-1,0,1]*(2*a8)

bhabha2npb[1,-1,0,0,0,0,0,0,0]*(2*a0)
bhabha2npb[1,0,-1,0,0,0,0,0,0]*(-a0)
bhabha2npb[1,0,0,0,-1,0,0,0,0]*(-a0)
bhabha2npb[1,0,0,0,0,0,-1,0,0]*(a0)
bhabha2npb[1,0,0,0,0,0,0,0,0]*(-2*a0+2*eta*a0)
bhabha2npb[0,-1,0,1,0,0,0,0,0]*(2*a3)
bhabha2npb[0,0,0,1,-1,0,0,0,0]*(-a3)
bhabha2npb[0,0,0,1,0,0,-1,0,0]*(a3)
bhabha2npb[0,0,0,1,0,0,0,0,-1]*(-a3)
bhabha2npb[0,0,0,1,0,0,0,0,0]*(2*a3*eta+3*a3)
bhabha2npb[0,-1,0,0,1,0,0,0,0]*(-a4)
bhabha2npb[0,0,0,0,0,0,0,0,0]*(-a4+a6)
bhabha2npb[0,0,0,0,1,0,-1,0,0]*(a4)
bhabha2npb[0,0,0,0,1,0,0,0,0]*(-a4-a4*eta)
bhabha2npb[0,-1,0,0,0,0,1,0,0]*(a6)
bhabha2npb[0,0,0,0,-1,0,1,0,0]*(-a6)
bhabha2npb[0,0,0,0,0,0,0,1,0]*(3*a7+2*a7*eta)
bhabha2npb[0,0,0,0,0,0,1,0,0]*(a6*eta+a6)
bhabha2npb[0,-1,0,0,0,0,0,1,0]*(2*a7)
bhabha2npb[0,0,0,0,-1,0,0,1,0]*(-a7)
bhabha2npb[0,0,0,0,0,-1,0,1,0]*(-a7)
bhabha2npb[0,0,0,0,0,0,-1,1,0]*(a7)

