bhabha2vbox[0,0,0,0,0,0,0,0,0]*(6*a7-6*a4-6*a1+6*a5)
bhabha2vbox[0,1,0,-1,0,0,0,0,0]*(4*a1)
bhabha2vbox[0,1,0,0,0,0,0,0,0]*(-2*a1)
bhabha2vbox[0,0,0,0,0,0,0,0,1]*(3*a8)
bhabha2vbox[0,1,0,0,0,0,0,-1,0]*(2*a1)
bhabha2vbox[0,0,0,-1,0,0,0,0,1]*(-2*a8)
bhabha2vbox[-1,0,0,0,1,0,0,0,0]*(4*a4)
bhabha2vbox[0,-1,0,0,0,0,0,0,1]*(5*a8)
bhabha2vbox[0,0,0,0,0,-1,1,0,0]*(-3*a6)
bhabha2vbox[0,0,0,0,1,-1,0,0,0]*(2*a4)
bhabha2vbox[0,0,0,0,1,0,0,0,0]*(8*a4)
bhabha2vbox[-1,0,0,0,0,1,0,0,0]*(-4*a5)
bhabha2vbox[0,0,0,0,-1,1,0,0,0]*(-2*a5)
bhabha2vbox[0,0,0,0,0,1,0,0,0]*(-8*a5)
bhabha2vbox[-1,0,0,0,0,0,1,0,0]*(-2*a6)
bhabha2vbox[0,0,0,0,0,0,0,-1,1]*(-3*a8)
bhabha2vbox[0,-1,0,0,0,0,0,1,0]*(-2*a7)
bhabha2vbox[0,0,0,-1,0,0,0,1,0]*(-4*a7)
bhabha2vbox[0,0,0,0,0,0,0,1,0]*(-6*a7)
bhabha2vbox[0,0,0,0,-1,0,1,0,0]*(5*a6)
bhabha2vbox[0,0,0,0,0,0,1,0,0]*(-4*a6)

bhabha2vbox[0,0,0,0,0,0,0,0,0]*(3*a4+3*a1-3*a8-3*a6)
bhabha2vbox[0,1,0,-1,0,0,0,0,0]*(-5*a1)
bhabha2vbox[0,1,0,0,0,0,0,0,0]*(-2*a1)
bhabha2vbox[0,0,0,0,0,0,0,0,1]*(3*a8)
bhabha2vbox[0,1,0,0,0,0,0,0,-1]*(2*a1)
bhabha2vbox[0,0,0,-1,0,0,0,0,1]*(5*a8)
bhabha2vbox[-1,0,0,0,1,0,0,0,0]*(-5*a4)
bhabha2vbox[0,-1,0,0,0,0,0,0,1]*(-2*a8)
bhabha2vbox[-1,0,0,0,0,0,1,0,0]*(5*a6)
bhabha2vbox[0,0,0,0,1,0,-1,0,0]*(2*a4)
bhabha2vbox[0,0,0,0,1,0,0,0,0]*(-10*a4)
bhabha2vbox[-1,0,0,0,0,1,0,0,0]*(-11*a5)
bhabha2vbox[0,0,0,0,-1,1,0,0,0]*(5*a5)
bhabha2vbox[0,0,0,0,0,1,0,0,0]*(-22*a5)
bhabha2vbox[0,0,0,0,-1,0,1,0,0]*(-2*a6)
bhabha2vbox[0,0,0,0,0,1,-1,0,0]*(6*a5)
bhabha2vbox[0,0,0,0,0,0,1,0,0]*(10*a6)
bhabha2vbox[0,-1,0,0,0,0,0,1,0]*(5*a7)
bhabha2vbox[0,0,0,-1,0,0,0,1,0]*(-11*a7)
bhabha2vbox[0,0,0,0,0,0,0,1,0]*(-6*a7)
bhabha2vbox[0,0,0,0,0,0,0,1,-1]*(6*a7)

bhabha2vbox[0,1,0,-1,0,0,0,0,0]*(-9*a1)
bhabha2vbox[0,1,0,0,0,0,0,-1,0]*(3*a1)
bhabha2vbox[0,1,0,0,0,0,0,0,0]*(-9*a1)
bhabha2vbox[0,0,0,0,0,0,0,0,1]*(7*a8)
bhabha2vbox[0,1,0,0,0,0,0,0,-1]*(6*a1)
bhabha2vbox[0,0,0,0,0,0,0,0,0]*(5*a7-5*a8+5*a5-5*a6)
bhabha2vbox[-1,0,0,0,1,0,0,0,0]*(-9*a4)
bhabha2vbox[0,0,0,0,1,-1,0,0,0]*(3*a4)
bhabha2vbox[0,0,0,0,1,0,0,0,0]*(-18*a4)
bhabha2vbox[0,0,0,-1,0,0,0,0,1]*(7*a8)
bhabha2vbox[0,0,0,0,1,0,-1,0,0]*(6*a4)
bhabha2vbox[-1,0,0,0,0,0,1,0,0]*(7*a6)
bhabha2vbox[-1,0,0,0,0,1,0,0,0]*(-7*a5)
bhabha2vbox[0,0,0,0,0,0,1,0,0]*(14*a6)
bhabha2vbox[0,0,0,0,0,-1,1,0,0]*(-2*a6)
bhabha2vbox[0,0,0,0,0,1,-1,0,0]*(2*a5)
bhabha2vbox[0,0,0,0,0,1,0,0,0]*(-14*a5)
bhabha2vbox[0,0,0,-1,0,0,0,1,0]*(-7*a7)
bhabha2vbox[0,0,0,0,0,0,0,-1,1]*(-2*a8)
bhabha2vbox[0,0,0,0,0,0,0,1,0]*(-7*a7)
bhabha2vbox[0,0,0,0,0,0,0,1,-1]*(2*a7)

