498 3554625641990904541 1 6
4 1 5 6 8 7 

490 3554625641990904541 1 6
3 1 5 6 7 8 

504 9956044197719473304 2 6
5 6 3 4 8 7 
5 6 4 3 7 8 

486 10765101758531577568 2 6
1 5 6 2 7 8 
1 5 6 2 8 7 

483 16753870635058991637 2 6
5 6 0 1 7 8 
5 6 0 1 8 7 

497 15876388588470077126 1 6
4 0 5 6 8 7 

500 17852480585277649924 1 6
4 5 6 2 8 7 

489 15876388588470077126 1 6
3 0 5 6 7 8 

492 17852480585277649924 1 6
3 5 6 2 7 8 

485 6854192568404546313 2 6
0 5 6 2 7 8 
0 5 6 2 8 7 

474 4716246587805141293 2 6
6 7 8 4 3 1 
6 8 7 3 4 1 

467 10097818362449244981 1 6
6 8 7 4 0 1 

470 13142311590048548393 1 6
6 4 1 2 8 7 

462 13142311590048548393 1 6
6 3 1 2 7 8 

476 186292643791967561 2 6
6 3 4 2 8 7 
6 4 3 2 7 8 

459 10097818362449244981 1 6
6 7 8 3 0 1 

455 11226956148699574370 2 6
6 1 0 2 7 8 
6 1 0 2 8 7 

473 13962295257464155936 2 6
6 7 8 4 3 0 
6 8 7 3 4 0 

469 17217480295290132748 1 6
6 4 0 2 8 7 

461 17217480295290132748 1 6
6 3 0 2 7 8 

442 10959216453834946080 2 6
5 7 8 4 3 1 
5 8 7 3 4 1 

438 7405254365001363646 1 6
5 4 1 2 8 7 

435 17143080195899860323 1 6
5 8 7 4 0 1 

430 7405254365001363646 1 6
5 3 1 2 7 8 

444 11289742321978543663 2 6
5 3 4 2 8 7 
5 4 3 2 7 8 

441 13574381931966924942 2 6
5 7 8 4 3 0 
5 8 7 3 4 0 

427 17143080195899860323 1 6
5 7 8 3 0 1 

423 2829211733558962302 2 6
5 1 0 2 7 8 
5 1 0 2 8 7 

437 16291378267716182202 1 6
5 4 0 2 8 7 

429 16291378267716182202 1 6
5 3 0 2 7 8 

414 8132296289130230005 4 6
2 7 8 4 3 1 
2 7 8 3 4 1 
2 8 7 4 3 1 
2 8 7 3 4 1 

411 17069637553174468094 4 6
7 8 3 4 0 1 
7 8 4 3 0 1 
8 7 3 4 0 1 
8 7 4 3 0 1 

413 301943097614131861 4 6
2 7 8 4 3 0 
2 7 8 3 4 0 
2 8 7 4 3 0 
2 8 7 3 4 0 

407 10885905664344899935 2 6
4 0 1 2 7 8 
4 0 1 2 8 7 

399 10885905664344899935 2 6
3 0 1 2 7 8 
3 0 1 2 8 7 

374 8314295010570997826 1 6
4 1 2 8 5 6 

378 4968255297549864714 1 6
8 5 6 4 3 1 

371 17775699929088422841 1 6
8 5 6 4 0 1 

366 1592816360903501379 1 6
2 8 3 1 5 6 

363 5387579092188453638 1 6
8 5 6 3 0 1 

359 5328470361627117825 1 6
5 6 2 8 1 0 

380 13068118046783101802 1 6
2 8 5 6 4 3 

377 9951881603005846109 1 6
8 5 6 4 3 0 

373 16144798417101446875 1 6
4 0 2 8 5 6 

365 699698435218913602 1 6
3 0 2 8 5 6 

350 5464271561882034624 1 6
6 2 8 4 3 1 

347 3667105874249708139 2 6
6 8 4 3 0 1 
8 6 4 3 0 1 

343 8895195613936084015 1 6
6 2 8 4 1 0 

349 16040941696534040113 1 6
6 2 8 4 3 0 

335 17743641268190947117 1 6
6 2 8 3 1 0 

318 15694524922344074318 1 6
5 2 8 4 3 1 

315 6911345088231184474 1 6
5 8 4 3 0 1 

311 6071085675198211929 1 6
5 2 8 4 1 0 

303 166907711773930201 1 6
5 2 8 3 1 0 

317 17274751475846282125 1 6
5 2 8 4 3 0 

287 16040647987550174641 2 6
2 8 3 4 0 1 
2 8 4 3 0 1 

246 1592816360903501379 1 6
2 7 4 1 5 6 

250 4968255297549864714 1 6
7 5 6 3 4 1 

243 5387579092188453638 1 6
7 5 6 4 0 1 

238 8314295010570997826 1 6
3 1 2 7 5 6 

235 17775699929088422841 1 6
7 5 6 3 0 1 

231 5328470361627117825 1 6
5 6 2 7 1 0 

252 13068118046783101802 1 6
2 7 5 6 3 4 

249 9951881603005846109 1 6
7 5 6 3 4 0 

245 699698435218913602 1 6
4 0 2 7 5 6 

237 16144798417101446875 1 6
3 0 2 7 5 6 

222 5464271561882034624 1 6
6 2 7 3 4 1 

219 3667105874249708139 2 6
6 7 3 4 0 1 
7 6 3 4 0 1 

221 16040941696534040113 1 6
6 2 7 3 4 0 

207 8895195613936084015 1 6
6 2 7 3 1 0 

215 17743641268190947117 1 6
6 2 7 4 1 0 

190 15694524922344074318 1 6
5 2 7 3 4 1 

183 166907711773930201 1 6
5 2 7 4 1 0 

187 6911345088231184474 1 6
5 7 3 4 0 1 

189 17274751475846282125 1 6
5 2 7 3 4 0 

175 6071085675198211929 1 6
5 2 7 3 1 0 

159 16040647987550174641 2 6
2 7 3 4 0 1 
2 7 4 3 0 1 

126 14561513230986921992 2 6
2 5 6 4 3 1 
2 5 6 3 4 1 

119 16016019555669172012 1 6
2 5 6 4 1 0 

63 2947725160729183017 4 6
2 5 3 4 1 0 
2 5 4 3 1 0 
5 2 3 4 1 0 
5 2 4 3 1 0 

123 14216412435597704155 2 6
5 6 3 4 0 1 
5 6 4 3 0 1 

125 11428218334119526270 2 6
2 5 6 4 3 0 
2 5 6 3 4 0 

111 16016019555669172012 1 6
2 5 6 3 1 0 

95 8776009271554716688 2 6
2 6 3 4 1 0 
2 6 4 3 1 0 

482 967609743256294479 2 5
1 5 6 7 8 
1 5 6 8 7 

496 13419747555118098859 1 5
4 5 6 8 7 

488 13419747555118098859 1 5
3 5 6 7 8 

481 15783436654421752432 2 5
0 5 6 7 8 
0 5 6 8 7 

484 12671376597842841005 2 5
5 6 2 7 8 
5 6 2 8 7 

466 16737830334375412897 1 5
6 4 1 8 7 

454 849797404349087801 4 5
1 6 2 7 8 
1 6 2 8 7 
6 1 2 7 8 
6 1 2 8 7 

458 16737830334375412897 1 5
6 3 1 7 8 

451 15278770686099749120 2 5
6 0 1 7 8 
6 0 1 8 7 

472 2540194480647995558 2 5
6 4 3 7 8 
6 3 4 8 7 

465 2520579948319145841 1 5
6 4 0 8 7 

468 8598414665655027762 1 5
4 6 2 8 7 

460 8598414665655027762 1 5
3 6 2 7 8 

457 2520579948319145841 1 5
6 3 0 7 8 

453 3779432128603995575 2 5
0 6 2 7 8 
0 6 2 8 7 

434 5234057345307230079 1 5
5 4 1 8 7 

426 5234057345307230079 1 5
5 3 1 7 8 

440 13246665977522149970 2 5
5 4 3 7 8 
5 3 4 8 7 

422 8259646680289760488 2 5
5 1 2 7 8 
5 1 2 8 7 

419 16489616877182443480 2 5
5 0 1 7 8 
5 0 1 8 7 

436 18122282496688370219 2 5
4 5 2 8 7 
5 4 2 8 7 

433 15119436598275693948 1 5
5 4 0 8 7 

428 18122282496688370219 2 5
3 5 2 7 8 
5 3 2 7 8 

425 15119436598275693948 1 5
5 3 0 7 8 

410 8229854702790897803 4 5
7 8 4 3 1 
7 8 3 4 1 
8 7 4 3 1 
8 7 3 4 1 

421 12258520199594271454 2 5
5 0 2 7 8 
5 0 2 8 7 

406 6275489921679089238 2 5
4 1 2 7 8 
4 1 2 8 7 

403 12520116994549462416 2 5
7 8 4 0 1 
8 7 4 0 1 

412 15348477826773002354 4 5
3 4 2 7 8 
3 4 2 8 7 
4 3 2 7 8 
4 3 2 8 7 

398 6275489921679089238 2 5
3 1 2 7 8 
3 1 2 8 7 

395 12520116994549462416 2 5
7 8 3 0 1 
8 7 3 0 1 

409 5936213754961695142 4 5
7 8 4 3 0 
7 8 3 4 0 
8 7 4 3 0 
8 7 3 4 0 

391 10016935653968342777 2 5
0 1 2 7 8 
0 1 2 8 7 

397 9377190602506502064 2 5
3 0 2 7 8 
3 0 2 8 7 

405 9377190602506502064 2 5
4 0 2 7 8 
4 0 2 8 7 

370 1209380303678623036 1 5
8 4 1 5 6 

278 15406660600063173003 2 4
2 8 4 1 
4 1 2 8 

21 11443029074512963503 1 3
2 4 0 

270 15406660600063173003 2 4
2 8 3 1 
3 1 2 8 

13 11443029074512963503 1 3
2 3 0 

263 14046307860982488616 1 4
2 8 0 1 

225 14840762092332911535 1 4
0 7 5 6 

210 11699471195932271526 2 4
6 7 4 1 
7 6 4 1 

202 7280204158998552156 2 4
6 7 3 1 
7 6 3 1 

216 3855116606370171433 2 4
6 7 3 4 
7 6 3 4 

135 14046307860982488616 1 4
2 7 0 1 

392 13366814545066617902 2 3
3 7 8 
3 8 7 

114 5373860658120540068 1 4
5 6 4 1 

106 5373860658120540068 1 4
5 6 3 1 

116 13482312166786051139 2 4
2 4 5 6 
4 2 5 6 

102 1460861365064218190 1 4
2 1 5 6 

120 3080512231235116810 2 4
5 6 3 4 
5 6 4 3 

108 13482312166786051139 2 4
2 3 5 6 
3 2 5 6 

226 4416077531919838335 2 4
1 7 5 6 
7 1 5 6 

99 5087814702520057066 1 4
5 6 0 1 

356 5373860658120540068 1 4
5 6 2 8 

240 12029625934560945872 1 4
4 7 5 6 

113 12606253047415392792 1 4
5 6 4 0 

232 3407052874047130810 1 4
3 7 5 6 

105 12606253047415392792 1 4
5 6 3 0 

362 7699165727598621247 1 5
8 5 6 3 1 

228 5373860658120540068 1 4
5 6 2 7 

101 5059456219842609008 1 4
2 0 5 6 

358 13521009107723832627 1 5
1 5 6 2 8 

86 12152577045520422986 1 4
2 6 4 1 

78 12152577045520422986 1 4
2 6 3 1 

198 311993389089937251 2 4
1 6 2 7 
6 1 2 7 

71 698660022552588936 1 4
2 6 1 0 

328 3854895435528399829 2 3
3 6 8 
3 8 6 

212 6333077869789004859 1 4
4 6 2 7 

85 11457644374060251142 1 4
2 6 4 0 

342 8202407297492161261 1 5
6 4 1 2 8 

92 8599884524454295065 2 4
2 6 4 3 
2 6 3 4 

204 5069303078012082896 1 4
3 6 2 7 

77 11457644374060251142 1 4
2 6 3 0 

334 12811401127693062527 1 5
6 2 8 3 1 

54 3350840979172127825 2 4
2 5 4 1 
5 2 4 1 

58 11990823882079085441 2 4
5 3 4 1 
5 4 3 1 

46 3350840979172127825 2 4
2 5 3 1 
5 2 3 1 

293 14819730569956416679 1 4
5 0 2 8 

36 17087753756477223945 2 2
2 5 
5 2 

166 12159194040976764615 1 4
5 1 2 7 

39 12182138450436052361 2 4
2 5 1 0 
5 2 1 0 

296 17034127061060784930 2 3
3 5 8 
5 3 8 

178 10678243750605623333 1 4
5 7 4 1 

51 15305511827730428785 1 4
5 4 0 1 

308 10880432878561687756 2 4
4 5 2 8 
5 4 2 8 

60 2445175737654497631 4 4
2 5 4 3 
2 5 3 4 
5 2 4 3 
5 2 3 4 

170 14505538550821850107 1 4
5 7 3 1 

43 15305511827730428785 1 4
5 3 0 1 

300 8948165776644765121 2 4
3 5 2 8 
5 3 2 8 

180 8948165776644765121 2 4
4 5 2 7 
5 4 2 7 

53 13712300702607091450 2 4
2 5 4 0 
5 2 4 0 

310 14556229065056051670 1 5
5 2 8 4 1 

172 10880432878561687756 2 4
3 5 2 7 
5 3 2 7 

45 13712300702607091450 2 4
2 5 3 0 
5 2 3 0 

302 1956492784028963872 1 5
5 2 8 3 1 

184 16654306668473350014 1 4
5 7 3 4 

57 5485794879111572430 2 4
5 3 4 0 
5 4 3 0 

314 13302104910189367149 1 5
5 8 4 3 1 

284 11962963340393468856 2 4
2 8 4 3 
2 8 3 4 

30 11990823882079085441 2 4
2 3 4 1 
2 4 3 1 

277 17168862537966865305 1 4
4 0 2 8 

20 17087753756477223945 2 2
2 4 
4 2 

150 15406660600063173003 2 4
2 7 4 1 
4 1 2 7 

23 15305511827730428785 1 4
2 4 0 1 

156 11962963340393468856 2 4
2 7 4 3 
2 7 3 4 

29 5485794879111572430 2 4
2 3 4 0 
2 4 3 0 

286 4829484002395752990 2 5
2 8 3 4 1 
2 8 4 3 1 

269 17168862537966865305 1 4
3 0 2 8 

12 17087753756477223945 2 2
2 3 
3 2 

142 15406660600063173003 2 4
2 7 3 1 
3 1 2 7 

15 15305511827730428785 1 4
2 3 0 1 

104 12858325137428765181 1 3
3 5 6 

361 7567168478783380018 1 5
8 5 6 3 0 

84 17662388742419376403 2 3
2 4 6 
4 2 6 

341 7052172422878981769 1 5
6 4 0 2 8 

97 7845893220834310273 1 3
0 5 6 

354 4416077531919838335 2 4
1 8 5 6 
8 1 5 6 

76 17662388742419376403 2 3
2 3 6 
3 2 6 

333 1142709292018785241 1 5
6 3 0 2 8 

52 10464402029777390164 6 3
2 4 5 
2 5 4 
4 2 5 
4 5 2 
5 4 2 
5 2 4 

309 1644288487346994215 1 5
5 4 0 2 8 

56 260049142612031377 2 3
5 4 3 
5 3 4 

313 4409344180998553191 1 5
5 8 4 3 0 

165 14819730569956416679 1 4
5 0 2 7 

38 3519693191574693728 2 3
2 5 1 
5 2 1 

295 1846718153046968749 1 5
5 2 8 1 0 

292 11149028268085365730 1 3
5 2 8 

35 4713149436214745351 1 3
5 0 1 

44 10464402029777390164 6 3
2 3 5 
2 5 3 
3 2 5 
3 5 2 
5 3 2 
5 2 3 

301 16095920696840397890 1 5
5 3 0 2 8 

5 8480609940174239434 1 2
2 0 

197 15866123712808052885 1 4
0 6 2 7 

70 16258839135554755291 2 3
2 1 6 
2 6 1 

327 12247843169073671703 1 5
6 2 8 1 0 

100 12858325137428765181 1 3
2 5 6 

357 1379026815878267499 1 5
0 5 6 2 8 

209 9687730898937933797 2 4
6 7 4 0 
7 6 4 0 

336 12254329342543767602 2 3
4 6 8 
4 8 6 

79 8564795948265037074 1 5
2 6 3 1 0 

69 15211677236391378266 1 3
2 0 6 

326 311993389089937251 2 4
1 6 2 8 
6 1 2 8 

40 17087753756477223945 2 2
3 5 
5 3 

297 184571666091241576 1 4
5 8 3 0 

33 8480609940174239434 1 2
5 0 

290 10706753935364593016 2 3
5 1 8 
5 8 1 

201 8016048796266099324 2 4
6 7 3 0 
7 6 3 0 

48 17087753756477223945 2 2
4 5 
5 4 

305 14908330860088281030 1 4
5 8 4 0 

149 17168862537966865305 1 4
4 0 2 7 

276 11149028268085365730 1 3
4 2 8 

22 11149028268085365730 1 3
2 4 1 

279 11190171807247989471 1 5
2 8 4 0 1 

261 4749399184548986812 1 3
0 2 8 

7 4713149436214745351 1 3
2 0 1 

140 11149028268085365730 1 3
3 2 7 

41 11443029074512963503 1 3
5 3 0 

298 10678243750605623333 1 4
5 8 3 1 

168 9792737628942422839 2 3
3 5 7 
5 3 7 

28 260049142612031377 2 3
2 3 4 
2 4 3 

285 6060773018146293295 2 5
2 8 3 4 0 
2 8 4 3 0 

133 4749399184548986812 1 3
0 2 7 

112 12858325137428765181 1 3
4 5 6 

369 6476702708903081778 1 5
8 4 0 5 6 

148 11149028268085365730 1 3
4 2 7 

37 4482277769298427394 2 3
2 5 0 
5 2 0 

294 12159194040976764615 1 4
5 1 2 8 

164 11149028268085365730 1 3
5 2 7 

400 13366814545066617902 2 3
4 7 8 
4 8 7 

143 11190171807247989471 1 5
2 7 3 0 1 

161 5170598179322589324 1 3
5 0 7 

418 352515996741112502 2 4
5 1 7 8 
5 1 8 7 

49 11443029074512963503 1 3
5 4 0 

306 14505538550821850107 1 4
5 8 4 1 

176 17034127061060784930 2 3
4 5 7 
5 4 7 

200 12254329342543767602 2 3
3 6 7 
3 7 6 

193 16551132752359636965 2 3
0 6 7 
0 7 6 

450 2050920895343327577 4 4
1 6 7 8 
1 6 8 7 
6 1 7 8 
6 1 8 7 

208 3854895435528399829 2 3
4 6 7 
4 7 6 

385 10196430034404980860 2 3
0 7 8 
0 8 7 

141 17168862537966865305 1 4
3 0 2 7 

14 11149028268085365730 1 3
2 3 1 

271 11190171807247989471 1 5
2 8 3 0 1 

268 11149028268085365730 1 3
3 2 8 

163 6266289702171881000 1 4
5 7 0 1 

420 9890512650732357778 2 4
5 2 7 8 
5 2 8 7 

169 14908330860088281030 1 4
5 7 3 0 

42 11149028268085365730 1 3
5 3 1 

299 6327730514379315098 1 5
5 8 3 0 1 

177 184571666091241576 1 4
5 7 4 0 

50 11149028268085365730 1 3
5 4 1 

307 3546648152918205678 1 5
5 8 4 0 1 

304 9792737628942422839 2 3
4 5 8 
5 4 8 

47 4771427722038475929 2 5
2 5 3 1 0 
5 2 3 1 0 

194 6906529405458791006 6 3
1 6 7 
1 7 6 
6 1 7 
6 7 1 
7 6 1 
7 1 6 

321 16551132752359636965 2 3
0 6 8 
0 8 6 

195 15328911889609777324 2 4
6 7 0 1 
7 6 0 1 

322 6906529405458791006 6 3
1 6 8 
1 8 6 
6 1 8 
6 8 1 
8 6 1 
8 1 6 

162 10706753935364593016 2 3
5 1 7 
5 7 1 

289 5170598179322589324 1 3
5 0 8 

416 13366814545066617902 2 3
5 7 8 
5 8 7 

312 16654306668473350014 1 4
5 8 4 3 

55 4771427722038475929 2 5
2 5 4 1 0 
5 2 4 1 0 

291 6266289702171881000 1 4
5 8 0 1 

325 15866123712808052885 1 4
0 6 2 8 

332 6333077869789004859 1 4
3 6 2 8 

337 8016048796266099324 2 4
6 8 4 0 
8 6 4 0 

329 9687730898937933797 2 4
6 8 3 0 
8 6 3 0 

340 5069303078012082896 1 4
4 6 2 8 

344 3855116606370171433 2 4
6 8 4 3 
8 6 4 3 

87 8564795948265037074 1 5
2 6 4 1 0 

323 15328911889609777324 2 4
6 8 0 1 
8 6 0 1 

330 11699471195932271526 2 4
6 8 3 1 
8 6 3 1 

353 14840762092332911535 1 4
0 8 5 6 

338 7280204158998552156 2 4
6 8 4 1 
8 6 4 1 

360 12029625934560945872 1 4
3 8 5 6 

103 2812886220256511924 1 5
2 5 6 1 0 

368 3407052874047130810 1 4
4 8 5 6 

389 4030207857968183973 2 4
0 2 7 8 
0 2 8 7 

396 9890512650732357778 2 4
3 2 7 8 
3 2 8 7 

393 17718726440951722706 2 4
3 0 7 8 
3 0 8 7 

404 9890512650732357778 2 4
4 2 7 8 
4 2 8 7 

401 17718726440951722706 2 4
4 0 7 8 
4 0 8 7 

387 2919656441009806116 2 4
0 1 7 8 
0 1 8 7 

408 14281784742527751276 4 4
3 4 7 8 
3 4 8 7 
4 3 7 8 
4 3 8 7 

151 11190171807247989471 1 5
2 7 4 0 1 

394 17273543508590570368 2 4
3 1 7 8 
3 1 8 7 

402 17273543508590570368 2 4
4 1 7 8 
4 1 8 7 

417 8394427621980042590 2 4
5 0 7 8 
5 0 8 7 

424 2143732557265139838 2 4
3 5 7 8 
5 3 7 8 

167 1846718153046968749 1 5
5 2 7 1 0 

449 5668065439534417774 2 4
0 6 7 8 
0 6 8 7 

456 9472055112188585408 1 4
3 6 7 8 

199 12247843169073671703 1 5
6 2 7 1 0 

432 2143732557265139838 2 4
4 5 8 7 
5 4 8 7 

464 9472055112188585408 1 4
4 6 8 7 

480 2551299507924137720 2 4
5 6 7 8 
5 6 8 7 

31 9777082019764904001 2 5
2 3 4 0 1 
2 4 3 0 1 

59 9777082019764904001 2 5
5 3 4 0 1 
5 4 3 0 1 

316 1916106744461055601 1 5
5 2 8 4 3 

61 760224588736440121 4 5
2 5 3 4 0 
2 5 4 3 0 
5 2 3 4 0 
5 2 4 3 0 

93 10020082581032265167 2 5
2 6 3 4 0 
2 6 4 3 0 

94 10987309989154754278 2 5
2 6 3 4 1 
2 6 4 3 1 

62 8035105586566128768 4 5
2 5 3 4 1 
2 5 4 3 1 
5 2 3 4 1 
5 2 4 3 1 

109 13588642192254206704 1 5
2 3 0 5 6 

117 13588642192254206704 1 5
2 4 0 5 6 

121 8017988657513243054 2 5
5 6 4 3 0 
5 6 3 4 0 

124 10800292375007858751 2 5
2 5 6 3 4 
2 5 6 4 3 

107 14415279585017704794 1 5
5 6 3 0 1 

364 12729040507105638627 1 5
3 2 8 5 6 

110 7707485000959051665 1 5
2 3 1 5 6 

118 7707485000959051665 1 5
2 4 1 5 6 

115 14415279585017704794 1 5
5 6 4 0 1 

372 3664511182769896785 1 5
4 2 8 5 6 

122 5607331447955287779 2 5
5 6 4 3 1 
5 6 3 4 1 

157 6060773018146293295 2 5
2 7 3 4 0 
2 7 4 3 0 

158 4829484002395752990 2 5
2 7 3 4 1 
2 7 4 3 1 

173 1644288487346994215 1 5
5 3 0 2 7 

185 4409344180998553191 1 5
5 7 3 4 0 

181 16095920696840397890 1 5
5 4 0 2 7 

188 1916106744461055601 1 5
5 2 7 3 4 

171 3546648152918205678 1 5
5 7 3 0 1 

174 14556229065056051670 1 5
5 2 7 3 1 

179 6327730514379315098 1 5
5 7 4 0 1 

182 1956492784028963872 1 5
5 2 7 4 1 

186 13302104910189367149 1 5
5 7 3 4 1 

213 1142709292018785241 1 5
6 4 0 2 7 

205 7052172422878981769 1 5
6 3 0 2 7 

220 8683537006530209099 1 5
6 2 7 3 4 

217 8488843021757217298 2 5
6 7 3 4 0 
7 6 3 4 0 

203 15829112872386215958 2 5
6 7 3 0 1 
7 6 3 0 1 

206 8202407297492161261 1 5
6 3 1 2 7 

214 12811401127693062527 1 5
6 2 7 4 1 

211 4548602786166232954 2 5
6 7 4 0 1 
7 6 4 0 1 

218 5062206546530226047 2 5
6 7 3 4 1 
7 6 3 4 1 

229 1379026815878267499 1 5
0 5 6 2 7 

233 6476702708903081778 1 5
7 3 0 5 6 

236 3664511182769896785 1 5
3 2 7 5 6 

241 7567168478783380018 1 5
7 5 6 4 0 

244 12729040507105638627 1 5
4 2 7 5 6 

248 17837758351355834498 1 5
7 5 6 3 4 

227 7819165567208659973 1 5
7 5 6 0 1 

230 13521009107723832627 1 5
1 5 6 2 7 

234 1209380303678623036 1 5
7 3 1 5 6 

242 7699165727598621247 1 5
7 5 6 4 1 

348 8683537006530209099 1 5
6 2 8 4 3 

345 8488843021757217298 2 5
6 8 4 3 0 
8 6 4 3 0 

331 4548602786166232954 2 5
6 8 3 0 1 
8 6 3 0 1 

339 15829112872386215958 2 5
6 8 4 0 1 
8 6 4 0 1 

346 5062206546530226047 2 5
6 8 4 3 1 
8 6 4 3 1 

376 17837758351355834498 1 5
8 5 6 4 3 

355 7819165567208659973 1 5
8 5 6 0 1 

