508 6169030244321386729 1 7
6 2 7 8 4 3 5 

501 429267224182567906 1 7
6 2 8 7 4 5 0 

502 13966915194719856979 1 7
4 5 6 2 1 8 7 

477 5830010960871937922 1 7
6 2 7 8 4 3 0 

478 16999228376639212400 1 7
6 2 4 3 1 7 8 

471 1617525383051237929 1 7
4 0 6 2 1 8 7 

493 15280829631271153999 1 7
6 2 7 8 3 0 5 

487 14717828688608598945 1 7
6 2 0 5 1 8 7 

494 168144153683718839 1 7
6 2 3 5 1 7 8 

463 8976590722129731494 1 7
6 2 3 0 1 7 8 

505 15333831191040116645 1 7
6 8 7 4 5 0 3 

506 13275691128780042669 1 7
6 1 8 7 4 3 5 

499 14013567981698981493 1 7
6 4 5 0 1 8 7 

475 14164034239164196674 1 7
6 1 8 7 4 3 0 

491 8933662721573333387 1 7
6 1 8 7 3 0 5 

445 1076716043033029040 1 7
2 7 8 4 3 5 0 

446 17453480374948824819 1 7
2 4 3 5 1 7 8 

439 6478111858269855517 1 7
2 4 5 0 1 8 7 

415 14278215364577671918 1 7
2 4 3 0 1 7 8 

431 301547825363596444 1 7
2 1 7 8 3 0 5 

443 14593776833633451350 2 7
1 7 8 4 5 0 3 
1 8 7 4 5 0 3 

375 5047806782938814415 1 7
1 8 6 2 4 5 0 

382 8586322724063167517 1 7
1 8 6 2 4 3 5 

381 6128207215595190092 1 7
8 6 2 4 3 5 0 

351 8138923820167753297 1 7
1 8 6 2 4 3 0 

367 16382942187500353889 1 7
6 2 1 8 3 0 5 

379 3883857596482431435 1 7
6 1 8 4 3 5 0 

319 8751007676119047860 1 7
2 1 8 4 3 5 0 

247 12165758102180208090 1 7
1 7 6 2 4 5 0 

253 9048702553873930076 1 7
7 6 2 4 3 5 0 

254 8475834449684323516 1 7
1 7 6 2 4 3 5 

223 9395271589093660943 1 7
1 7 6 2 4 3 0 

239 5228366139498763058 1 7
6 2 1 7 3 0 5 

251 5749455659436507203 1 7
6 1 7 4 3 5 0 

127 17660042167226068735 1 7
1 6 2 4 3 5 0 

191 7832909897105882975 1 7
2 1 7 4 3 5 0 

500 7117387715741032091 1 6
4 5 6 2 8 7 

469 10270159433302010252 1 6
4 0 6 2 8 7 

476 1586673011737689491 1 6
4 3 6 2 7 8 

470 16564490057278918431 1 6
4 6 2 1 8 7 

485 12885971996948115594 1 6
6 2 8 7 0 5 

492 17568422040645976469 1 6
6 2 3 5 7 8 

461 6252265039855226847 1 6
6 2 3 0 7 8 

486 7783266722567115731 1 6
5 6 2 1 8 7 

455 4997342300955337437 1 6
0 6 2 1 8 7 

462 16621856762405378009 1 6
3 6 2 1 7 8 

497 15584852582070740202 1 6
6 8 7 4 5 0 

504 14850776001528867516 1 6
6 8 7 4 5 3 

498 9955232907162459163 1 6
6 4 5 1 8 7 

473 9304538985934605115 1 6
6 8 7 4 0 3 

474 757279159992032125 1 6
6 4 3 1 7 8 

467 8112980999666444359 1 6
6 4 0 1 8 7 

489 10547708839147329660 1 6
6 8 7 0 5 3 

483 14392438149954533062 1 6
6 0 5 1 8 7 

490 6730231401386561430 1 6
6 3 5 1 8 7 

459 3651141099776588395 1 6
6 3 0 1 8 7 

437 3964297889203089955 1 6
2 8 7 4 5 0 

444 3009113627428979969 1 6
2 7 8 4 3 5 

438 9576912663196894743 1 6
2 4 5 1 8 7 

413 17377107769846822498 1 6
2 7 8 4 3 0 

407 4578616394427097765 1 6
2 4 0 1 8 7 

414 11741238373491813995 1 6
2 4 3 1 7 8 

429 8473976018390807318 1 6
2 7 8 3 0 5 

423 9569211186552167657 1 6
2 0 5 1 8 7 

430 261449154145464945 1 6
2 3 5 1 7 8 

441 14458940504672896963 2 6
7 8 4 5 0 3 
8 7 4 5 0 3 

399 8998113680864024689 1 6
2 3 0 1 7 8 

435 4971859181177782111 2 6
4 5 0 1 7 8 
4 5 0 1 8 7 

442 6547618250762470962 2 6
4 5 3 1 7 8 
4 5 3 1 8 7 

427 18339065571773273204 4 6
1 7 8 0 5 3 
1 7 8 0 3 5 
1 8 7 0 3 5 
1 8 7 0 5 3 

411 10345035668765943448 2 6
4 0 3 1 7 8 
4 0 3 1 8 7 

380 3440108556460963379 1 6
8 6 2 4 3 5 

373 13954619786703832075 1 6
8 6 2 4 5 0 

374 10612910424393781293 1 6
4 5 1 8 6 2 

349 13970446709422332537 1 6
8 6 2 4 3 0 

343 8045268298480387586 1 6
4 0 1 8 6 2 

350 17102440515992030913 1 6
1 8 6 2 4 3 

365 7994601294430431300 1 6
8 6 2 3 0 5 

366 16658160934895634641 1 6
6 2 1 8 3 5 

359 6267780476298058267 1 6
6 2 1 8 0 5 

335 1453472667474667605 1 6
6 2 1 8 3 0 

377 15823197500671728207 1 6
6 8 4 5 0 3 

378 8661999880865077650 1 6
6 1 8 4 3 5 

371 16398225617796520474 1 6
6 1 8 4 5 0 

347 16008648227515303970 1 6
6 1 8 4 3 0 

363 2815811191102863875 1 6
6 1 8 3 0 5 

317 836795384920536533 2 6
2 8 4 3 5 0 
8 2 4 3 5 0 

311 15220161239623669596 1 6
2 1 8 4 5 0 

318 2644384938822383246 1 6
2 1 8 4 3 5 

287 3898475060536639001 1 6
2 1 8 4 3 0 

303 16233568148913609082 1 6
2 1 8 3 0 5 

315 17053067152636733895 1 6
1 8 4 5 0 3 

252 9662492814659783924 1 6
7 6 2 4 3 5 

245 1891678131042165157 1 6
7 6 2 4 5 0 

246 5429160212199481136 1 6
4 5 1 7 6 2 

221 4428441314157528572 1 6
7 6 2 4 3 0 

222 7457956587215073104 1 6
1 7 6 2 4 3 

215 13875396683082317477 1 6
1 7 4 0 6 2 

237 12333468115958245176 1 6
7 6 2 3 0 5 

238 7082877381760568019 1 6
6 2 1 7 3 5 

231 3164425420218353598 1 6
6 2 1 7 0 5 

207 7089838322279578633 1 6
6 2 1 7 3 0 

249 4906379472504055259 1 6
6 7 4 5 0 3 

250 307087747125192903 1 6
6 1 7 4 3 5 

243 13509608825627326750 1 6
6 1 7 4 5 0 

219 15739425450282149934 1 6
6 1 7 4 3 0 

235 1229027543300200891 1 6
6 1 7 3 0 5 

189 13391143741644899211 2 6
2 7 4 3 5 0 
7 2 4 3 5 0 

190 4242751464547066114 1 6
2 1 7 4 3 5 

183 10557771693339447531 1 6
2 1 7 4 5 0 

159 18104445477346433917 1 6
2 1 7 4 3 0 

175 1375757282076386352 1 6
2 1 7 3 0 5 

187 17053067152636733895 1 6
1 7 4 5 0 3 

126 8961301798301184237 1 6
1 6 2 4 3 5 

119 1138473752630103561 1 6
1 6 2 4 5 0 

125 17053067152636733895 1 6
6 2 4 5 0 3 

123 7691464496416466694 2 6
1 6 4 3 5 0 
6 1 4 3 5 0 

95 8342219911856760608 1 6
1 6 2 4 3 0 

111 2756398596328565708 1 6
1 6 2 3 0 5 

63 15609158876751675747 1 6
1 2 4 5 0 3 

468 15300973533936809658 1 5
4 6 2 8 7 

484 15352309284369776978 1 5
5 6 2 8 7 

453 12550437872176819307 1 5
0 6 2 8 7 

460 1975459807820398959 1 5
3 6 2 7 8 

454 16426964197223592242 2 5
6 2 1 7 8 
6 2 1 8 7 

496 16075256442787652421 1 5
6 4 5 8 7 

466 14719261466401227778 2 5
4 6 1 7 8 
6 4 1 7 8 

472 13405435639448530145 1 5
6 4 3 7 8 

465 5101403376509351653 1 5
6 4 0 8 7 

488 4457430926303357010 1 5
6 8 7 5 3 

481 4579774940977229918 1 5
6 8 7 0 5 

482 12892149604202838474 1 5
6 5 1 8 7 

457 16153996757396614139 1 5
6 8 7 0 3 

458 14633245977241427459 2 5
6 3 1 7 8 
6 3 1 8 7 

451 12722351883632346679 1 5
6 0 1 8 7 

436 14589509179443636012 1 5
2 4 5 8 7 

412 3717315450133265383 1 5
2 4 3 7 8 

405 18063103655939459686 1 5
2 4 0 8 7 

406 7224765894004783788 1 5
4 2 1 8 7 

428 9439660851264801632 1 5
2 3 5 7 8 

421 11692276493285002162 1 5
2 8 7 0 5 

397 2453878733820485048 1 5
2 3 0 7 8 

422 17788255648278127647 2 5
2 5 1 8 7 
5 2 1 8 7 

391 14535369260979673767 2 5
0 2 1 7 8 
0 2 1 8 7 

398 5490961048047990379 2 5
2 3 1 7 8 
3 2 1 7 8 

440 12544053453783659143 2 5
7 8 4 5 3 
8 7 4 5 3 

409 15818467962758672361 2 5
7 8 4 0 3 
8 7 4 0 3 

433 3264952699860731696 2 5
7 8 4 5 0 
8 7 4 5 0 

434 11933761408839824396 2 5
4 5 1 7 8 
4 5 1 8 7 

278 14315483891285730756 1 4
4 2 1 8 

294 4415345656511538872 2 4
2 5 1 8 
5 2 1 8 

270 6534630873780932037 2 4
2 3 1 8 
3 2 1 8 

263 40312338507507196 1 4
0 2 1 8 

306 13796289709583244209 1 4
4 5 1 8 

282 15406660600063173003 2 4
1 8 4 3 
4 3 1 8 

298 7150496180077738619 2 4
1 8 5 3 
1 8 3 5 

180 13312223719028599295 2 4
2 7 4 5 
7 2 4 5 

156 15804328657059468321 2 4
2 7 4 3 
7 2 4 3 

172 1677071180347565230 2 4
2 7 3 5 
7 2 3 5 

135 40312338507507196 1 4
0 2 1 7 

163 10863787366753049873 1 4
1 7 0 5 

420 7978115995136584964 2 4
2 5 8 7 
5 2 8 7 

139 10863787366753049873 1 4
1 7 0 3 

396 78324714845983665 2 4
2 3 7 8 
3 2 7 8 

116 13796289709583244209 1 4
4 5 6 2 

86 2995300807293622581 2 4
1 4 6 2 
4 1 6 2 

92 15406660600063173003 2 4
4 3 6 2 
6 2 4 3 

212 12844178937462204567 1 4
4 7 6 2 

85 11142933535381418322 1 4
6 2 4 0 

342 16097797554892847855 1 5
4 1 8 6 2 

108 7150496180077738619 2 4
6 2 5 3 
6 2 3 5 

228 3907734590851251535 2 4
5 7 6 2 
7 5 6 2 

101 10863787366753049873 1 4
6 2 0 5 

358 8555572462555614721 1 5
5 6 2 1 8 

102 15024369831046084700 1 4
1 5 6 2 

198 15406660600063173003 2 4
1 7 6 2 
6 2 1 7 

71 13670100679975098985 1 4
1 0 6 2 

328 10706753935364593016 2 3
6 3 8 
6 8 3 

204 15804328657059468321 2 4
3 7 6 2 
7 3 6 2 

77 10863787366753049873 1 4
6 2 0 3 

334 4986282704383461797 2 5
3 1 8 6 2 
3 6 2 1 8 

78 12159194040976764615 1 4
1 3 6 2 

120 529838076471764616 1 4
6 4 5 3 

114 6777173445913401214 2 4
1 6 4 5 
6 1 4 5 

240 5705165468213556174 1 4
6 7 4 5 

113 3955969587082996329 1 4
6 4 5 0 

370 1154068898222048589 1 5
6 4 5 1 8 

210 17033440425027155532 2 4
4 6 1 7 
6 4 1 7 

83 9735313373742228096 2 4
1 6 4 0 
6 1 4 0 

340 13374085144094286841 1 4
4 8 6 2 

90 3350840979172127825 2 4
1 6 4 3 
6 1 4 3 

216 12844178937462204567 1 4
6 7 4 3 

89 11957465306718722417 1 4
6 4 0 3 

346 11145829841084933874 1 5
6 1 8 4 3 

226 1470142328109767921 1 4
6 5 1 7 

99 333543064182987571 2 4
1 6 0 5 
6 1 0 5 

356 3656293589500805796 2 4
5 8 6 2 
8 5 6 2 

106 2094639431981163268 2 4
1 6 3 5 
6 1 3 5 

202 12159194040976764615 1 4
6 3 1 7 

75 11641049674444310801 2 4
1 6 3 0 
6 1 3 0 

332 6534630873780932037 2 4
3 8 6 2 
8 3 6 2 

232 3594530558944545459 1 4
6 7 5 3 

105 7301084694032815074 2 4
6 0 5 3 
6 0 3 5 

362 13431632794186593077 1 5
6 1 8 3 5 

54 8397334625162587836 1 4
1 2 4 5 

30 15368499501652111834 1 4
1 2 4 3 

150 15368499501652111834 1 4
4 2 1 7 

23 12168953692758818109 1 4
1 2 4 0 

293 3061546349074591859 2 4
2 8 0 5 
8 2 0 5 

166 17551861176896189898 2 4
2 5 1 7 
5 2 1 7 

39 10376566141301975362 1 4
1 2 0 5 

259 8088271910182889539 1 3
0 1 8 

197 1968455348854468312 1 4
0 7 6 2 

70 11149028268085365730 1 3
1 6 2 

327 10022296101449868392 1 5
0 6 2 1 8 

11 2211433503843636553 1 3
1 0 3 

268 13119232308241019096 6 3
2 3 8 
2 8 3 
3 2 8 
3 8 2 
8 3 2 
8 2 3 

112 6486448604913209494 1 3
6 4 5 

369 3879779566917690904 1 5
6 8 4 5 0 

267 10863787366753049873 1 4
1 8 0 3 

140 2728381371886174304 6 3
2 3 7 
2 7 3 
3 2 7 
3 7 2 
7 3 2 
7 2 3 

88 11149028268085365730 1 3
6 4 3 

345 17164089970094388641 1 5
6 8 4 0 3 

104 12585292063867719537 2 3
6 5 3 
6 3 5 

361 14523431202469545795 1 5
6 8 0 5 3 

147 11142933535381418322 1 4
1 7 4 0 

404 11647855889567165862 1 4
4 2 8 7 

274 11149028268085365730 1 3
4 1 8 

133 7079035452611023820 2 3
0 2 7 
0 7 2 

269 6468288873524774657 2 4
2 8 3 0 
8 2 3 0 

142 15804328657059468321 2 4
2 3 1 7 
3 2 1 7 

15 10376566141301975362 1 4
1 2 0 3 

200 10706753935364593016 2 3
6 3 7 
6 7 3 

73 2211433503843636553 1 3
6 0 3 

330 12159194040976764615 1 4
6 3 1 8 

3 12893131977844289213 1 2
1 0 

42 12585292063867719537 2 3
1 3 5 
1 5 3 

299 9756445356796842602 2 5
1 8 0 5 3 
1 8 0 3 5 

18 17087753756477223945 2 2
1 4 
4 1 

275 11142933535381418322 1 4
1 8 4 0 

80 17087753756477223945 2 2
4 6 
6 4 

337 16463960108907680610 1 4
6 8 4 0 

84 11149028268085365730 1 3
4 6 2 

341 4233190507540743424 1 5
8 4 0 6 2 

7 10866969791043838960 1 3
1 0 2 

261 7079035452611023820 2 3
0 2 8 
0 8 2 

26 11149028268085365730 1 3
1 4 3 

283 3024275167863150913 1 5
1 8 4 0 3 

69 8088271910182889539 1 3
0 6 2 

326 15406660600063173003 2 4
1 8 6 2 
6 2 1 8 

50 6486448604913209494 1 3
1 4 5 

307 12117348739096893730 1 5
1 8 4 5 0 

35 2211433503843636553 1 3
1 0 5 

292 14860785610888650053 6 3
2 5 8 
2 8 5 
5 2 8 
5 8 2 
8 5 2 
8 2 5 

65 12893131977844289213 1 2
6 0 

322 11149028268085365730 1 3
6 1 8 

148 10706753935364593016 2 3
4 2 7 
4 7 2 

67 12619542472472961955 2 3
1 6 0 
6 1 0 

321 9474113082510576129 1 3
6 0 8 

448 3870621583062396010 2 3
6 7 8 
6 8 7 

194 11149028268085365730 1 3
6 1 7 

291 10863787366753049873 1 4
1 8 0 5 

164 754205998099296360 6 3
2 5 7 
2 7 5 
5 2 7 
5 7 2 
7 5 2 
7 2 5 

19 4341682271174687329 1 3
1 4 0 

276 2512533711646785065 2 3
4 2 8 
4 8 2 

146 11149028268085365730 1 3
4 1 7 

403 5321480869845678493 2 5
4 0 1 7 8 
4 0 1 8 7 

400 3870621583062396010 2 3
4 7 8 
4 8 7 

143 4797470479907041827 1 5
2 1 7 3 0 

300 17015737541233389546 2 4
2 8 3 5 
8 2 3 5 

43 7301084694032815074 2 4
1 0 3 5 
1 0 5 3 

46 698476773254776664 2 4
1 2 3 5 
1 2 5 3 

66 17087753756477223945 2 2
1 6 
6 1 

323 2382600711127344283 1 4
6 0 1 8 

193 2952617277255663853 1 3
6 0 7 

450 5215022540671273095 2 4
6 1 7 8 
6 1 8 7 

97 2211433503843636553 1 3
6 0 5 

354 2602917121141140096 1 4
6 5 1 8 

224 14718008852537657457 2 3
6 5 7 
6 7 5 

81 4341682271174687329 1 3
6 4 0 

338 9192673037414984222 2 4
4 6 1 8 
6 4 1 8 

208 16574095905003600574 2 3
4 6 7 
6 4 7 

131 8088271910182889539 1 3
0 1 7 

385 1138615150468756731 2 3
0 7 8 
0 8 7 

195 865730492448127913 1 4
6 0 1 7 

452 5212208834225348329 2 4
6 2 7 8 
6 2 8 7 

154 15406660600063173003 2 4
1 7 4 3 
4 3 1 7 

27 11957465306718722417 1 4
1 4 0 3 

284 10983409412583460812 2 4
2 8 4 3 
8 2 4 3 

149 1360657673386720247 2 4
2 7 4 0 
7 2 4 0 

22 2361156492905547982 2 3
1 4 2 
4 1 2 

279 9416045617669647202 1 5
2 4 0 1 8 

165 13818518391415217357 2 4
2 7 0 5 
7 2 0 5 

38 10706753935364593016 2 3
1 2 5 
1 5 2 

295 12362376747184076238 1 5
2 1 8 0 5 

141 18051418256756479029 2 4
2 7 3 0 
7 2 3 0 

14 10706753935364593016 2 3
1 2 3 
1 3 2 

271 17140792321743827464 1 5
2 1 8 3 0 

201 8316605067952678122 1 4
6 7 0 3 

74 3519693191574693728 2 3
1 6 3 
6 1 3 

331 9847821880398544661 1 5
6 1 8 3 0 

225 2954909764617524415 1 4
6 7 0 5 

98 1330854201845664887 2 3
1 6 5 
6 1 5 

355 6851209336334603085 1 5
6 1 8 0 5 

352 12769602731266802952 2 3
6 5 8 
6 8 5 

209 15367487668525001545 1 4
6 7 4 0 

82 10464402029777390164 6 3
1 4 6 
1 6 4 
4 1 6 
4 6 1 
6 4 1 
6 1 4 

339 11337915555108200099 1 5
6 1 8 4 0 

336 5707635945091764290 2 3
4 6 8 
6 4 8 

79 14679264093914493677 1 5
1 6 2 3 0 

58 529838076471764616 1 4
1 4 5 3 

170 7150496180077738619 2 4
1 7 5 3 
1 7 3 5 

178 13796289709583244209 1 4
4 5 1 7 

51 3955969587082996329 1 4
1 4 5 0 

308 1158192353704790834 2 4
2 8 4 5 
8 2 4 5 

277 3792119803361792879 2 4
2 8 4 0 
8 2 4 0 

329 6130404159585081041 1 4
6 8 0 3 

353 1665297629449861442 1 4
6 8 0 5 

360 18125736765879375276 1 4
6 8 5 3 

103 2291216661932721919 1 5
1 6 2 0 5 

344 12147302030440244333 1 4
6 8 4 3 

87 6588317150283514293 1 5
1 4 0 6 2 

368 17723397868700175270 1 4
6 8 4 5 

325 18127943152742198434 1 4
0 8 6 2 

387 2278369840120257768 2 4
0 1 7 8 
0 1 8 7 

393 11874849795533651037 2 4
7 8 0 3 
8 7 0 3 

402 5215022540671273095 2 4
4 1 7 8 
4 1 8 7 

417 11874849795533651037 2 4
7 8 0 5 
8 7 0 5 

424 12792859129086584636 4 4
7 8 3 5 
7 8 5 3 
8 7 5 3 
8 7 3 5 

167 18160610249427174315 1 5
2 1 7 0 5 

408 5212208834225348329 2 4
4 3 7 8 
4 3 8 7 

151 13324274976501107111 1 5
2 1 7 4 0 

401 8474313820608642754 2 4
4 0 7 8 
4 0 8 7 

432 8226989252743794708 2 4
4 5 7 8 
4 5 8 7 

389 7896901378147680379 2 4
0 2 7 8 
0 2 8 7 

449 8124231257685616947 1 4
6 0 8 7 

456 14469657124809349322 2 4
6 3 7 8 
6 3 8 7 

199 1789591349728764628 1 5
0 6 2 1 7 

480 14306477252083823039 1 4
6 5 8 7 

464 16406621722779782888 2 4
4 6 7 8 
6 4 7 8 

59 14327959379581262292 1 5
1 4 5 0 3 

316 81046485281406982 2 5
2 8 4 3 5 
8 2 4 3 5 

47 5929097314364826722 2 5
1 2 0 3 5 
1 2 0 5 3 

31 5395150611735610234 1 5
1 2 4 0 3 

55 11474604267334339883 1 5
1 2 4 5 0 

62 8232652801974800287 1 5
1 2 4 5 3 

107 9921205321510418492 2 5
1 6 3 0 5 
6 1 3 0 5 

364 2569383802085552287 1 5
8 6 2 3 5 

91 2680847447040990615 2 5
1 6 4 3 0 
6 1 4 3 0 

348 4242848893836926669 1 5
8 4 3 6 2 

115 12384384022910215308 2 5
1 6 4 5 0 
6 1 4 5 0 

372 7526322144178721593 1 5
8 4 5 6 2 

122 16885588460681108952 2 5
1 6 4 3 5 
6 1 4 3 5 

121 14327959379581262292 1 5
6 4 5 0 3 

110 7187718677437403762 1 5
1 6 2 3 5 

109 9756445356796842602 2 5
6 2 0 5 3 
6 2 0 3 5 

94 8274216949199480764 1 5
1 6 2 4 3 

93 3024275167863150913 1 5
6 2 4 0 3 

118 17665058310503640421 1 5
1 4 5 6 2 

124 6610907291125018627 1 5
6 2 4 5 3 

117 12117348739096893730 1 5
6 2 4 5 0 

155 3024275167863150913 1 5
1 7 4 0 3 

171 9756445356796842602 2 5
1 7 0 5 3 
1 7 0 3 5 

186 6610907291125018627 1 5
1 7 4 5 3 

179 12117348739096893730 1 5
1 7 4 5 0 

174 379923436499829735 1 5
2 1 7 3 5 

173 1696880593721522583 2 5
2 7 3 0 5 
7 2 3 0 5 

158 6946320677797669053 2 5
2 1 7 4 3 
2 4 3 1 7 

157 13547861554270008362 2 5
2 7 4 3 0 
7 2 4 3 0 

182 9948523620521210810 1 5
2 4 5 1 7 

188 17583430961032749130 2 5
2 7 4 3 5 
7 2 4 3 5 

203 18389983210977627464 1 5
6 1 7 3 0 

181 14153803466450174656 2 5
2 7 4 5 0 
7 2 4 5 0 

227 5141331688038785462 1 5
6 1 7 0 5 

234 4575739162538219488 1 5
6 1 7 3 5 

233 8120470965221182248 1 5
6 7 0 5 3 

211 2001414352052330218 1 5
6 1 7 4 0 

217 6798261799074899334 1 5
6 7 4 0 3 

218 10151104133732085890 1 5
6 1 7 4 3 

242 18252339766879522175 1 5
6 4 5 1 7 

241 4724410952327482056 1 5
6 7 4 5 0 

248 16889098967572189299 1 5
6 7 4 5 3 

206 7312885696668073972 2 5
3 1 7 6 2 
3 6 2 1 7 

230 17924674652927904615 1 5
5 6 2 1 7 

205 18311078193305198968 1 5
7 6 2 3 0 

229 11116635760289171551 1 5
7 6 2 0 5 

236 3502193146163856052 1 5
7 6 2 3 5 

214 3583861990886220277 1 5
4 1 7 6 2 

213 9010869702286130507 1 5
7 6 2 4 0 

220 2156186079903720028 2 5
7 4 3 6 2 
7 6 2 4 3 

244 585101559960790580 1 5
7 4 5 6 2 

314 6610907291125018627 1 5
1 8 4 5 3 

302 17907995096785573956 1 5
2 1 8 3 5 

301 5475542487510826110 2 5
2 8 3 0 5 
8 2 3 0 5 

286 13554595154202197499 1 5
2 4 3 1 8 

285 18124679387328343654 2 5
2 8 4 3 0 
8 2 4 3 0 

310 10600371796453973232 1 5
2 4 5 1 8 

309 8842698521768855458 2 5
2 8 4 5 0 
8 2 4 5 0 

376 428222013536612906 1 5
6 8 4 5 3 

333 17247377543639435823 1 5
8 6 2 3 0 

357 1097929314121810470 1 5
8 6 2 0 5 

395 13652794824917766216 2 5
0 3 1 7 8 
0 3 1 8 7 

419 13652794824917766216 2 5
0 5 1 7 8 
0 5 1 8 7 

426 4748031130015348873 4 5
3 5 1 7 8 
3 5 1 8 7 
5 3 1 7 8 
5 3 1 8 7 

410 16426964197223592242 2 5
4 3 1 7 8 
4 3 1 8 7 

425 18188297357998158461 4 5
7 8 0 5 3 
7 8 0 3 5 
8 7 0 3 5 
8 7 0 5 3 

