322 13119232308241019096 6 3
1 6 8 
1 8 6 
6 1 8 
6 8 1 
8 6 1 
8 1 6 

290 2728381371886174304 6 3
1 5 8 
1 8 5 
5 1 8 
5 8 1 
8 5 1 
8 1 5 

266 6906529405458791006 6 3
1 3 8 
1 8 3 
3 1 8 
3 8 1 
8 3 1 
8 1 3 

194 754205998099296360 6 3
1 6 7 
1 7 6 
6 1 7 
6 7 1 
7 6 1 
7 1 6 

262 754205998099296360 6 3
1 2 8 
1 8 2 
2 1 8 
2 8 1 
8 2 1 
8 1 2 

134 13119232308241019096 6 3
1 2 7 
1 7 2 
2 1 7 
2 7 1 
7 2 1 
7 1 2 

162 14860785610888650053 6 3
1 5 7 
1 7 5 
5 1 7 
5 7 1 
7 5 1 
7 1 5 

13 5247286897774723838 2 3
0 2 3 
0 3 2 

7 9713973698939819375 2 3
0 1 2 
0 2 1 

37 17643345585975422253 2 3
0 2 5 
0 5 2 

50 6906529405458791006 6 3
1 4 5 
1 5 4 
4 1 5 
4 5 1 
5 4 1 
5 1 4 

138 6906529405458791006 6 3
1 3 7 
1 7 3 
3 1 7 
3 7 1 
7 3 1 
7 1 3 

22 6906529405458791006 6 3
1 2 4 
1 4 2 
2 1 4 
2 4 1 
4 2 1 
4 1 2 

35 72167144898209111 2 3
0 1 5 
0 5 1 

41 5247286897774723838 2 3
0 3 5 
0 5 3 

67 436784383464823051 2 3
0 1 6 
0 6 1 

11 9300881905892324280 2 3
0 1 3 
0 3 1 

69 16855916945314738306 2 3
0 2 6 
0 6 2 

82 6906529405458791006 6 3
1 4 6 
1 6 4 
4 1 6 
4 6 1 
6 4 1 
6 1 4 

73 5247286897774723838 2 3
0 3 6 
0 6 3 

97 15859317235844097280 2 3
0 5 6 
0 6 5 

