bhabha2npb[0,0,0,0,0,0,0,0,0]*(-a6-2*a3+d-a1-a5-a2)
bhabha2npb[0,1,0,-1,0,0,0,0,0]*(-a1)
bhabha2npb[0,1,0,0,-1,0,0,0,0]*(a1)
bhabha2npb[0,0,0,0,0,0,1,0,0]*(a6)
bhabha2npb[0,0,1,-1,0,0,0,0,0]*(-a2)
bhabha2npb[0,0,1,0,0,0,0,0,0]*(a2)
bhabha2npb[0,0,0,-1,0,0,1,0,0]*(-a6)
bhabha2npb[0,0,0,-1,0,1,0,0,0]*(-a5)
bhabha2npb[0,0,0,0,0,1,0,0,0]*(a5)

bhabha2npb[0,0,0,0,0,0,0,0,0]*(-a0-a7-2*a4+d-a1-a8)
bhabha2npb[1,0,0,0,-1,0,0,0,0]*(-a0)
bhabha2npb[1,0,0,0,0,0,0,0,0]*(a0-eta*a0)
bhabha2npb[0,0,0,0,0,0,0,0,1]*(a8)
bhabha2npb[0,1,0,-1,0,0,0,0,0]*(a1)
bhabha2npb[0,1,0,0,-1,0,0,0,0]*(-a1)
bhabha2npb[0,0,0,0,-1,0,0,0,1]*(-a8)
bhabha2npb[0,0,0,0,-1,0,0,1,0]*(-a7)
bhabha2npb[0,0,0,0,0,0,0,1,0]*(a7)

bhabha2npb[-1,1,0,0,0,0,0,0,0]*(-a1)
bhabha2npb[0,1,0,-1,0,0,0,0,0]*(a1)
bhabha2npb[0,1,0,0,-1,0,0,0,0]*(a1)
bhabha2npb[0,1,0,0,0,-1,0,0,0]*(-a1)
bhabha2npb[0,1,0,0,0,0,0,0,0]*(-eta*a1+2*a1)
bhabha2npb[0,0,1,-1,0,0,0,0,0]*(a2)
bhabha2npb[0,0,1,0,0,-1,0,0,0]*(-a2)
bhabha2npb[0,0,1,0,0,0,0,0,0]*(4*a2)
bhabha2npb[0,0,0,0,0,0,0,0,0]*(a3-a5)
bhabha2npb[0,0,0,1,0,-1,0,0,0]*(-a3)
bhabha2npb[0,0,0,1,0,0,0,0,0]*(a3)
bhabha2npb[0,0,0,-1,0,1,0,0,0]*(a5)
bhabha2npb[0,0,0,0,0,0,1,0,0]*(-5*a6)
bhabha2npb[0,0,0,0,0,1,0,0,0]*(-a5)
bhabha2npb[0,0,0,-1,0,0,1,0,0]*(a6)
bhabha2npb[0,0,0,0,0,-1,1,0,0]*(-a6)

bhabha2npb[0,0,0,0,0,0,0,0,0]*(-a0+a4)
bhabha2npb[1,0,0,0,-1,0,0,0,0]*(a0)
bhabha2npb[1,0,0,0,0,0,0,0,0]*(-a0-eta*a0)
bhabha2npb[-1,1,0,0,0,0,0,0,0]*(-a1)
bhabha2npb[0,1,0,-1,0,0,0,0,0]*(a1)
bhabha2npb[0,1,0,0,-1,0,0,0,0]*(a1)
bhabha2npb[0,1,0,0,0,-1,0,0,0]*(-a1)
bhabha2npb[0,1,0,0,0,0,0,0,0]*(-eta*a1+2*a1)
bhabha2npb[-1,0,0,0,1,0,0,0,0]*(-a4)
bhabha2npb[0,0,0,0,0,0,0,0,1]*(-eta*a8+4*a8)
bhabha2npb[0,0,0,0,1,0,0,0,0]*(-eta*a4+a4)
bhabha2npb[-1,0,0,0,0,0,0,1,0]*(-a7)
bhabha2npb[0,0,0,0,-1,0,0,1,0]*(a7)
bhabha2npb[0,0,0,0,0,0,0,1,0]*(-5*a7-eta*a7)
bhabha2npb[-1,0,0,0,0,0,0,0,1]*(-a8)
bhabha2npb[0,0,0,0,-1,0,0,0,1]*(a8)

bhabha2npb[0,1,0,-1,0,0,0,0,0]*(a1)
bhabha2npb[0,1,0,0,-1,0,0,0,0]*(a1)
bhabha2npb[0,1,0,0,0,0,-1,0,0]*(-a1)
bhabha2npb[0,1,0,0,0,0,0,-1,0]*(-a1)
bhabha2npb[0,1,0,0,0,0,0,0,0]*(2*a1)
bhabha2npb[0,0,1,-1,0,0,0,0,0]*(a2)
bhabha2npb[0,0,1,0,0,0,-1,0,0]*(-a2)
bhabha2npb[0,0,1,0,0,0,0,0,0]*(6*a2)
bhabha2npb[0,0,0,0,0,0,0,0,0]*(-a6+a3)
bhabha2npb[0,0,0,1,0,0,-1,0,0]*(-a3)
bhabha2npb[0,0,0,1,0,0,0,0,0]*(a3)
bhabha2npb[0,0,0,-1,0,1,0,0,0]*(a5)
bhabha2npb[0,0,0,0,0,1,-1,0,0]*(-a5)
bhabha2npb[0,0,0,0,0,1,0,0,0]*(-5*a5)
bhabha2npb[0,0,0,-1,0,0,1,0,0]*(a6)
bhabha2npb[0,0,0,0,0,0,1,0,0]*(-a6)

bhabha2npb[1,0,0,0,-1,0,0,0,0]*(a0)
bhabha2npb[1,0,0,0,0,0,0,-1,0]*(-a0)
bhabha2npb[1,0,0,0,0,0,0,0,0]*(-5*a0)
bhabha2npb[0,1,0,-1,0,0,0,0,0]*(a1)
bhabha2npb[0,1,0,0,-1,0,0,0,0]*(a1)
bhabha2npb[0,1,0,0,0,0,-1,0,0]*(-a1)
bhabha2npb[0,1,0,0,0,0,0,-1,0]*(-a1)
bhabha2npb[0,1,0,0,0,0,0,0,0]*(2*a1)
bhabha2npb[0,0,0,0,0,0,0,0,0]*(-a7+a4)
bhabha2npb[0,0,0,0,1,0,0,-1,0]*(-a4)
bhabha2npb[0,0,0,0,1,0,0,0,0]*(a4)
bhabha2npb[0,0,0,0,-1,0,0,1,0]*(a7)
bhabha2npb[0,0,0,0,0,0,0,0,1]*(6*a8)
bhabha2npb[0,0,0,0,0,0,0,1,0]*(-a7)
bhabha2npb[0,0,0,0,-1,0,0,0,1]*(a8)
bhabha2npb[0,0,0,0,0,0,0,-1,1]*(-a8)

bhabha2npb[0,1,-1,0,0,0,0,0,0]*(-a1)
bhabha2npb[0,1,0,-1,0,0,0,0,0]*(a1)
bhabha2npb[0,1,0,0,-1,0,0,0,0]*(a1)
bhabha2npb[0,1,0,0,0,0,0,0,-1]*(-a1)
bhabha2npb[0,1,0,0,0,0,0,0,0]*(2*a1)
bhabha2npb[0,0,0,0,0,0,0,0,0]*(a3-a2)
bhabha2npb[0,0,1,-1,0,0,0,0,0]*(a2)
bhabha2npb[0,0,1,0,0,0,0,0,0]*(-a2)
bhabha2npb[0,0,-1,1,0,0,0,0,0]*(-a3)
bhabha2npb[0,0,0,0,0,0,1,0,0]*(6*a6)
bhabha2npb[0,0,0,1,0,0,0,0,0]*(a3)
bhabha2npb[0,0,-1,0,0,1,0,0,0]*(-a5)
bhabha2npb[0,0,0,-1,0,1,0,0,0]*(a5)
bhabha2npb[0,0,0,0,0,1,0,0,0]*(4*a5)
bhabha2npb[0,0,-1,0,0,0,1,0,0]*(-a6)
bhabha2npb[0,0,0,-1,0,0,1,0,0]*(a6)

bhabha2npb[1,0,0,0,-1,0,0,0,0]*(a0)
bhabha2npb[1,0,0,0,0,0,0,0,-1]*(-a0)
bhabha2npb[1,0,0,0,0,0,0,0,0]*(4*a0)
bhabha2npb[0,1,-1,0,0,0,0,0,0]*(-a1)
bhabha2npb[0,1,0,-1,0,0,0,0,0]*(a1)
bhabha2npb[0,1,0,0,-1,0,0,0,0]*(a1)
bhabha2npb[0,1,0,0,0,0,0,0,-1]*(-a1)
bhabha2npb[0,1,0,0,0,0,0,0,0]*(2*a1)
bhabha2npb[0,0,0,0,0,0,0,0,0]*(a4-a8)
bhabha2npb[0,0,0,0,1,0,0,0,-1]*(-a4)
bhabha2npb[0,0,0,0,1,0,0,0,0]*(a4)
bhabha2npb[0,0,0,0,-1,0,0,1,0]*(a7)
bhabha2npb[0,0,0,0,0,0,0,1,-1]*(-a7)
bhabha2npb[0,0,0,0,0,0,0,1,0]*(6*a7)
bhabha2npb[0,0,0,0,-1,0,0,0,1]*(a8)
bhabha2npb[0,0,0,0,0,0,0,0,1]*(-a8)

bhabha2npb[1,-1,0,0,0,0,0,0,0]*(-a0)
bhabha2npb[1,0,0,-1,0,0,0,0,0]*(2*a0)
bhabha2npb[1,0,0,0,-1,0,0,0,0]*(a0)
bhabha2npb[1,0,0,0,0,-1,0,0,0]*(-a0)
bhabha2npb[1,0,0,0,0,0,0,0,0]*(a0)
bhabha2npb[0,0,0,0,0,0,0,0,0]*(a4-a1)
bhabha2npb[0,1,0,-1,0,0,0,0,0]*(-a1)
bhabha2npb[0,1,0,0,-1,0,0,0,0]*(a1)
bhabha2npb[0,-1,0,0,1,0,0,0,0]*(-a4)
bhabha2npb[0,0,0,-1,1,0,0,0,0]*(a4)
bhabha2npb[0,0,0,0,0,0,0,0,1]*(a8)
bhabha2npb[0,-1,0,0,0,0,0,1,0]*(-a7)
bhabha2npb[0,0,0,-1,0,0,0,1,0]*(2*a7)
bhabha2npb[0,0,0,0,-1,0,0,1,0]*(a7)
bhabha2npb[0,0,0,0,0,0,-1,1,0]*(-a7)
bhabha2npb[0,0,0,0,0,0,0,1,0]*(a7)
bhabha2npb[0,-1,0,0,0,0,0,0,1]*(-a8)
bhabha2npb[0,0,-1,0,0,0,0,0,1]*(-a8)
bhabha2npb[0,0,0,-1,0,0,0,0,1]*(2*a8)
bhabha2npb[0,0,0,0,-1,0,0,0,1]*(a8)

bhabha2npb[0,0,0,0,0,0,0,0,0]*(a3-a1)
bhabha2npb[0,1,0,-1,0,0,0,0,0]*(a1)
bhabha2npb[0,1,0,0,-1,0,0,0,0]*(-a1)
bhabha2npb[0,-1,1,0,0,0,0,0,0]*(-a2)
bhabha2npb[0,0,1,-1,0,0,0,0,0]*(a2)
bhabha2npb[0,0,1,0,-1,0,0,0,0]*(2*a2)
bhabha2npb[0,0,1,0,0,0,0,0,-1]*(-a2)
bhabha2npb[0,0,1,0,0,0,0,0,0]*(a2)
bhabha2npb[0,-1,0,1,0,0,0,0,0]*(-a3)
bhabha2npb[0,0,0,0,0,0,1,0,0]*(a6)
bhabha2npb[0,0,0,1,-1,0,0,0,0]*(a3)
bhabha2npb[-1,0,0,0,0,1,0,0,0]*(-a5)
bhabha2npb[0,-1,0,0,0,1,0,0,0]*(-a5)
bhabha2npb[0,0,0,-1,0,1,0,0,0]*(a5)
bhabha2npb[0,0,0,0,-1,1,0,0,0]*(2*a5)
bhabha2npb[0,0,0,0,0,1,0,0,0]*(a5-eta*a5)
bhabha2npb[0,-1,0,0,0,0,1,0,0]*(-a6)
bhabha2npb[0,0,0,-1,0,0,1,0,0]*(a6)
bhabha2npb[0,0,0,0,-1,0,1,0,0]*(2*a6)
bhabha2npb[0,0,0,0,0,0,1,-1,0]*(-a6)

