484 6225746798289475818 1 5
2 5 7 6 8 

488 7741574570082464867 2 5
3 5 6 7 8 
5 3 6 7 8 

468 7649709878538780769 2 5
2 4 7 6 8 
4 2 7 6 8 

496 4547489880608402213 1 5
4 5 8 7 6 

482 13818313892115319121 1 5
1 5 7 6 8 

460 8937382082799514266 1 5
2 3 7 6 8 

454 677787141301895780 1 5
2 1 7 6 8 

472 4613350450492046326 1 5
4 3 7 6 8 

466 10518810692629060245 1 5
4 1 7 6 8 

453 6672129407013007123 1 5
2 0 7 6 8 

458 6519103190434448134 1 5
1 3 6 7 8 

465 6672129407013007123 1 5
4 0 7 6 8 

436 8675413314376651151 1 5
4 2 5 8 7 

428 14986955112861725155 1 5
7 8 5 2 3 

451 11523417051807587791 1 5
1 0 7 6 8 

422 15292528070287401164 1 5
1 2 5 8 7 

440 15528043717771096489 1 5
4 5 3 8 7 

421 13544883123274973677 1 5
2 5 0 8 7 

426 1217430664679765519 1 5
1 3 5 7 8 

434 15804242716350308047 1 5
5 4 1 8 7 

425 4585435118830492676 2 5
3 5 0 7 8 
5 3 0 7 8 

433 13889831214800985908 1 5
4 5 0 8 7 

419 9320070650639668959 2 5
1 5 0 7 8 
1 5 0 8 7 

412 14425966390303192742 1 5
4 2 3 8 7 

406 17657518939728948528 1 5
2 4 1 8 7 

398 14969905115610019472 1 5
1 2 3 7 8 

405 9648824109054852665 2 5
2 4 0 8 7 
4 2 0 8 7 

397 12466888878130331368 2 5
2 3 0 7 8 
2 3 0 8 7 

391 4081909450240025485 1 5
2 1 0 7 8 

410 10358379788598736085 1 5
3 4 1 7 8 

409 7593192566551732959 1 5
4 3 0 7 8 

403 2771434217467841969 2 5
4 1 0 7 8 
4 1 0 8 7 

372 7281794191783332379 1 5
4 2 5 8 6 

395 17311273292731729487 1 5
1 3 0 8 7 

364 9864369577274588556 1 5
6 8 5 2 3 

358 14572413513446002779 1 5
1 2 5 8 6 

357 17244377848812064884 1 5
2 5 0 8 6 

376 15992599045604752197 1 5
4 5 3 6 8 

362 9219100597095508195 1 5
1 3 5 6 8 

361 1936306598894758153 2 5
3 5 0 6 8 
5 3 0 6 8 

370 11968195462542744515 1 5
5 4 1 8 6 

355 14707337930711021651 2 5
1 5 0 6 8 
1 5 0 8 6 

369 12734909930685203393 1 5
4 5 0 8 6 

348 16933922767561431422 1 5
4 2 3 8 6 

333 2297159645589997922 2 5
2 3 0 6 8 
2 3 0 8 6 

334 7341637772744013417 1 5
1 2 3 6 8 

341 5856941686698257872 2 5
2 4 0 8 6 
4 2 0 8 6 

342 11863585415198097430 1 5
2 4 1 8 6 

102 15432140375776861645 1 4
1 6 2 5 

116 6944248487395130558 1 4
4 6 2 5 

108 10198685372695966735 1 4
6 5 2 3 

101 5412003110799512562 1 4
2 5 0 6 

120 2505770065154038676 1 4
4 6 5 3 

106 15277674632909440971 1 4
6 1 5 3 

114 2341118039948297675 2 4
5 6 4 1 
6 5 4 1 

105 12219527490892606314 2 4
3 5 0 6 
5 3 0 6 

113 11829580122578318875 1 4
4 5 0 6 

99 1532943731508929403 1 4
1 5 0 6 

356 4552011642580699561 1 4
2 5 8 6 

78 16172666817285989538 1 4
1 6 2 3 

92 5036159874697649378 1 4
4 6 2 3 

85 17033440425027155532 2 4
2 4 0 6 
4 2 0 6 

204 15175919273973401860 2 4
2 3 6 7 
2 3 7 6 

77 1361567497545663179 1 4
2 3 0 6 

86 16016297114028039594 1 4
2 6 4 1 

198 9001497095250714094 2 4
2 1 6 7 
2 1 7 6 

71 1349523525402397171 1 4
2 1 0 6 

90 4302383093528676959 2 4
3 6 4 1 
6 3 4 1 

216 11647855889567165862 1 4
4 3 7 6 

89 15024369831046084700 1 4
4 3 0 6 

346 17155663911974569618 1 5
3 4 1 8 6 

210 18053874117709499490 2 4
4 1 6 7 
4 1 7 6 

83 17068555702983373614 1 4
4 1 0 6 

340 8544954277129885288 2 4
2 4 8 6 
4 2 8 6 

202 8128878631245624916 1 4
1 3 6 7 

75 8963940789032925407 1 4
1 3 0 6 

332 3982813991072387447 2 4
2 3 6 8 
2 3 8 6 

46 3448238422706511371 1 4
1 5 2 3 

60 2607418473385038378 1 4
4 5 2 3 

172 9264604267424564502 1 4
7 5 2 3 

45 5663877109247944480 1 4
0 5 2 3 

302 4527816419872593180 1 5
8 1 5 2 3 

180 14982105972647012045 1 4
4 7 2 5 

53 11371625876702636691 1 4
4 0 2 5 

310 8547274374134112309 1 5
8 2 5 4 1 

54 7134690330649670465 1 4
2 5 4 1 

166 15432140375776861645 1 4
1 7 2 5 

39 15427552920082654949 1 4
0 1 2 5 

296 12200856999056393219 2 3
8 5 3 
8 3 5 

58 13508670450859650731 2 4
3 5 4 1 
5 3 4 1 

184 5099980282165547332 1 4
4 7 3 5 

57 15410467675298359368 1 4
0 4 5 3 

314 13526435708065066334 1 5
8 5 3 4 1 

170 681122606495926558 1 4
7 1 5 3 

43 9490986275881546759 1 4
0 1 3 5 

300 11645205469023242068 1 4
8 5 2 3 

178 2123960685691212490 2 4
5 7 4 1 
7 5 4 1 

51 16453020887961469208 1 4
0 5 4 1 

308 12170105755248960948 1 4
4 8 2 5 

156 9545065420260481377 1 4
4 7 2 3 

29 7083331739448885094 2 4
0 4 2 3 
4 0 2 3 

286 2942098573376282375 1 5
8 2 3 4 1 

150 6886130256718724555 1 4
2 7 4 1 

23 3093546734051858668 2 4
0 2 4 1 
2 0 4 1 

280 14718008852537657457 2 3
4 3 8 
4 8 3 

142 16448934284461313767 1 4
1 7 2 3 

15 1461673539262015536 1 4
0 1 2 3 

30 17508053237903652998 1 4
2 3 4 1 

154 14725816975620259897 2 4
3 7 4 1 
7 3 4 1 

27 2872370809812084179 1 4
0 3 4 1 

284 988429156731256704 1 4
4 8 2 3 

195 14570014815237657482 2 4
1 0 6 7 
1 0 7 6 

452 15236505058129304159 1 4
2 7 6 8 

322 17643345585975422253 2 3
1 6 8 
1 8 6 

88 10706753935364593016 2 3
4 3 6 
4 6 3 

345 7616782957309397011 1 5
4 3 0 8 6 

74 9713973698939819375 2 3
1 3 6 
1 6 3 

331 3801368957284373018 1 5
1 3 0 8 6 

52 11163419157646448502 1 3
4 2 5 

309 194883141171432832 1 5
4 2 5 0 8 

56 6769977200444175653 2 3
4 3 5 
4 5 3 

313 10898722602978016487 1 5
4 5 3 0 8 

165 5412003110799512562 1 4
2 5 0 7 

38 15442501309728530915 1 3
1 2 5 

295 17836175484170070360 1 5
1 2 5 0 8 

292 15466379490324008734 1 3
8 2 5 

35 2386687592326129334 1 3
0 1 5 

197 5215022540671273095 2 4
2 0 6 7 
2 0 7 6 

324 12585292063867719537 2 3
2 6 8 
2 8 6 

67 3452836694390216900 1 3
1 0 6 

70 7394432076774055652 1 3
2 1 6 

327 12367688566948629682 1 5
2 1 0 6 8 

100 17278863829063952903 1 3
6 2 5 

209 5215022540671273095 2 4
4 0 6 7 
4 0 7 6 

336 12585292063867719537 2 3
4 6 8 
4 8 6 

79 10973927802387971842 1 5
1 2 3 0 6 

3 14348962063608867451 1 2
0 1 

17 17087753756477223945 2 2
0 4 
4 0 

194 15859317235844097280 2 3
1 6 7 
1 7 6 

147 17068555702983373614 1 4
4 1 0 7 

404 391625185477465501 2 4
2 4 8 7 
4 2 8 7 

20 17087753756477223945 2 2
2 4 
4 2 

277 2995300807293622581 2 4
2 4 0 8 
4 2 0 8 

11 365950895112199912 1 3
0 1 3 

138 9615212303176925501 2 3
1 3 7 
1 7 3 

133 11149028268085365730 1 3
2 0 7 

390 14636378289690448760 1 4
2 1 7 8 

6 14348962063608867451 1 2
2 1 

263 15954341905188067037 1 4
2 1 0 8 

400 17258787824257198352 2 3
4 7 8 
4 8 7 

143 8117458017287270534 1 5
1 2 3 0 7 

273 11149028268085365730 1 3
4 0 8 

19 10610318369299928151 1 3
0 4 1 

276 2361156492905547982 2 3
2 4 8 
4 2 8 

196 3870621583062396010 2 3
2 6 7 
2 7 6 

69 11149028268085365730 1 3
2 0 6 

326 14354045225418036651 1 4
2 1 6 8 

112 18207486321558840374 2 3
4 5 6 
4 6 5 

84 16574095905003600574 2 3
2 4 6 
4 2 6 

13 1100806113672523033 1 3
0 2 3 

270 10148971678438897361 1 4
1 8 2 3 

131 3452836694390216900 1 3
1 0 7 

388 17258787824257198352 2 3
2 7 8 
2 8 7 

141 1361567497545663179 1 4
2 3 0 7 

14 3102954212174254144 1 3
1 2 3 

271 16989597031537827312 1 5
1 2 3 0 8 

28 1100806113672523033 1 3
4 2 3 

285 7110494713228506197 1 5
4 2 3 0 8 

98 9300881905892324280 2 3
1 5 6 
1 6 5 

104 187015039591281257 2 3
6 5 3 
6 3 5 

145 11149028268085365730 1 3
4 0 7 

402 16244084995599835305 2 4
4 1 7 8 
4 1 8 7 

25 1330854201845664887 2 3
0 4 3 
4 0 3 

282 13990839967758492580 2 4
3 8 4 1 
8 3 4 1 

152 2512533711646785065 2 3
4 3 7 
4 7 3 

7 18239715174590120964 2 3
0 2 1 
2 0 1 

261 11149028268085365730 1 3
2 0 8 

134 7394432076774055652 1 3
2 1 7 

21 10464402029777390164 6 3
0 2 4 
0 4 2 
2 0 4 
2 4 0 
4 2 0 
4 0 2 

278 3215644820430219389 1 4
2 8 4 1 

148 5707635945091764290 2 3
2 4 7 
4 2 7 

139 15626720611115825944 1 4
1 3 0 7 

396 2045910373128645647 2 4
2 3 7 8 
2 3 8 7 

266 72167144898209111 2 3
1 3 8 
1 8 3 

49 17662388742419376403 2 3
0 4 5 
4 0 5 

306 14069496389275337490 2 4
5 8 4 1 
8 5 4 1 

176 3854895435528399829 2 3
4 5 7 
4 7 5 

162 9300881905892324280 2 3
1 5 7 
1 7 5 

153 2707213394142242189 1 4
4 3 0 7 

41 2646679150000234221 2 3
0 3 5 
0 5 3 

298 7047791958837114825 1 4
1 8 3 5 

168 13610365356657072042 2 3
7 5 3 
7 3 5 

37 1866401850434390003 1 3
0 2 5 

294 6874556599059034845 1 4
8 1 2 5 

164 17278863829063952903 1 3
7 2 5 

386 16855916945314738306 2 3
1 7 8 
1 8 7 

5 17087753756477223945 2 2
0 2 
2 0 

262 365950895112199912 1 3
2 1 8 

259 3452836694390216900 1 3
1 0 8 

81 11149028268085365730 1 3
4 0 6 

338 8331057477270452023 2 4
4 1 6 8 
4 1 8 6 

208 3870621583062396010 2 3
4 6 7 
4 7 6 

135 1349523525402397171 1 4
2 1 0 7 

163 1532943731508929403 1 4
1 5 0 7 

420 18174598764206756338 1 4
2 5 8 7 

290 9300881905892324280 2 3
1 5 8 
1 8 5 

177 6333077869789004859 1 4
4 5 0 7 

304 16258839135554755291 2 3
4 5 8 
4 8 5 

47 15724558970351023728 1 5
0 1 5 2 3 

149 9192673037414984222 2 4
2 4 0 7 
4 2 0 7 

22 10610318369299928151 1 3
2 4 1 

279 4459863763051528875 1 5
2 4 1 0 8 

169 18306648581980893316 2 4
3 5 0 7 
5 3 0 7 

42 1739385398763887805 2 3
1 3 5 
1 5 3 

299 11869286734603194655 1 5
1 3 5 0 8 

240 16578887558284223123 1 4
4 5 7 6 

232 1626246282169189437 2 4
3 5 6 7 
5 3 6 7 

212 16406621722779782888 2 4
2 4 6 7 
4 2 6 7 

226 1473030213546301611 2 4
1 5 6 7 
1 5 7 6 

228 8389767111385487549 2 4
2 5 6 7 
2 5 7 6 

275 17068555702983373614 1 4
4 1 0 8 

267 8480801086287645143 1 4
1 3 0 8 

281 1470142328109767921 1 4
4 3 0 8 

269 1361567497545663179 1 4
2 3 0 8 

291 1532943731508929403 1 4
1 5 0 8 

305 12152577045520422986 1 4
4 5 0 8 

297 5741225646592503447 2 4
3 5 0 8 
5 3 0 8 

293 5759712181837140638 1 4
2 5 0 8 

312 7861852983353935222 1 4
4 8 5 3 

55 9823199675383249251 1 5
0 2 5 4 1 

323 1740628914952821173 2 4
1 0 6 8 
1 0 8 6 

337 15669754230730330559 2 4
4 0 6 8 
4 0 8 6 

330 4816126272271678830 1 4
1 3 8 6 

325 15669754230730330559 2 4
2 0 6 8 
2 0 8 6 

344 3594530558944545459 1 4
4 3 8 6 

87 10499159361409993176 1 5
2 0 6 4 1 

354 241123434700039341 2 4
1 5 6 8 
1 5 8 6 

387 1468505418982855792 2 4
1 0 7 8 
1 0 8 7 

368 3418372805148521270 1 4
4 5 8 6 

360 8598181255574835227 2 4
3 5 6 8 
5 3 6 8 

103 259004928205116857 1 5
1 2 5 0 6 

401 5625766177066252915 2 4
4 0 7 8 
4 0 8 7 

389 5625766177066252915 2 4
2 0 7 8 
2 0 8 7 

408 7997573950467556605 1 4
4 3 7 8 

151 9398283187358868133 1 5
2 0 7 4 1 

394 499184667248880037 1 4
1 3 8 7 

432 4198184603307738081 1 4
4 5 8 7 

424 5871367967883528839 2 4
3 5 7 8 
5 3 7 8 

167 259004928205116857 1 5
1 2 5 0 7 

418 9114154369475152507 2 4
1 5 7 8 
1 5 8 7 

450 15451852832272604736 1 4
1 7 6 8 

464 15236505058129304159 1 4
4 7 6 8 

59 17074387144400000695 1 5
0 5 3 4 1 

316 12882280692189631175 1 5
4 8 5 2 3 

31 14379465423906145232 1 5
0 2 3 4 1 

61 11487450868715485620 1 5
0 4 5 2 3 

62 12500239743436761367 1 5
4 1 5 2 3 

91 10711445262436473239 1 5
3 4 1 0 6 

93 14534091388890620093 1 5
4 2 3 0 6 

94 4849360783761440111 1 5
6 2 3 4 1 

115 5592877303684536249 1 5
5 4 1 0 6 

107 9728809885741020754 1 5
1 5 3 0 6 

117 29776045959605598 1 5
4 2 5 0 6 

121 14453904469706827638 1 5
4 5 3 0 6 

122 13204958432595888788 1 5
6 5 3 4 1 

118 1556294666712551093 1 5
6 2 5 4 1 

109 16492103317129189931 1 5
0 6 5 2 3 

110 4207601257721179159 1 5
6 1 5 2 3 

124 8463095346888603479 1 5
4 6 5 2 3 

155 15348379916172405901 1 5
3 4 1 0 7 

157 2364145148934641800 1 5
4 2 3 0 7 

158 14907295010054305748 1 5
7 4 1 2 3 

171 5888756583482642384 1 5
1 5 3 0 7 

179 9680061650742664022 1 5
5 4 1 0 7 

186 7797913045774873769 1 5
7 3 5 4 1 

185 9881465902439942834 1 5
4 5 3 0 7 

182 9669559370842418710 1 5
7 2 5 4 1 

173 13171512867493862458 1 5
0 7 5 2 3 

181 18185707170070046486 1 5
4 2 5 0 7 

188 15340076583010021145 1 5
4 7 5 2 3 

174 6816891795119908438 1 5
7 1 5 2 3 

203 10264343865643404794 1 5
1 3 0 6 7 

211 12665691706189923090 2 5
4 1 0 6 7 
4 1 0 7 6 

217 249357892398199614 1 5
4 3 0 7 6 

218 16560975352385977115 1 5
3 4 1 7 6 

199 14397132402057180630 2 5
2 1 0 6 7 
2 1 0 7 6 

214 17956450401945209219 1 5
2 4 1 6 7 

213 14719261466401227778 2 5
2 4 0 6 7 
4 2 0 6 7 

205 14719859149636124814 2 5
2 3 0 6 7 
2 3 0 7 6 

206 5782624154072983868 1 5
1 2 3 6 7 

220 16567450449304083013 1 5
4 2 3 7 6 

227 11293203736934951217 2 5
1 5 0 6 7 
1 5 0 7 6 

241 2343760762858130009 1 5
4 5 0 7 6 

233 2017368716023615219 2 5
3 5 0 6 7 
5 3 0 6 7 

242 263081600067472060 1 5
5 4 1 7 6 

234 16139311923209771074 1 5
1 5 3 6 7 

248 2991030335371520688 1 5
4 3 5 6 7 

229 7302556160925383795 2 5
2 5 0 6 7 
2 5 0 7 6 

236 12359179385598690483 1 5
6 7 5 2 3 

230 18422889522666263887 2 5
1 2 5 6 7 
1 2 5 7 6 

244 12870356929642182881 1 5
4 2 5 7 6 

283 2672911651572903112 1 5
3 4 1 0 8 

307 13705741553262686548 1 5
5 4 1 0 8 

301 13629544955956802334 1 5
0 8 5 2 3 

339 10832480523201909849 2 5
4 1 0 6 8 
4 1 0 8 6 

