bhabha2pb2m[-1,0,0,0,1,0,0,0,0]*(-7*a4)
bhabha2pb2m[0,0,0,0,0,0,0,0,0]*(5*a6-5*a7+5*a4-5*a1)
bhabha2pb2m[0,0,0,0,1,0,0,0,0]*(-14*a4-7*eta*a4)
bhabha2pb2m[0,0,0,0,0,0,0,0,1]*(18*a8)
bhabha2pb2m[0,-1,0,0,1,0,0,0,0]*(2*a4)
bhabha2pb2m[0,0,0,0,0,0,-1,0,1]*(-6*a8)
bhabha2pb2m[0,0,-1,0,0,0,1,0,0]*(-7*a6)
bhabha2pb2m[0,0,0,0,0,0,0,-1,1]*(-3*a8)
bhabha2pb2m[0,0,0,0,0,1,0,0,0]*(9*eta*a5+18*a5)
bhabha2pb2m[0,0,0,0,0,0,1,-1,0]*(2*a6)
bhabha2pb2m[0,0,0,0,0,0,1,0,0]*(-14*a6)
bhabha2pb2m[-1,1,0,0,0,0,0,0,0]*(7*a1)
bhabha2pb2m[0,1,0,0,-1,0,0,0,0]*(-2*a1)
bhabha2pb2m[0,1,0,0,0,0,0,0,0]*(7*eta*a1+14*a1)
bhabha2pb2m[-1,0,0,0,0,1,0,0,0]*(9*a5)
bhabha2pb2m[0,0,-1,0,0,0,0,0,1]*(9*a8)
bhabha2pb2m[0,-1,0,0,0,1,0,0,0]*(-3*a5)
bhabha2pb2m[0,0,-1,0,0,0,0,1,0]*(7*a7)
bhabha2pb2m[0,0,0,0,0,0,-1,1,0]*(-2*a7)
bhabha2pb2m[0,0,0,0,0,0,0,1,0]*(14*a7)
bhabha2pb2m[0,0,0,0,-1,1,0,0,0]*(-6*a5)

bhabha2pb2m[-1,0,0,0,1,0,0,0,0]*(-5*a4)
bhabha2pb2m[0,0,0,0,0,0,0,0,0]*(3*a6+3*a4-3*a8-3*a5)
bhabha2pb2m[0,0,0,0,1,0,0,0,0]*(-10*a4-5*eta*a4)
bhabha2pb2m[0,0,-1,0,0,0,0,0,1]*(5*a8)
bhabha2pb2m[0,0,0,0,1,-1,0,0,0]*(2*a4)
bhabha2pb2m[0,0,0,0,0,1,0,0,0]*(5*eta*a5+10*a5)
bhabha2pb2m[0,0,-1,0,0,0,1,0,0]*(-5*a6)
bhabha2pb2m[0,0,0,0,0,0,0,0,1]*(10*a8)
bhabha2pb2m[-1,0,0,0,0,1,0,0,0]*(5*a5)
bhabha2pb2m[0,0,0,0,0,0,1,0,-1]*(2*a6)
bhabha2pb2m[0,0,0,0,0,0,1,0,0]*(-10*a6)
bhabha2pb2m[-1,1,0,0,0,0,0,0,0]*(11*a1)
bhabha2pb2m[0,1,0,0,-1,0,0,0,0]*(-6*a1)
bhabha2pb2m[0,1,0,0,0,0,0,0,0]*(11*eta*a1+22*a1)
bhabha2pb2m[0,0,0,0,-1,1,0,0,0]*(-2*a5)
bhabha2pb2m[0,1,0,0,0,-1,0,0,0]*(-5*a1)
bhabha2pb2m[0,0,0,0,0,0,-1,0,1]*(-2*a8)
bhabha2pb2m[0,0,-1,0,0,0,0,1,0]*(11*a7)
bhabha2pb2m[0,0,0,0,0,0,-1,1,0]*(-6*a7)
bhabha2pb2m[0,0,0,0,0,0,0,1,0]*(22*a7)
bhabha2pb2m[0,0,0,0,0,0,0,1,-1]*(-5*a7)

bhabha2pb2m[-1,0,0,0,1,0,0,0,0]*(2*a4)
bhabha2pb2m[0,-1,0,0,1,0,0,0,0]*(3*a4)
bhabha2pb2m[0,0,0,0,1,0,0,0,0]*(4*a4+2*eta*a4)
bhabha2pb2m[0,0,0,0,0,0,0,0,0]*(-6*a7-6*a1+6*a8+6*a5)
bhabha2pb2m[0,0,0,0,1,-1,0,0,0]*(-5*a4)
bhabha2pb2m[0,0,-1,0,0,0,0,0,1]*(-4*a8)
bhabha2pb2m[0,0,-1,0,0,0,1,0,0]*(2*a6)
bhabha2pb2m[0,0,0,0,0,0,1,-1,0]*(3*a6)
bhabha2pb2m[0,0,0,0,0,0,1,0,0]*(4*a6)
bhabha2pb2m[0,0,0,0,0,1,0,0,0]*(-4*eta*a5-8*a5)
bhabha2pb2m[0,0,0,0,0,0,1,0,-1]*(-5*a6)
bhabha2pb2m[-1,0,0,0,0,1,0,0,0]*(-4*a5)
bhabha2pb2m[-1,1,0,0,0,0,0,0,0]*(4*a1)
bhabha2pb2m[0,0,0,0,0,0,0,0,1]*(-8*a8)
bhabha2pb2m[0,1,0,0,0,0,0,0,0]*(4*eta*a1+8*a1)
bhabha2pb2m[0,-1,0,0,0,1,0,0,0]*(-2*a5)
bhabha2pb2m[0,1,0,0,0,-1,0,0,0]*(2*a1)
bhabha2pb2m[0,0,0,0,0,0,0,1,0]*(8*a7)
bhabha2pb2m[0,0,-1,0,0,0,0,1,0]*(4*a7)
bhabha2pb2m[0,0,0,0,0,0,0,-1,1]*(-2*a8)
bhabha2pb2m[0,0,0,0,0,0,0,1,-1]*(2*a7)

