368 11459320056471732761 8 4
4 6 5 8 
4 6 8 5 
5 8 6 4 
5 8 4 6 
6 4 5 8 
6 4 8 5 
8 5 6 4 
8 5 4 6 

340 16795696787755097424 2 4
2 8 6 4 
8 2 6 4 

344 7556829846088060811 4 4
3 8 6 4 
3 8 4 6 
8 3 6 4 
8 3 4 6 

326 7978115995136584964 2 4
2 8 6 1 
8 2 6 1 

306 11459320056471732761 8 4
1 4 5 8 
1 4 8 5 
4 1 5 8 
4 1 8 5 
5 8 1 4 
5 8 4 1 
8 5 4 1 
8 5 1 4 

294 10601132076907988804 2 4
1 2 8 5 
2 1 8 5 

278 10601132076907988804 2 4
2 8 1 4 
8 2 1 4 

390 1677071180347565230 2 4
2 8 7 1 
8 2 7 1 

263 10032854101669680302 2 4
1 2 0 8 
2 1 0 8 

270 1677071180347565230 2 4
1 2 3 8 
2 1 3 8 

232 9889576315341648160 4 4
6 7 3 5 
6 7 5 3 
7 6 5 3 
7 6 3 5 

225 7871595003805569780 2 4
0 5 6 7 
0 5 7 6 

209 3165200775769927612 2 4
0 6 7 4 
0 7 6 4 

184 11459320056471732761 8 4
3 5 4 7 
3 5 7 4 
4 7 5 3 
4 7 3 5 
5 3 4 7 
5 3 7 4 
7 4 5 3 
7 4 3 5 

201 10463934331409243146 2 4
0 3 6 7 
0 3 7 6 

177 7575685697867772794 2 4
0 5 4 7 
0 5 7 4 

449 18105657423988265026 2 4
0 8 7 6 
0 8 6 7 

195 16513937861359186902 1 4
0 6 1 7 

172 10601132076907988804 2 4
2 7 3 5 
7 2 3 5 

308 179286298576043391 2 4
2 4 8 5 
4 2 8 5 

54 179286298576043391 2 4
2 5 1 4 
5 2 1 4 

113 7575685697867772794 2 4
0 5 4 6 
0 5 6 4 

420 1324427476534020738 2 4
2 7 8 5 
7 2 8 5 

166 3364750820705448782 4 4
2 5 1 7 
2 5 7 1 
5 2 1 7 
5 2 7 1 

39 14746987401406022280 2 4
1 2 0 5 
2 1 0 5 

408 7556829846088060811 4 4
3 8 7 4 
3 8 4 7 
8 3 7 4 
8 3 4 7 

27 9291734466800096979 2 4
0 3 1 4 
0 3 4 1 

145 5658990689011267631 2 3
0 4 7 
0 7 4 

284 3364750820705448782 4 4
2 4 3 8 
2 4 8 3 
4 2 3 8 
4 2 8 3 

30 1324427476534020738 2 4
2 3 1 4 
3 2 1 4 

89 9291734466800096979 2 4
0 3 4 6 
0 3 6 4 

85 3468356597344595421 1 4
0 2 6 4 

197 5172453162762639320 1 4
0 2 6 7 

324 14860785610888650053 6 3
2 6 8 
2 8 6 
6 2 8 
6 8 2 
8 6 2 
8 2 6 

401 15897170169750827835 2 4
0 8 7 4 
0 8 4 7 

147 747903760426709986 2 4
0 1 7 4 
0 7 1 4 

354 3092465935444304488 4 4
1 6 5 8 
1 6 8 5 
6 1 5 8 
6 1 8 5 

100 6906529405458791006 6 3
2 5 6 
2 6 5 
5 2 6 
5 6 2 
6 5 2 
6 2 5 

387 12647189590821500486 2 4
0 8 7 1 
0 8 1 7 

133 11756190339471029063 2 3
0 2 7 
0 7 2 

480 9889576315341648160 4 4
6 7 5 8 
6 7 8 5 
7 6 5 8 
7 6 8 5 

99 12222220430323106836 2 4
1 6 0 5 
6 1 0 5 

131 18382350540000371621 2 3
0 1 7 
0 7 1 

418 7556829846088060811 4 4
1 7 5 8 
1 7 8 5 
7 1 5 8 
7 1 8 5 

164 6906529405458791006 6 3
2 5 7 
2 7 5 
5 2 7 
5 7 2 
7 5 2 
7 2 5 

46 1324427476534020738 2 4
1 2 3 5 
2 1 3 5 

193 11781160662233158669 2 3
0 6 7 
0 7 6 

456 1699057898927065156 4 4
6 7 3 8 
6 7 8 3 
7 6 3 8 
7 6 8 3 

75 15043728251188168996 2 4
1 6 0 3 
6 1 0 3 

19 5658990689011267631 2 3
0 1 4 
0 4 1 

332 17015737541233389546 2 4
2 6 3 8 
6 2 3 8 

78 78324714845983665 2 4
2 3 1 6 
3 2 1 6 

275 15897170169750827835 2 4
0 8 4 1 
0 8 1 4 

21 13332108747896106527 2 3
0 2 4 
0 4 2 

139 13373640883455148298 2 4
0 3 1 7 
0 3 7 1 

165 16167726131027126848 2 4
2 7 0 5 
7 2 0 5 

38 6906529405458791006 6 3
1 2 5 
1 5 2 
2 1 5 
2 5 1 
5 2 1 
5 1 2 

29 7924087120930499434 2 4
2 4 0 3 
4 2 0 3 

156 10601132076907988804 2 4
2 3 7 4 
3 2 7 4 

67 3802721643535765231 2 3
0 1 6 
0 6 1 

282 7556829846088060811 4 4
3 8 4 1 
3 8 1 4 
8 3 4 1 
8 3 1 4 

28 6906529405458791006 6 3
2 3 4 
2 4 3 
3 2 4 
3 4 2 
4 3 2 
4 2 3 

330 12792859129086584636 4 4
1 6 3 8 
1 6 8 3 
6 1 3 8 
6 1 8 3 

76 13119232308241019096 6 3
2 3 6 
2 6 3 
3 2 6 
3 6 2 
6 3 2 
6 2 3 

389 7443492619301860047 2 4
2 7 8 0 
7 2 8 0 

262 754205998099296360 6 3
1 2 8 
1 8 2 
2 1 8 
2 8 1 
8 2 1 
8 1 2 

135 7363673262393624268 1 4
0 2 1 7 

7 4083413661961873562 2 3
0 1 2 
0 2 1 

388 2728381371886174304 6 3
2 7 8 
2 8 7 
7 2 8 
7 8 2 
8 7 2 
8 2 7 

323 16772883563603366655 2 4
1 6 0 8 
6 1 0 8 

69 4083413661961873562 2 3
0 2 6 
0 6 2 

404 1324427476534020738 2 4
2 8 7 4 
8 2 7 4 

277 2169451740099444384 2 4
2 4 0 8 
4 2 0 8 

23 3468356597344595421 1 4
0 2 1 4 

14 2728381371886174304 6 3
1 2 3 
1 3 2 
2 1 3 
2 3 1 
3 2 1 
3 1 2 

141 7183987858985947225 2 4
2 7 0 3 
7 2 0 3 

81 5658990689011267631 2 3
0 4 6 
0 6 4 

394 13150025586414177241 8 4
1 7 3 8 
1 7 8 3 
3 8 7 1 
3 8 1 7 
7 1 3 8 
7 1 8 3 
8 3 7 1 
8 3 1 7 

140 754205998099296360 6 3
2 3 7 
2 7 3 
3 2 7 
3 7 2 
7 3 2 
7 2 3 

432 11459320056471732761 8 4
4 7 5 8 
4 7 8 5 
5 8 7 4 
5 8 4 7 
7 4 5 8 
7 4 8 5 
8 5 7 4 
8 5 4 7 

51 7575685697867772794 2 4
0 5 4 1 
0 5 1 4 

60 179286298576043391 2 4
2 4 3 5 
4 2 3 5 

58 11459320056471732761 8 4
1 4 3 5 
1 4 5 3 
3 5 4 1 
3 5 1 4 
4 1 3 5 
4 1 5 3 
5 3 4 1 
5 3 1 4 

180 179286298576043391 2 4
2 5 7 4 
5 2 7 4 

53 2382426766148127813 2 4
2 4 0 5 
4 2 0 5 

452 10220627191361430879 2 4
2 8 7 6 
8 2 7 6 

325 13178228260998671655 2 4
2 6 0 8 
6 2 0 8 

71 12909218282709879135 2 4
0 2 1 6 
0 2 6 1 

204 2974813683649203891 2 4
2 3 6 7 
3 2 6 7 

77 6247176209102770317 2 4
2 6 3 0 
6 2 3 0 

337 15897170169750827835 2 4
0 8 6 4 
0 8 4 6 

83 12072798697368028026 2 4
0 1 6 4 
0 6 1 4 

396 1677071180347565230 2 4
2 7 8 3 
7 2 8 3 

15 1412383601402952104 2 4
1 2 3 0 
2 1 3 0 

142 1677071180347565230 2 4
2 3 1 7 
3 2 1 7 

92 14772881018774504782 2 4
2 3 6 4 
3 2 6 4 

106 3092465935444304488 4 4
1 6 5 3 
1 6 3 5 
6 1 5 3 
6 1 3 5 

356 16795696787755097424 2 4
2 6 8 5 
6 2 8 5 

102 11591101788391728525 4 4
2 5 1 6 
2 5 6 1 
5 2 1 6 
5 2 6 1 

108 14772881018774504782 2 4
2 6 3 5 
6 2 3 5 

228 394700380938346138 4 4
2 5 6 7 
2 5 7 6 
5 2 6 7 
5 2 7 6 

101 14746987401406022280 2 4
2 6 0 5 
6 2 0 5 

116 179286298576043391 2 4
2 5 6 4 
5 2 6 4 

120 11459320056471732761 8 4
3 5 4 6 
3 5 6 4 
4 6 5 3 
4 6 3 5 
5 3 4 6 
5 3 6 4 
6 4 5 3 
6 4 3 5 

153 9291734466800096979 2 4
0 3 4 7 
0 3 7 4 

163 7754382759178444053 2 4
0 5 1 7 
0 5 7 1 

170 7556829846088060811 4 4
1 7 5 3 
1 7 3 5 
7 1 5 3 
7 1 3 5 

276 6906529405458791006 6 3
2 4 8 
2 8 4 
4 2 8 
4 8 2 
8 4 2 
8 2 4 

149 2889765835957060124 1 4
0 2 4 7 

