bhabha2lp[0,0,1,1,0,0,0,0,0] # 12
bhabha2lp[0,0,1,1,1,0,0,0,0] # 28
bhabha2lp[1,1,1,0,0,0,0,0,0] #  7
bhabha2lp[1,0,1,0,0,2,0,0,0] # 37
bhabha2lp[2,0,1,0,0,1,0,0,0] # 37
bhabha2lp[0,0,1,1,0,2,0,0,0] # 44
bhabha2lp[1,1,1,1,0,0,0,0,0] # 15
bhabha2lp[1,0,1,1,0,2,0,0,0] # 45
bhabha2lp[1,0,1,2,0,1,0,0,0] # 45
bhabha2lp[0,0,1,1,1,2,0,0,0] # 60
bhabha2lp[0,0,1,1,2,1,0,0,0] # 60
bhabha2lp[1,1,1,1,1,0,0,0,0] # 31
bhabha2lp[1,0,1,1,1,2,0,0,0] # 61
bhabha2lp[1,0,1,1,2,1,0,0,0] # 61
bhabha2lp[1,0,1,0,0,0,0,0,0] #  5
bhabha2lp[1,0,1,1,0,0,0,0,0] # 13
bhabha2lp[1,0,1,0,0,3,0,0,0] # 37
bhabha2lp[1,0,1,1,1,0,0,0,0] # 29
bhabha2lp[2,0,1,1,0,1,0,0,0] # 45
bhabha2lp[2,0,1,1,1,1,0,0,0] # 61
