502 2242639163159199851 1 7
6 2 4 5 1 8 7 

508 11568300809181820834 1 7
6 2 7 8 4 3 5 

501 9482049287509622817 1 7
6 2 8 7 4 0 5 

471 6239399907779925666 1 7
6 2 0 4 1 7 8 

477 5633652344045637915 1 7
6 2 7 8 4 0 3 

478 10921355829064279116 1 7
6 2 4 3 1 7 8 

494 2365190374373006701 1 7
6 2 3 5 1 7 8 

463 15671040307907197604 2 7
0 3 6 2 1 7 8 
6 2 0 3 1 7 8 

493 5677687045631134674 1 7
6 2 7 8 0 3 5 

487 18266321038318892552 1 7
0 5 6 2 1 8 7 

506 1824990950170381589 1 7
6 1 7 8 4 3 5 

505 9837628903696238915 1 7
6 7 8 4 0 5 3 

499 8068551319523169840 1 7
6 1 7 8 4 0 5 

475 14982426896088236378 1 7
6 1 7 8 4 0 3 

491 11125622646258855211 1 7
6 1 8 7 0 3 5 

446 18218612591300226226 1 7
2 4 3 5 1 7 8 

445 9076597177379278598 1 7
2 7 8 4 0 3 5 

439 16771033146871990520 1 7
2 1 8 7 0 4 5 

415 2326254425887727848 1 7
2 1 7 8 0 4 3 

431 9637244040265118819 1 7
2 0 3 5 1 7 8 

443 17344214225762450744 2 7
1 7 8 4 0 5 3 
1 8 7 4 0 5 3 

375 1250052884434115301 1 7
1 8 6 2 0 4 5 

382 7783042572803678712 1 7
6 2 1 8 4 3 5 

381 3019877822261194001 1 7
8 6 2 0 4 5 3 

351 3586796666213813140 1 7
1 8 6 2 0 4 3 

367 1430977133678596256 1 7
1 8 6 2 0 3 5 

379 16106382676581819396 1 7
6 1 8 0 4 3 5 

319 5202362330379380078 1 7
2 1 8 0 4 5 3 

247 2603175265824214319 1 7
1 7 6 2 0 4 5 

254 9495934064119440248 1 7
6 2 1 7 4 3 5 

253 332039470937588388 1 7
7 6 2 4 0 3 5 

223 8627042576616916158 1 7
1 7 6 2 0 4 3 

251 5435646950318640249 1 7
6 1 7 4 0 3 5 

239 10178063431605855653 1 7
1 7 6 2 0 3 5 

127 13925790199442910425 1 7
1 6 2 0 4 3 5 

191 10944960162226695256 1 7
2 1 7 0 4 3 5 

500 7204244420567824876 1 6
6 2 4 5 8 7 

469 18046035041128075154 1 6
6 2 4 0 7 8 

476 16889758267298843415 1 6
4 3 6 2 7 8 

470 11326802037168385318 1 6
4 6 2 1 7 8 

492 9422474369841902985 1 6
6 2 7 8 3 5 

461 7175627725203443448 2 6
0 3 6 2 7 8 
6 2 0 3 7 8 

485 14481473502050518820 1 6
6 2 0 5 8 7 

486 13038076086771827985 1 6
5 6 2 1 8 7 

462 9339015363260666123 1 6
3 6 2 1 7 8 

455 14658224839943583537 1 6
0 6 2 1 8 7 

504 2142846342027909862 1 6
6 7 8 4 5 3 

498 1896600727043237661 1 6
6 4 5 1 7 8 

497 5572703447641785052 1 6
6 7 8 4 0 5 

474 8108987607851121357 1 6
6 4 3 1 7 8 

467 18276247582823464215 1 6
6 4 0 1 7 8 

473 15693811532100486835 1 6
6 7 8 4 0 3 

490 15744897981010048400 1 6
6 3 5 1 8 7 

489 592497736116537662 1 6
6 8 7 0 5 3 

483 14983006644014470662 1 6
6 0 5 1 8 7 

459 14658224839943583537 1 6
6 0 3 1 8 7 

444 11144317505562206540 1 6
2 7 8 4 3 5 

438 1847967074542465942 1 6
2 4 5 1 8 7 

407 9114451475116414052 1 6
2 0 4 1 8 7 

437 11295652851990933732 1 6
2 8 7 4 0 5 

414 17289936650684479277 1 6
2 4 3 1 7 8 

413 12548475436857863629 1 6
2 7 8 4 0 3 

430 14519894951318660865 1 6
2 3 5 1 7 8 

429 2317816305527330587 1 6
2 7 8 0 3 5 

423 8857713618088823886 1 6
2 0 5 1 8 7 

399 9339015363260666123 1 6
2 0 3 1 7 8 

411 15793325375374671990 4 6
1 7 8 4 0 3 
1 7 8 0 4 3 
1 8 7 4 0 3 
1 8 7 0 4 3 

441 12053370890932300177 2 6
7 8 4 0 5 3 
8 7 4 0 5 3 

442 12756712606776557274 2 6
4 5 3 1 7 8 
4 5 3 1 8 7 

435 3034137993524089332 2 6
1 7 8 4 0 5 
1 8 7 4 0 5 

427 18239001922516806029 4 6
0 3 5 1 7 8 
0 3 5 1 8 7 
0 5 3 1 7 8 
0 5 3 1 8 7 

374 7521726275308472480 1 6
6 2 4 5 1 8 

380 12787612110124263975 1 6
8 6 2 4 5 3 

373 8190009624924044814 1 6
8 6 2 0 4 5 

343 11497095287572407060 1 6
1 8 6 2 0 4 

350 15245497064398939377 1 6
1 8 6 2 4 3 

366 14893988872619036472 1 6
6 2 1 8 3 5 

349 11569298335297708968 1 6
8 6 2 0 4 3 

335 1996934534639005793 2 6
1 8 6 2 0 3 
1 8 0 3 6 2 

359 2103991372145882031 1 6
0 5 1 8 6 2 

365 11510284918143871 1 6
8 6 2 0 5 3 

378 7453187076321706710 1 6
6 1 8 4 3 5 

371 15070326047005813112 1 6
6 1 8 0 4 5 

347 2382853902899295500 1 6
6 1 8 0 4 3 

377 15379830086515881965 1 6
6 8 0 4 5 3 

363 17301282017227212174 1 6
6 1 8 0 3 5 

318 1958242169090787049 1 6
2 1 8 4 5 3 

317 1362659146743411338 2 6
2 8 4 0 5 3 
8 2 4 0 5 3 

311 13733912512359265058 1 6
2 1 8 0 4 5 

287 3355455637730279526 1 6
2 1 8 0 4 3 

303 8224355921015340880 1 6
2 1 8 0 5 3 

252 4627764168647703509 1 6
7 6 2 4 3 5 

315 17830056156839413195 1 6
1 8 4 0 5 3 

246 5830863169817056481 1 6
4 5 6 2 1 7 

245 10392519273694034647 1 6
7 6 2 4 0 5 

215 12008503929425746117 1 6
1 7 6 2 0 4 

222 7457956587215073104 1 6
6 2 1 7 4 3 

221 6691867187377930293 1 6
7 6 2 4 0 3 

231 16930023864454201612 2 6
0 5 1 7 6 2 
1 7 0 5 6 2 

238 7082877381760568019 1 6
6 2 1 7 3 5 

237 9895611854582382629 1 6
7 6 2 0 3 5 

207 10008698556603584992 2 6
1 7 6 2 0 3 
1 7 0 3 6 2 

250 3347533707647605108 1 6
6 1 7 4 3 5 

243 15895674818317622899 1 6
6 1 7 4 0 5 

219 405476618274817501 1 6
6 1 7 4 0 3 

249 11267238172842578854 1 6
6 7 4 0 5 3 

235 12261391976328417081 1 6
6 1 7 0 3 5 

190 4437638152719133672 1 6
2 1 7 4 3 5 

183 5634069595292431923 1 6
2 1 7 0 4 5 

189 5771567354490341414 2 6
2 7 4 0 3 5 
7 2 4 0 3 5 

159 2630518005582778205 1 6
2 1 7 0 4 3 

126 14144279818478123308 1 6
1 6 2 4 3 5 

175 10533941864267901745 1 6
2 1 7 0 3 5 

187 17830056156839413195 1 6
1 7 4 0 5 3 

119 10090811529078252969 1 6
1 6 2 0 4 5 

125 17830056156839413195 1 6
6 2 4 0 5 3 

123 10971602928392828912 2 6
1 6 4 0 3 5 
6 1 4 0 3 5 

95 3061993032360212874 1 6
1 6 2 0 4 3 

111 14876753196760794664 1 6
1 6 2 0 3 5 

63 6465979159004361703 1 6
1 2 0 4 5 3 

468 3217252165401288818 1 5
4 6 2 7 8 

484 13939437611377896114 1 5
5 6 2 8 7 

460 15607720264977154344 1 5
3 6 2 7 8 

453 14234683075433314747 1 5
0 6 2 8 7 

496 14425966390303192742 1 5
6 4 5 7 8 

454 17788491003375796138 2 5
6 2 1 7 8 
6 2 1 8 7 

466 9648824109054852665 2 5
4 6 1 7 8 
6 4 1 7 8 

465 8947928202889118574 1 5
6 4 0 7 8 

472 4662424266731448128 1 5
6 4 3 7 8 

488 17183196908209335753 1 5
6 5 3 8 7 

481 2755616092915426713 1 5
6 0 5 8 7 

482 7593192566551732959 1 5
6 5 1 8 7 

458 3957820458289905012 2 5
6 3 1 7 8 
6 3 1 8 7 

451 658570151128921853 2 5
0 6 1 8 7 
6 0 1 8 7 

457 14234683075433314747 1 5
6 0 3 8 7 

436 18282280123535946705 1 5
2 4 5 8 7 

412 16314518696237872253 1 5
2 4 3 7 8 

405 1093400902952308384 1 5
2 4 0 8 7 

406 4556662677216329629 1 5
4 2 1 8 7 

422 15207790335891244739 2 5
2 5 1 8 7 
5 2 1 8 7 

428 6727134359175728711 1 5
2 3 5 7 8 

421 3474211665658297442 1 5
2 0 5 8 7 

398 15632246406413029307 2 5
2 3 1 7 8 
3 2 1 7 8 

391 3957820458289905012 2 5
0 2 1 7 8 
0 2 1 8 7 

397 15607720264977154344 1 5
2 0 3 7 8 

434 12466888878130331368 2 5
4 5 1 7 8 
4 5 1 8 7 

440 5129083301191390416 2 5
7 8 4 5 3 
8 7 4 5 3 

433 10760624198211691503 2 5
7 8 4 0 5 
8 7 4 0 5 

403 16721109142705299407 4 5
0 4 1 7 8 
0 4 1 8 7 
4 0 1 7 8 
4 0 1 8 7 

294 6534630873780932037 2 4
2 5 1 8 
5 2 1 8 

270 4415345656511538872 2 4
2 3 1 8 
3 2 1 8 

263 12159194040976764615 1 4
0 2 1 8 

298 7150496180077738619 2 4
1 8 5 3 
1 8 3 5 

306 1361567497545663179 1 4
4 5 1 8 

282 15406660600063173003 2 4
1 8 4 3 
4 3 1 8 

180 3758550860374928371 2 4
2 7 4 5 
7 2 4 5 

156 15804328657059468321 2 4
2 7 4 3 
7 2 4 3 

172 1677071180347565230 2 4
2 7 3 5 
7 2 3 5 

135 12159194040976764615 1 4
0 2 1 7 

163 15406660600063173003 2 4
0 5 1 7 
1 7 0 5 

420 2974813683649203891 2 4
2 5 8 7 
5 2 8 7 

139 15406660600063173003 2 4
0 3 1 7 
1 7 0 3 

396 10220627191361430879 2 4
2 3 7 8 
3 2 7 8 

86 17033440425027155532 2 4
1 4 6 2 
4 1 6 2 

92 15406660600063173003 2 4
4 3 6 2 
6 2 4 3 

116 1361567497545663179 1 4
4 5 6 2 

212 15368499501652111834 1 4
4 7 6 2 

85 11962963340393468856 2 4
6 2 4 0 
6 2 0 4 

342 2786230155103512443 1 5
4 1 8 6 2 

108 7150496180077738619 2 4
6 2 5 3 
6 2 3 5 

102 15024369831046084700 1 4
1 5 6 2 

228 3907734590851251535 2 4
5 7 6 2 
7 5 6 2 

101 15406660600063173003 2 4
0 5 6 2 
6 2 0 5 

358 5946777683810519811 1 5
5 6 2 1 8 

78 12159194040976764615 1 4
1 3 6 2 

204 15804328657059468321 2 4
3 7 6 2 
7 3 6 2 

77 15406660600063173003 2 4
0 3 6 2 
6 2 0 3 

334 8249700287224329935 2 5
3 1 8 6 2 
3 6 2 1 8 

198 15406660600063173003 2 4
1 7 6 2 
6 2 1 7 

71 3350840979172127825 2 4
0 1 6 2 
1 0 6 2 

328 10706753935364593016 2 3
6 3 8 
6 8 3 

114 7083331739448885094 2 4
1 6 4 5 
6 1 4 5 

210 2995300807293622581 2 4
4 6 1 7 
6 4 1 7 

83 2445175737654497631 4 4
1 6 4 0 
1 6 0 4 
6 1 4 0 
6 1 0 4 

340 13921750370067809599 1 4
4 8 6 2 

120 8389516611493844045 1 4
6 4 5 3 

240 988429156731256704 1 4
6 7 4 5 

113 4482402122045907183 1 4
6 4 0 5 

370 2364145148934641800 1 5
6 4 5 1 8 

90 3350840979172127825 2 4
1 6 4 3 
6 1 4 3 

216 15368499501652111834 1 4
6 7 4 3 

89 11990823882079085441 2 4
6 4 0 3 
6 0 4 3 

346 11145829841084933874 1 5
6 1 8 4 3 

106 2094639431981163268 2 4
1 6 3 5 
6 1 3 5 

226 1470142328109767921 1 4
6 5 1 7 

99 12877980974409117555 2 4
1 6 0 5 
6 1 0 5 

356 10983409412583460812 2 4
5 8 6 2 
8 5 6 2 

202 12159194040976764615 1 4
6 3 1 7 

75 3350840979172127825 2 4
1 6 0 3 
6 1 0 3 

332 4415345656511538872 2 4
3 8 6 2 
8 3 6 2 

232 3594530558944545459 1 4
6 7 5 3 

105 15669754230730330559 2 4
6 0 5 3 
6 0 3 5 

362 13961414840516053336 1 5
6 1 8 3 5 

54 5036159874697649378 1 4
1 2 4 5 

30 12844178937462204567 1 4
1 2 4 3 

277 9258636742296635226 2 4
2 8 4 0 
8 2 4 0 

150 12844178937462204567 1 4
4 2 1 7 

23 10235435253070270992 1 4
1 2 0 4 

300 17015737541233389546 2 4
2 8 5 3 
8 2 5 3 

43 15669754230730330559 2 4
1 0 3 5 
1 0 5 3 

46 698476773254776664 2 4
1 2 3 5 
1 2 5 3 

259 11149028268085365730 1 3
0 1 8 

197 15024369831046084700 1 4
0 7 6 2 

70 11149028268085365730 1 3
1 6 2 

327 18087956534886359526 1 5
0 1 8 6 2 

11 11149028268085365730 1 3
1 0 3 

268 14860785610888650053 6 3
2 3 8 
2 8 3 
3 2 8 
3 8 2 
8 3 2 
8 2 3 

112 1100806113672523033 1 3
6 4 5 

369 12858622562879378060 1 5
6 8 0 4 5 

88 11149028268085365730 1 3
6 4 3 

345 6171388419574419729 1 5
6 8 0 4 3 

267 15406660600063173003 2 4
0 3 1 8 
1 8 0 3 

140 2728381371886174304 6 3
2 3 7 
2 7 3 
3 2 7 
3 7 2 
7 3 2 
7 2 3 

104 12585292063867719537 2 3
6 5 3 
6 3 5 

361 15469863296794615247 1 5
6 8 0 5 3 

147 11962963340393468856 2 4
1 7 4 0 
1 7 0 4 

404 6398757076883575033 1 4
4 2 8 7 

274 11149028268085365730 1 3
4 1 8 

133 10706753935364593016 2 3
0 2 7 
0 7 2 

269 4415345656511538872 2 4
2 8 0 3 
8 2 0 3 

142 15804328657059468321 2 4
2 3 1 7 
3 2 1 7 

15 12159194040976764615 1 4
1 2 0 3 

200 10706753935364593016 2 3
6 3 7 
6 7 3 

73 11149028268085365730 1 3
6 0 3 

330 12159194040976764615 1 4
6 3 1 8 

3 17087753756477223945 2 2
0 1 
1 0 

42 12585292063867719537 2 3
1 3 5 
1 5 3 

299 1170858302316114891 2 5
1 8 0 5 3 
1 8 0 3 5 

18 17087753756477223945 2 2
1 4 
4 1 

275 11962963340393468856 2 4
1 8 4 0 
1 8 0 4 

84 11149028268085365730 1 3
4 6 2 

341 3609063249646741799 1 5
8 6 2 0 4 

26 11149028268085365730 1 3
1 4 3 

283 4829484002395752990 2 5
1 8 4 0 3 
1 8 0 4 3 

261 10706753935364593016 2 3
0 2 8 
0 8 2 

7 3519693191574693728 2 3
0 1 2 
1 0 2 

80 17087753756477223945 2 2
4 6 
6 4 

337 9267503275822710632 1 4
6 8 0 4 

69 11149028268085365730 1 3
0 6 2 

326 15406660600063173003 2 4
1 8 6 2 
6 2 1 8 

293 6534630873780932037 2 4
2 8 0 5 
8 2 0 5 

166 17551861176896189898 2 4
2 5 1 7 
5 2 1 7 

39 12159194040976764615 1 4
1 2 0 5 

50 1100806113672523033 1 3
1 4 5 

307 7006514734424415631 1 5
1 8 4 0 5 

35 11149028268085365730 1 3
1 0 5 

292 13119232308241019096 6 3
2 5 8 
2 8 5 
5 2 8 
5 8 2 
8 5 2 
8 2 5 

65 17087753756477223945 2 2
0 6 
6 0 

322 11149028268085365730 1 3
6 1 8 

148 10706753935364593016 2 3
4 2 7 
4 7 2 

291 15406660600063173003 2 4
0 5 1 8 
1 8 0 5 

164 754205998099296360 6 3
2 5 7 
2 7 5 
5 2 7 
5 7 2 
7 5 2 
7 2 5 

19 260049142612031377 2 3
1 0 4 
1 4 0 

276 12769602731266802952 2 3
4 2 8 
4 8 2 

146 11149028268085365730 1 3
4 1 7 

400 17258787824257198352 2 3
4 7 8 
4 8 7 

143 7312885696668073972 2 5
2 1 7 0 3 
2 0 3 1 7 

66 17087753756477223945 2 2
1 6 
6 1 

323 31118838446587086 2 4
0 6 1 8 
6 0 1 8 

193 1330854201845664887 2 3
0 6 7 
6 0 7 

450 5625766177066252915 2 4
6 1 7 8 
6 1 8 7 

67 10464402029777390164 6 3
0 1 6 
0 6 1 
1 0 6 
1 6 0 
6 1 0 
6 0 1 

321 12533917308045192969 2 3
0 6 8 
6 0 8 

448 17258787824257198352 2 3
6 7 8 
6 8 7 

194 11149028268085365730 1 3
6 1 7 

97 11149028268085365730 1 3
6 0 5 

354 2707213394142242189 1 4
6 5 1 8 

224 14718008852537657457 2 3
6 5 7 
6 7 5 

81 260049142612031377 2 3
6 4 0 
6 0 4 

338 9192673037414984222 2 4
4 6 1 8 
6 4 1 8 

208 2361156492905547982 2 3
4 6 7 
6 4 7 

131 11149028268085365730 1 3
0 1 7 

385 17258787824257198352 2 3
0 7 8 
0 8 7 

149 342674997343172527 4 4
2 7 4 0 
2 7 0 4 
7 2 4 0 
7 2 0 4 

22 16574095905003600574 2 3
1 4 2 
4 1 2 

279 12213647604452126610 1 5
2 1 8 0 4 

141 15804328657059468321 2 4
2 7 0 3 
7 2 0 3 

14 10706753935364593016 2 3
1 2 3 
1 3 2 

271 8249700287224329935 2 5
2 1 8 0 3 
2 0 3 1 8 

165 17551861176896189898 2 4
2 7 0 5 
7 2 0 5 

38 10706753935364593016 2 3
1 2 5 
1 5 2 

295 4986282704383461797 2 5
2 1 8 0 5 
2 0 5 1 8 

195 12877980974409117555 2 4
0 6 1 7 
6 0 1 7 

452 10083773938285380914 2 4
6 2 7 8 
6 2 8 7 

154 15406660600063173003 2 4
1 7 4 3 
4 3 1 7 

27 11990823882079085441 2 4
1 0 4 3 
1 4 0 3 

284 3656293589500805796 2 4
2 8 4 3 
8 2 4 3 

201 15024369831046084700 1 4
6 7 0 3 

74 3519693191574693728 2 3
1 6 3 
6 1 3 

331 18087956534886359526 1 5
6 1 8 0 3 

225 1470142328109767921 1 4
6 7 0 5 

98 1330854201845664887 2 3
1 6 5 
6 1 5 

355 9150488490826195622 1 5
6 0 5 1 8 

352 2512533711646785065 2 3
6 5 8 
6 8 5 

209 1680721621328780677 1 4
6 7 4 0 

82 10464402029777390164 6 3
1 4 6 
1 6 4 
4 1 6 
4 6 1 
6 4 1 
6 1 4 

339 6947202682978202494 1 5
6 1 8 0 4 

336 5707635945091764290 2 3
4 6 8 
6 4 8 

79 14391232416718764670 2 5
1 0 3 6 2 
1 6 2 0 3 

170 7150496180077738619 2 4
1 7 5 3 
1 7 3 5 

58 8389516611493844045 1 4
1 4 5 3 

178 1361567497545663179 1 4
4 5 1 7 

51 4482402122045907183 1 4
1 4 0 5 

308 16277330418281224939 2 4
2 8 4 5 
8 2 4 5 

278 6570806256634135414 1 4
4 2 1 8 

329 5655568875390600688 1 4
6 8 0 3 

353 9355734335757152917 1 4
6 8 0 5 

360 11025324576651510866 1 4
6 8 5 3 

103 13763430282300901882 1 5
1 0 5 6 2 

344 12147302030440244333 1 4
6 8 4 3 

87 16465842155199096721 1 5
1 6 2 0 4 

368 9545065420260481377 1 4
6 8 4 5 

325 5655568875390600688 1 4
0 8 6 2 

387 5625766177066252915 2 4
0 1 7 8 
0 1 8 7 

393 10083773938285380914 2 4
0 3 7 8 
0 3 8 7 

417 10083773938285380914 2 4
0 5 7 8 
0 5 8 7 

424 1699057898927065156 4 4
7 8 3 5 
7 8 5 3 
8 7 5 3 
8 7 3 5 

167 12046934514695014853 2 5
2 1 7 0 5 
2 0 5 1 7 

408 10083773938285380914 2 4
4 3 7 8 
4 3 8 7 

151 9807472672633525333 1 5
2 1 7 0 4 

402 5625766177066252915 2 4
4 1 7 8 
4 1 8 7 

401 8536823940483812923 4 4
0 4 7 8 
0 4 8 7 
4 0 7 8 
4 0 8 7 

432 2045910373128645647 2 4
4 5 7 8 
4 5 8 7 

389 14412209275766129787 2 4
0 2 7 8 
0 2 8 7 

449 427620200223227786 2 4
0 6 8 7 
6 0 8 7 

456 14412209275766129787 2 4
6 3 7 8 
6 3 8 7 

199 13763430282300901882 1 5
0 1 7 6 2 

480 7997573950467556605 1 4
6 5 8 7 

464 391625185477465501 2 4
4 6 7 8 
6 4 7 8 

59 10588727508656393821 1 5
1 4 0 5 3 

316 13123082405433924733 2 5
2 8 4 5 3 
8 2 4 5 3 

47 10696886028888895771 2 5
1 2 0 3 5 
1 2 0 5 3 

31 16257974118987338973 1 5
1 2 0 4 3 

55 14966868681543914142 1 5
1 2 0 4 5 

62 10080545440292170948 1 5
1 2 4 5 3 

121 10588727508656393821 1 5
6 4 0 5 3 

107 14751499136431822349 2 5
1 6 0 3 5 
6 1 0 3 5 

364 740183334877632233 1 5
8 6 2 5 3 

115 17153828054564098528 2 5
1 6 4 0 5 
6 1 4 0 5 

372 13440385135254042455 1 5
8 6 2 4 5 

91 8035105586566128768 4 5
1 6 4 0 3 
1 6 0 4 3 
6 1 4 0 3 
6 1 0 4 3 

348 13952927501455476097 1 5
8 4 3 6 2 

122 1626959030928130058 2 5
1 6 4 3 5 
6 1 4 3 5 

109 1170858302316114891 2 5
6 2 0 5 3 
6 2 0 3 5 

110 7187718677437403762 1 5
1 6 2 3 5 

93 4829484002395752990 2 5
6 2 4 0 3 
6 2 0 4 3 

94 10151104133732085890 1 5
1 6 2 4 3 

117 7006514734424415631 1 5
6 2 4 0 5 

118 14534091388890620093 1 5
1 4 5 6 2 

124 16476275988343549283 1 5
6 2 4 5 3 

171 1170858302316114891 2 5
1 7 0 5 3 
1 7 0 3 5 

155 4829484002395752990 2 5
1 7 4 0 3 
1 7 0 4 3 

186 16476275988343549283 1 5
1 7 4 5 3 

179 7006514734424415631 1 5
1 7 4 0 5 

174 379923436499829735 1 5
2 1 7 3 5 

173 9397628363481839042 2 5
2 7 0 3 5 
7 2 0 3 5 

157 12158667911140282298 4 5
2 7 4 0 3 
2 7 0 4 3 
7 2 4 0 3 
7 2 0 4 3 

158 2156186079903720028 2 5
2 1 7 4 3 
2 4 3 1 7 

181 9407745568372446984 2 5
2 7 4 0 5 
7 2 4 0 5 

182 10046078961121171847 1 5
2 4 5 1 7 

188 18064990090265222733 2 5
2 7 4 3 5 
7 2 4 3 5 

203 13763430282300901882 1 5
6 1 7 0 3 

233 7616782957309397011 1 5
6 7 0 5 3 

227 8870457566365296416 2 5
6 1 7 0 5 
6 0 5 1 7 

234 4575739162538219488 1 5
6 1 7 3 5 

211 11846541686088071669 1 5
6 1 7 4 0 

217 4128439921501663600 1 5
6 7 4 0 3 

218 8274216949199480764 1 5
6 1 7 4 3 

241 17378034528458769632 1 5
6 7 4 0 5 

248 16323102943569496337 1 5
6 7 4 5 3 

242 7110494713228506197 1 5
6 4 5 1 7 

205 7454911820439278993 2 5
7 6 2 0 3 
7 0 3 6 2 

229 17924674652927904615 1 5
7 6 2 0 5 

230 17924674652927904615 1 5
5 6 2 1 7 

206 7312885696668073972 2 5
3 1 7 6 2 
3 6 2 1 7 

236 3502193146163856052 1 5
7 6 2 3 5 

214 3583861990886220277 1 5
4 6 2 1 7 

213 16162478858375871570 1 5
7 6 2 4 0 

220 6946320677797669053 2 5
7 4 3 6 2 
7 6 2 4 3 

244 16322526073318479751 1 5
7 4 5 6 2 

314 16476275988343549283 1 5
1 8 4 5 3 

302 17907995096785573956 1 5
2 1 8 5 3 

301 4643913384819275632 2 5
2 8 0 5 3 
8 2 0 5 3 

285 9345061591167720891 2 5
2 8 4 0 3 
8 2 4 0 3 

286 1239388414663996821 1 5
2 4 3 1 8 

309 8620631281016666252 2 5
2 8 4 0 5 
8 2 4 0 5 

310 9058481961428402352 1 5
2 4 5 1 8 

376 7362170159446135060 1 5
6 8 4 5 3 

333 1376178737394475730 2 5
8 6 2 0 3 
8 0 3 6 2 

357 3114239447742403246 1 5
8 6 2 0 5 

395 17788491003375796138 2 5
0 3 1 7 8 
0 3 1 8 7 

419 17788491003375796138 2 5
0 5 1 7 8 
0 5 1 8 7 

425 12942628820675751081 4 5
7 8 0 5 3 
7 8 0 3 5 
8 7 0 3 5 
8 7 0 5 3 

426 16517402263426617062 4 5
3 5 1 7 8 
3 5 1 8 7 
5 3 1 7 8 
5 3 1 8 7 

410 17788491003375796138 2 5
4 3 1 7 8 
4 3 1 8 7 

409 9960143161679694520 4 5
7 8 4 0 3 
7 8 0 4 3 
8 7 4 0 3 
8 7 0 4 3 

