469 9362908713670274359 1 6
4 2 8 0 6 7 

500 5110817534063131923 1 6
4 6 7 2 5 8 

470 7956856695547451465 1 6
4 6 7 2 1 8 

476 5937759222940128710 1 6
4 2 8 6 7 3 

473 16203775190026552565 2 6
4 8 0 6 7 3 
8 4 0 6 7 3 

504 14226637031556772505 2 6
4 5 8 7 3 6 
4 8 5 3 7 6 

497 13256280705450251254 1 6
4 5 8 0 6 7 

467 438490874434956382 1 6
4 1 8 0 6 7 

498 16650274234021769105 1 6
4 7 6 1 8 5 

485 16942595767225548966 1 6
0 6 7 2 5 8 

474 2626602561150178774 1 6
4 1 8 7 3 6 

461 16457295498745040794 1 6
2 8 0 6 7 3 

455 11582133711206370959 1 6
0 6 7 2 1 8 

492 1071285484515003149 2 6
2 5 8 7 3 6 
2 5 8 3 7 6 

462 659830996828492295 2 6
2 1 8 7 3 6 
2 1 8 3 7 6 

483 17019721102876740286 2 6
0 6 7 1 5 8 
0 6 7 1 8 5 

486 10142970188210667209 2 6
6 7 2 5 1 8 
7 6 2 5 1 8 

489 2471687630610601131 2 6
5 8 0 6 7 3 
8 5 0 6 7 3 

490 12543842920546277629 4 6
1 5 8 7 3 6 
1 5 8 3 7 6 
1 8 5 7 3 6 
1 8 5 3 7 6 

437 8240689953910180043 1 6
4 0 7 2 5 8 

459 11617333841670444164 1 6
1 8 0 6 7 3 

407 17680769892515062269 1 6
4 0 7 2 1 8 

413 13709180206166311971 1 6
4 2 8 0 7 3 

438 5870493456982262302 2 6
4 7 2 5 1 8 
7 4 2 5 1 8 

435 14365033338059031969 1 6
4 0 7 5 1 8 

444 12370103213538557138 1 6
4 7 3 2 5 8 

442 11636628205137817758 2 6
4 3 7 1 8 5 
4 7 3 1 5 8 

441 12370103213538557138 1 6
4 5 8 0 7 3 

414 16138339157722592063 1 6
4 7 3 2 1 8 

429 8340812443974365221 2 6
0 7 3 2 5 8 
2 5 8 0 7 3 

411 3140431250372729391 1 6
4 1 8 0 7 3 

423 13005109189139460789 1 6
0 7 2 5 1 8 

430 11092867117208989178 2 6
3 7 2 5 1 8 
7 3 2 5 1 8 

427 10182399887230927286 2 6
0 7 3 1 5 8 
0 7 3 1 8 5 

399 12834062031263914381 1 6
0 7 3 2 1 8 

343 5252895129942942997 1 6
4 0 6 2 1 8 

373 622922246376120309 1 6
4 0 6 2 5 8 

349 14784094702773112428 1 6
4 2 8 0 6 3 

350 11357566360927857746 1 6
4 6 3 2 1 8 

380 300441828374491270 1 6
4 6 3 2 5 8 

374 16168779536874263249 2 6
4 6 2 5 1 8 
6 4 2 5 1 8 

371 10796822593282944895 1 6
4 0 6 5 1 8 

377 1381656056413289962 1 6
4 5 8 0 6 3 

347 2538534280415269026 1 6
4 1 8 0 6 3 

365 1585009362706468598 1 6
0 6 3 2 5 8 

378 16650274234021769105 1 6
4 3 6 1 5 8 

366 10142970188210667209 2 6
3 6 2 5 1 8 
6 3 2 5 1 8 

359 12254853270244989596 1 6
0 6 2 5 1 8 

335 12516614217615036804 1 6
0 6 3 2 1 8 

311 11593798475954286542 1 6
0 4 2 5 1 8 

363 16487837907415537861 2 6
0 6 3 1 5 8 
0 6 3 1 8 5 

317 13709180206166311971 1 6
4 0 3 2 5 8 

245 11247613632004171390 1 6
4 2 5 0 6 7 

287 14626078358325767684 1 6
4 0 3 2 1 8 

318 4475970411862455720 2 6
3 4 2 5 1 8 
4 3 2 5 1 8 

315 276152065351850137 1 6
4 0 3 5 1 8 

303 17554775419109058204 1 6
0 3 2 5 1 8 

221 9697049451069890881 1 6
2 4 0 6 7 3 

246 15390574273325601440 1 6
4 6 7 2 5 1 

215 13069258558067814375 1 6
4 2 1 0 6 7 

222 17554503971129284291 1 6
4 2 1 6 7 3 

252 3805051567621744084 1 6
4 2 5 6 7 3 

249 12434830848806033423 2 6
4 5 0 6 7 3 
5 4 0 6 7 3 

243 2098888928405123898 1 6
4 5 1 0 6 7 

219 6359318626711775771 1 6
1 4 0 6 7 3 

237 12593649856605652134 1 6
2 5 0 6 7 3 

250 2626602561150178774 1 6
4 1 5 3 7 6 

231 11525523090266137684 1 6
0 6 7 2 5 1 

189 8240689953910180043 1 6
4 2 5 0 7 3 

207 13183478845855417225 1 6
2 1 0 6 7 3 

235 11617333841670444164 1 6
1 5 0 6 7 3 

238 636820849159886649 2 6
2 5 1 3 7 6 
2 5 1 7 3 6 

183 11004903292910711076 1 6
4 0 7 2 5 1 

159 11392960411418735392 1 6
4 2 1 0 7 3 

175 13706471670770982316 1 6
0 7 3 2 5 1 

125 16785541373946187855 1 6
4 2 5 0 6 3 

263 9546205435513334848 1 4
0 2 1 8 

197 12491156454245015315 1 4
2 0 6 7 

454 8325501137296724267 2 5
6 7 2 1 8 
7 6 2 1 8 

195 10553548024339616948 1 4
1 0 6 7 

452 15896268698264125057 2 4
2 8 7 6 
2 8 6 7 

149 2938128104864643238 1 4
2 4 0 7 

406 13124692584009107834 2 5
4 7 2 1 8 
7 4 2 1 8 

177 15725396310838832048 2 4
4 5 0 7 
5 4 0 7 

434 7264708044412551053 2 5
4 7 1 8 5 
7 4 1 8 5 

401 8686834486292627361 2 4
4 8 0 7 
8 4 0 7 

147 6827154511854714201 1 4
1 4 0 7 

404 13186717803197333524 2 4
4 7 2 8 
7 4 2 8 

165 13461187978258175434 2 4
0 7 2 5 
2 5 0 7 

141 529838076471764616 1 4
2 0 7 3 

398 9977601845653924586 2 5
3 7 2 1 8 
7 3 2 1 8 

389 13796289709583244209 1 4
0 7 2 8 

135 17234191350883637413 1 4
0 7 2 1 

417 8950438065344213768 2 4
0 7 5 8 
0 7 8 5 

163 17554110267584770143 1 4
0 7 1 5 

212 7004702972961935419 1 4
2 4 6 7 

85 14112507905378210372 1 4
2 4 0 6 

342 10543668102548024793 2 5
4 6 2 1 8 
6 4 2 1 8 

139 9629969436666557740 1 4
1 0 7 3 

396 7150496180077738619 2 4
2 8 7 3 
2 8 3 7 

116 10802396514267938305 2 4
4 6 2 5 
6 4 2 5 

340 11990769028644529110 2 4
4 6 2 8 
6 4 2 8 

83 3065407471269667749 1 4
1 4 0 6 

86 11273161029636307214 2 4
4 6 2 1 
6 4 2 1 

92 3604963490995638787 1 4
2 4 6 3 

120 12190912153274299044 2 4
4 5 3 6 
5 4 3 6 

282 8890533637995200090 2 4
3 4 1 8 
4 3 1 8 

28 10706753935364593016 2 3
2 3 4 
2 4 3 

285 4729197768228215044 2 5
4 2 8 0 3 
4 0 3 2 8 

131 12604329166268277251 1 3
1 0 7 

387 17554110267584770143 1 4
0 7 1 8 

133 6486448604913209494 1 3
2 0 7 

74 16066363148482742795 2 3
1 3 6 
1 6 3 

331 465233604261239040 1 5
1 8 0 6 3 

269 15406660600063173003 2 4
0 3 2 8 
2 8 0 3 

142 9842752359479508862 2 4
2 1 3 7 
2 1 7 3 

15 135731514692902645 1 4
0 3 2 1 

332 15896268698264125057 2 4
2 8 6 3 
2 8 3 6 

75 2318224268759443032 1 4
1 0 6 3 

78 11142484877572505485 2 4
2 1 3 6 
2 1 6 3 

112 6906529405458791006 6 3
4 5 6 
4 6 5 
5 4 6 
5 6 4 
6 5 4 
6 4 5 

369 2230367293743589585 1 5
4 0 6 5 8 

180 15725396310838832048 2 4
4 7 2 5 
7 4 2 5 

53 2938128104864643238 1 4
0 4 2 5 

330 16533404595066825932 2 4
1 8 6 3 
1 8 3 6 

76 7698985776645440831 2 3
2 3 6 
2 6 3 

333 10615815066100640570 1 5
2 8 0 6 3 

394 500395640035807574 2 4
1 8 7 3 
1 8 3 7 

267 7521903088142947439 1 4
0 3 1 8 

13 11149028268085365730 1 3
2 0 3 

140 12585292063867719537 2 3
2 3 7 
2 7 3 

397 6610907291125018627 1 5
2 8 0 7 3 

277 12159194040976764615 1 4
0 4 2 8 

150 17661127083944761953 2 4
4 7 2 1 
7 4 2 1 

23 10298606042033560384 1 4
0 4 2 1 

194 16066363148482742795 2 3
1 6 7 
1 7 6 

451 4717927596345964338 1 5
1 8 0 6 7 

67 5344968851630847889 1 3
1 0 6 

284 6925972535638963533 2 4
3 4 2 8 
4 3 2 8 

27 12145269419216383224 1 4
1 4 0 3 

30 8927575697862286680 2 4
3 4 2 1 
4 3 2 1 

3 17935342459963897086 1 2
0 1 

259 13848700440936545170 1 3
0 1 8 

5 17087753756477223945 2 2
0 2 
2 0 

450 16533404595066825932 2 4
1 8 7 6 
1 8 6 7 

323 4881281980760286732 1 4
0 6 1 8 

196 7698985776645440831 2 3
2 6 7 
2 7 6 

453 806491426670361942 1 5
2 8 0 6 7 

69 5716569260272480414 1 3
2 0 6 

138 15075452131784449724 2 3
1 3 7 
1 7 3 

395 17504174278765884595 1 5
1 8 0 7 3 

11 17533981407011413632 1 3
1 0 3 

291 7525392901702214553 2 4
0 1 5 8 
0 1 8 5 

37 6486448604913209494 1 3
0 2 5 

289 12585292063867719537 2 3
0 5 8 
0 8 5 

35 13848700440936545170 1 3
0 1 5 

338 6736815736683640753 2 4
4 6 1 8 
6 4 1 8 

84 18054779487213094827 2 3
2 4 6 
2 6 4 

341 16958942714446104325 1 5
4 0 6 2 8 

7 10831530068662457 1 3
0 2 1 

261 11149028268085365730 1 3
0 2 8 

26 8601944490373965179 2 3
1 3 4 
1 4 3 

283 10810396362512827635 1 5
4 0 3 1 8 

56 12260785478939447192 6 3
3 4 5 
3 5 4 
4 3 5 
4 5 3 
5 4 3 
5 3 4 

313 1314320237588786228 1 5
4 0 3 5 8 

49 2512533711646785065 2 3
0 4 5 
0 5 4 

108 6360605120071040097 2 4
2 5 3 6 
2 5 6 3 

402 1194961695352948616 2 4
4 7 1 8 
7 4 1 8 

275 5311359634566749475 1 4
0 4 1 8 

148 2512533711646785065 2 3
2 4 7 
2 7 4 

405 5687679204035708467 1 5
4 0 7 2 8 

21 3519693191574693728 2 3
0 2 4 
2 0 4 

82 4818357682193977826 2 3
1 4 6 
1 6 4 

339 9520347084491965292 1 5
4 0 6 1 8 

336 6906529405458791006 6 3
4 6 8 
4 8 6 
6 4 8 
6 8 4 
8 6 4 
8 4 6 

79 9418783370138102838 1 5
2 1 0 6 3 

146 8601944490373965179 2 3
1 4 7 
1 7 4 

403 4731037345002713530 1 5
4 0 7 1 8 

19 11566663644840537971 1 3
0 1 4 

273 10706753935364593016 2 3
0 4 8 
0 8 4 

400 12260785478939447192 6 3
4 7 8 
4 8 7 
7 4 8 
7 8 4 
8 7 4 
8 4 7 

143 13374574642614332216 1 5
2 1 0 7 3 

424 13150025586414177241 8 4
3 7 5 8 
3 7 8 5 
5 8 7 3 
5 8 3 7 
7 3 5 8 
7 3 8 5 
8 5 7 3 
8 5 3 7 

167 17994835933983195230 1 5
0 7 2 5 1 

297 7150496180077738619 2 4
0 3 5 8 
0 3 8 5 

170 500395640035807574 2 4
1 5 3 7 
1 5 7 3 

43 7521903088142947439 1 4
0 3 1 5 

172 8950438065344213768 2 4
2 5 3 7 
2 5 7 3 

45 13796289709583244209 1 4
2 5 0 3 

293 529838076471764616 1 4
0 2 5 8 

39 5729782995127291965 1 4
0 2 5 1 

408 15704017212081516077 2 4
4 8 7 3 
8 4 7 3 

151 7839088052861697617 1 5
4 0 7 2 1 

281 6925972535638963533 2 4
4 8 0 3 
8 4 0 3 

154 2822895409248407494 2 4
1 4 3 7 
1 4 7 3 

312 15704017212081516077 2 4
3 4 5 8 
4 3 5 8 

55 13342817171806095981 1 5
0 4 2 5 1 

58 1194961695352948616 2 4
3 4 1 5 
4 3 1 5 

60 8686834486292627361 2 4
3 4 2 5 
4 3 2 5 

432 15704017212081516077 2 4
4 7 8 5 
7 4 8 5 

305 11025324576651510866 1 4
0 4 5 8 

178 8890533637995200090 2 4
4 7 1 5 
7 4 1 5 

51 18395751678802214311 1 4
0 4 5 1 

184 15704017212081516077 2 4
4 5 3 7 
5 4 3 7 

57 13186717803197333524 2 4
4 5 0 3 
5 4 0 3 

314 7264708044412551053 2 5
3 4 1 5 8 
4 3 1 5 8 

156 11025324576651510866 1 4
2 4 7 3 

29 12159194040976764615 1 4
2 4 0 3 

286 17273204000764867942 2 5
3 4 2 1 8 
4 3 2 1 8 

202 12508751933759166525 2 4
1 3 7 6 
1 7 3 6 

360 7556829846088060811 4 4
5 8 6 3 
5 8 3 6 
8 5 6 3 
8 5 3 6 

103 14445484678470873806 1 5
0 6 2 5 1 

106 16533404595066825932 2 4
1 5 3 6 
1 5 6 3 

353 11432557635371621338 2 4
0 6 5 8 
0 6 8 5 

226 16533404595066825932 2 4
1 5 6 7 
1 5 7 6 

99 4881281980760286732 1 4
0 6 1 5 

204 2506011958774662217 2 4
2 3 7 6 
2 7 3 6 

77 14611199869741869911 1 4
2 0 6 3 

334 8325501137296724267 2 5
3 6 2 1 8 
6 3 2 1 8 

325 4583129558019337484 1 4
0 6 2 8 

198 11142484877572505485 2 4
2 1 6 7 
2 1 7 6 

71 655181745713799896 1 4
0 6 2 1 

228 6360605120071040097 2 4
2 5 6 7 
2 5 7 6 

101 17084916642812520607 1 4
0 6 2 5 

344 179286298576043391 2 4
4 8 6 3 
8 4 6 3 

87 14270487912024740129 1 5
4 0 6 2 1 

90 1758688156259070496 1 4
1 4 3 6 

337 7627879991285580330 2 4
4 8 0 6 
8 4 0 6 

210 1758688156259070496 1 4
1 4 7 6 

240 179286298576043391 2 4
4 5 6 7 
5 4 6 7 

113 12907502260509506582 2 4
4 5 0 6 
5 4 0 6 

370 15635138119354015923 4 5
4 6 1 5 8 
4 6 1 8 5 
6 4 1 5 8 
6 4 1 8 5 

368 3364750820705448782 4 4
4 6 5 8 
4 6 8 5 
6 4 5 8 
6 4 8 5 

111 7653237272892025828 1 6
0 6 3 2 5 1 

114 6736815736683640753 2 4
4 6 1 5 
6 4 1 5 

480 7556829846088060811 4 4
5 8 7 6 
5 8 6 7 
8 5 7 6 
8 5 6 7 

464 12190912153274299044 2 4
4 8 7 6 
8 4 7 6 

47 6648163161259996277 1 5
0 3 2 5 1 

59 8803011393460110874 1 5
4 0 3 5 1 

316 3211452996141361856 2 5
3 4 2 5 8 
4 3 2 5 8 

31 12362531950101059924 1 5
4 0 3 2 1 

62 12291798330610894556 2 5
3 4 2 5 1 
4 3 2 5 1 

61 5687679204035708467 1 5
4 2 5 0 3 

107 465233604261239040 1 5
1 5 0 6 3 

364 392989038128438156 2 5
3 6 2 5 8 
6 3 2 5 8 

110 4575891738845712888 2 5
3 6 2 5 1 
6 3 2 5 1 

109 9106587055924941507 1 5
2 5 0 6 3 

122 14866839670484509637 1 5
4 1 5 3 6 

91 787661321987353241 1 5
1 4 0 6 3 

348 8992677721221173321 1 5
4 2 8 6 3 

115 7691530213555753557 1 5
4 0 6 5 1 

372 13594135148014827320 2 5
4 6 2 5 8 
6 4 2 5 8 

121 268682336922254838 2 5
4 5 0 6 3 
5 4 0 6 3 

94 1766721170407012064 1 5
4 2 1 6 3 

124 12121330771662879341 1 5
4 2 5 6 3 

118 8729395320085657088 2 5
4 6 2 5 1 
6 4 2 5 1 

93 2528860213188377656 1 5
2 4 0 6 3 

171 17504174278765884595 1 5
1 5 0 7 3 

428 17443941716167504307 2 5
3 7 2 5 8 
7 3 2 5 8 

117 6882150315209288746 1 5
4 0 6 2 5 

186 17853336949803734615 1 5
4 1 5 3 7 

155 1296810248868736435 1 5
1 4 0 7 3 

412 1314320237588786228 1 5
4 2 8 7 3 

174 6177333251555502556 2 5
3 7 2 5 1 
7 3 2 5 1 

173 2544471438310254489 1 5
2 5 0 7 3 

179 10821656077135673688 1 5
4 0 7 5 1 

436 6295242608580558872 2 5
4 7 2 5 8 
7 4 2 5 8 

185 6295242608580558872 2 5
4 5 0 7 3 
5 4 0 7 3 

158 12692260798436920890 1 5
4 2 1 7 3 

188 9560606714678679938 1 5
4 2 5 7 3 

182 14602960366355156504 2 5
4 7 2 5 1 
7 4 2 5 1 

181 8191131688945918907 2 5
4 2 5 0 7 
4 0 7 2 5 

234 17914784526740548298 2 5
1 5 3 7 6 
1 5 7 3 6 

157 13688018836496900398 1 5
2 4 0 7 3 

203 9618757531910924772 1 5
1 0 6 7 3 

460 7198735148424648000 2 5
2 8 7 3 6 
2 8 3 7 6 

227 4717927596345964338 1 5
1 5 0 6 7 

484 392989038128438156 2 5
6 7 2 5 8 
7 6 2 5 8 

206 18192733175056735126 2 5
2 1 3 7 6 
2 1 7 3 6 

205 8513002820088761228 1 5
2 0 6 7 3 

199 31986710684729510 1 5
2 1 0 6 7 

236 16334031723583977530 2 5
2 5 3 7 6 
2 5 7 3 6 

230 4575891738845712888 2 5
6 7 2 5 1 
7 6 2 5 1 

229 17610924620197365280 1 5
2 5 0 6 7 

218 6102827551587991759 2 5
1 4 3 7 6 
1 4 7 3 6 

211 10324649851268337832 1 5
1 4 0 6 7 

468 1576893261779221676 1 5
4 2 8 6 7 

248 7262635795690302862 2 5
4 5 3 7 6 
5 4 3 7 6 

242 6215704527808958062 1 5
4 1 5 7 6 

241 2292016832982684041 2 5
4 5 0 6 7 
5 4 0 6 7 

214 7941686279956223417 1 5
4 2 1 6 7 

213 17326824572978525221 1 5
2 4 0 6 7 

244 11977853236904984816 1 5
4 2 5 6 7 

220 17789258283438766508 1 5
2 4 6 7 3 

299 9966726664873000712 2 5
0 3 1 5 8 
0 3 1 8 5 

271 11064342471232036998 1 5
0 3 2 1 8 

295 9591813485135783646 1 5
0 2 5 1 8 

301 6610907291125018627 1 5
0 3 2 5 8 

307 17397641566683877538 1 5
0 4 5 1 8 

309 13688018836496900398 1 5
0 4 2 5 8 

279 10321684464147047895 1 5
0 4 2 1 8 

355 14939804674850576652 2 5
0 6 1 5 8 
0 6 1 8 5 

362 9084974021179872000 4 5
3 6 1 5 8 
3 6 1 8 5 
6 3 1 5 8 
6 3 1 8 5 

361 1560002834111704541 2 5
5 8 0 6 3 
8 5 0 6 3 

357 11470893143994902956 1 5
0 6 2 5 8 

327 12293535350482112496 1 5
0 6 2 1 8 

376 4169205296502076595 1 5
4 5 8 3 6 

119 16699940304326633521 1 6
4 0 6 2 5 1 

346 6215704527808958062 1 5
4 1 8 3 6 

345 3219511825671457402 2 5
4 8 0 6 3 
8 4 0 6 3 

426 3506329680996628203 4 5
3 7 1 5 8 
3 7 1 8 5 
7 3 1 5 8 
7 3 1 8 5 

419 15523720459788955179 2 5
0 7 1 5 8 
0 7 1 8 5 

425 17443941716167504307 2 5
5 8 0 7 3 
8 5 0 7 3 

391 11942895606156722969 1 5
0 7 2 1 8 

410 17853336949803734615 1 5
4 1 8 7 3 

421 2544471438310254489 1 5
0 7 2 5 8 

440 15397974748116556752 4 5
4 3 7 8 5 
4 5 8 7 3 
4 7 3 5 8 
4 8 5 3 7 

409 3211452996141361856 2 5
4 8 0 7 3 
8 4 0 7 3 

433 9560606714678679938 1 5
4 0 7 5 8 

458 17914784526740548298 2 5
1 8 7 3 6 
1 8 3 7 6 

488 143871076794329895 4 5
5 8 7 3 6 
5 8 3 7 6 
8 5 7 3 6 
8 5 3 7 6 

481 13318080531566759780 2 5
5 8 0 6 7 
8 5 0 6 7 

482 9084974021179872000 4 5
6 7 1 5 8 
6 7 1 8 5 
7 6 1 5 8 
7 6 1 8 5 

472 7262635795690302862 2 5
4 8 7 3 6 
8 4 7 3 6 

496 4169205296502076595 1 5
4 8 5 7 6 

466 14866839670484509637 1 5
4 1 8 7 6 

465 17668294199997099012 2 5
4 8 0 6 7 
8 4 0 6 7 

63 1489504854827522427 1 6
4 0 3 2 5 1 

123 13963138019130820154 1 6
4 5 1 0 6 3 

126 8797475172978168150 1 6
4 6 3 2 5 1 

95 5319315580890737637 1 6
4 2 1 0 6 3 

187 14214972673880911705 1 6
4 5 1 0 7 3 

190 14723792227534591501 1 6
4 7 3 2 5 1 

