480 78324714845983665 2 4
5 8 7 6 
8 5 7 6 

456 12792859129086584636 4 4
6 7 3 8 
6 7 8 3 
7 6 3 8 
7 6 8 3 

449 4330235324716363482 2 4
6 7 0 8 
7 6 0 8 

432 1324427476534020738 2 4
5 8 7 4 
8 5 7 4 

417 3404538831293044976 2 4
5 7 8 0 
7 5 8 0 

424 1677071180347565230 2 4
5 7 8 3 
7 5 8 3 

106 10220627191361430879 2 4
3 5 1 6 
5 3 1 6 

360 17015737541233389546 2 4
5 6 8 3 
6 5 8 3 

85 10870175922361252524 1 4
0 2 6 4 

92 17102968357309398170 2 4
2 3 6 4 
3 2 6 4 

77 9847585392291903927 2 4
2 6 3 0 
6 2 3 0 

204 9227379641990250253 2 4
2 3 6 7 
3 2 6 7 

337 14420931636045211723 2 4
0 8 6 4 
0 8 4 6 

71 14456995175524520786 2 4
0 2 1 6 
0 2 6 1 

325 16725271556622299909 2 4
2 6 0 8 
6 2 0 8 

53 8154184857454462568 2 4
0 4 2 5 
0 4 5 2 

180 10743669588284575603 2 4
2 5 7 4 
5 2 7 4 

60 16128585657598364786 2 4
3 4 2 5 
3 4 5 2 

58 1324427476534020738 2 4
3 5 1 4 
5 3 1 4 

312 3364750820705448782 4 4
4 5 3 8 
4 5 8 3 
5 4 3 8 
5 4 8 3 

305 2557538298643473309 2 4
4 5 0 8 
5 4 0 8 

39 15539821588413778249 1 4
0 1 2 5 

166 9182445166795294852 4 4
2 5 1 7 
2 5 7 1 
5 2 1 7 
5 2 7 1 

293 5956549686994555113 2 4
2 5 0 8 
5 2 0 8 

89 4813370033439102026 2 4
0 3 4 6 
0 3 6 4 

30 12190912153274299044 2 4
2 3 1 4 
3 2 1 4 

23 10870175922361252524 1 4
0 2 1 4 

277 2557538298643473309 2 4
2 4 0 8 
4 2 0 8 

416 2728381371886174304 6 3
5 7 8 
5 8 7 
7 5 8 
7 8 5 
8 7 5 
8 5 7 

57 10813181721068270111 2 4
4 5 0 3 
5 4 0 3 

184 10601132076907988804 2 4
3 5 7 4 
5 3 7 4 

352 13119232308241019096 6 3
5 6 8 
5 8 6 
6 5 8 
6 8 5 
8 6 5 
8 5 6 

225 1404258172077943728 1 4
0 5 7 6 

7 1511571436509274567 2 3
0 1 2 
0 2 1 

29 10813181721068270111 2 4
2 4 0 3 
4 2 0 3 

156 179286298576043391 2 4
2 3 4 7 
3 2 4 7 

197 1404258172077943728 1 4
0 2 6 7 

304 6906529405458791006 6 3
4 5 8 
4 8 5 
5 4 8 
5 8 4 
8 5 4 
8 4 5 

177 10870175922361252524 1 4
0 5 7 4 

164 11283220846380389061 2 3
7 5 2 
7 2 5 

291 17708771315568079744 2 4
1 5 0 8 
5 1 0 8 

44 11283220846380389061 2 3
3 2 5 
3 5 2 

298 1677071180347565230 2 4
1 5 3 8 
5 1 3 8 

388 12260785478939447192 6 3
2 7 8 
2 8 7 
7 2 8 
7 8 2 
8 7 2 
8 2 7 

131 18174914236395934960 2 3
0 1 7 
0 7 1 

353 3900801811200931012 2 4
5 6 8 0 
6 5 8 0 

149 8332239527300815577 1 4
0 2 4 7 

324 1780203312458342186 6 3
2 6 8 
2 8 6 
6 2 8 
6 8 2 
8 6 2 
8 2 6 

67 318753115077998594 2 3
0 1 6 
0 6 1 

42 2728381371886174304 6 3
1 3 5 
1 5 3 
3 1 5 
3 5 1 
5 3 1 
5 1 3 

169 13273391138534625979 2 4
5 7 0 3 
7 5 0 3 

100 11283220846380389061 2 3
6 5 2 
6 2 5 

275 14420931636045211723 2 4
0 8 4 1 
0 8 1 4 

28 6906529405458791006 6 3
2 3 4 
2 4 3 
3 2 4 
3 4 2 
4 3 2 
4 2 3 

282 7556829846088060811 4 4
3 8 4 1 
3 8 1 4 
8 3 4 1 
8 3 1 4 

78 11104051182257671545 2 4
2 3 6 1 
3 2 6 1 

276 6906529405458791006 6 3
2 4 8 
2 8 4 
4 2 8 
4 8 2 
8 4 2 
8 2 4 

19 8335437956881997194 2 3
0 1 4 
0 4 1 

46 7885408825531391087 2 4
1 3 5 2 
3 1 5 2 

332 3570514013793875461 2 4
2 6 3 8 
6 2 3 8 

75 5426130095563741161 2 4
0 3 1 6 
0 3 6 1 

193 460800947400302427 2 3
0 6 7 
0 7 6 

14 12260785478939447192 6 3
1 2 3 
1 3 2 
2 1 3 
2 3 1 
3 2 1 
3 1 2 

141 13760405045959219176 2 4
2 7 0 3 
7 2 0 3 

323 9287865256679228559 2 4
0 8 6 1 
0 8 1 6 

76 14590248500468714027 6 3
2 3 6 
2 6 3 
3 2 6 
3 6 2 
6 3 2 
6 2 3 

330 1699057898927065156 4 4
1 6 3 8 
1 6 8 3 
6 1 3 8 
6 1 8 3 

81 8335437956881997194 2 3
0 4 6 
0 6 4 

168 754205998099296360 6 3
3 5 7 
3 7 5 
5 3 7 
5 7 3 
7 5 3 
7 3 5 

45 4704638609498426274 2 4
2 5 0 3 
5 2 0 3 

172 15183985570863556182 2 4
3 7 5 2 
7 3 5 2 

104 14860785610888650053 6 3
3 5 6 
3 6 5 
5 3 6 
5 6 3 
6 5 3 
6 3 5 

15 1787434560477015750 2 4
1 2 0 3 
2 1 0 3 

142 15704017212081516077 2 4
2 3 1 7 
3 2 1 7 

387 2540898276100957437 2 4
0 8 7 1 
0 8 1 7 

38 11283220846380389061 2 3
1 2 5 
1 5 2 

35 11717055507083523202 2 3
0 1 5 
0 5 1 

292 11283220846380389061 2 3
8 5 2 
8 2 5 

165 15539821588413778249 1 4
0 7 5 2 

354 2974813683649203891 2 4
5 8 6 1 
8 5 6 1 

97 11717055507083523202 2 3
0 5 6 
0 6 5 

284 3364750820705448782 4 4
2 4 3 8 
2 4 8 3 
4 2 3 8 
4 2 8 3 

27 4813370033439102026 2 4
0 3 1 4 
0 3 4 1 

408 7556829846088060811 4 4
3 8 7 4 
3 8 4 7 
8 3 7 4 
8 3 4 7 

145 8335437956881997194 2 3
0 4 7 
0 7 4 

54 10743669588284575603 2 4
2 5 1 4 
5 2 1 4 

51 8332239527300815577 1 4
0 5 4 1 

308 16128585657598364786 2 4
8 4 5 2 
8 4 2 5 

290 754205998099296360 6 3
1 5 8 
1 8 5 
5 1 8 
5 8 1 
8 5 1 
8 1 5 

420 7885408825531391087 2 4
7 8 5 2 
8 7 5 2 

163 959740330368979560 1 4
0 5 7 1 

300 9182445166795294852 4 4
2 5 3 8 
2 5 8 3 
5 2 3 8 
5 2 8 3 

43 1709901565818646091 2 4
1 5 3 0 
5 1 3 0 

170 1677071180347565230 2 4
3 5 1 7 
5 3 1 7 

418 1677071180347565230 2 4
5 8 7 1 
8 5 7 1 

161 1511571436509274567 2 3
0 5 7 
0 7 5 

56 6906529405458791006 6 3
3 4 5 
3 5 4 
4 3 5 
4 5 3 
5 4 3 
5 3 4 

105 3815754095555347606 2 4
5 6 0 3 
6 5 0 3 

232 7978115995136584964 2 4
3 5 6 7 
5 3 6 7 

108 4247939009769351187 2 4
3 6 2 5 
6 3 2 5 

102 808532758221848463 4 4
2 5 1 6 
2 5 6 1 
5 2 1 6 
5 2 6 1 

99 12410993636121297870 2 4
0 5 1 6 
0 5 6 1 

356 10247633285845319962 2 4
6 8 5 2 
8 6 5 2 

101 15539821588413778249 1 4
0 6 2 5 

228 11197286858225558775 4 4
2 5 6 7 
2 5 7 6 
5 2 6 7 
5 2 7 6 

120 16795696787755097424 2 4
3 5 6 4 
5 3 6 4 

113 8332239527300815577 1 4
0 5 4 6 

396 15704017212081516077 2 4
2 7 8 3 
7 2 8 3 

139 4102893014930009316 2 4
0 3 1 7 
0 3 7 1 

116 10743669588284575603 2 4
2 5 6 4 
5 2 6 4 

135 959740330368979560 1 4
0 2 1 7 

389 4510138780811062458 2 4
2 7 0 8 
7 2 0 8 

404 12190912153274299044 2 4
2 8 7 4 
8 2 7 4 

147 15293407023470009703 2 4
0 1 7 4 
0 7 1 4 

401 14420931636045211723 2 4
0 8 7 4 
0 8 4 7 

153 4813370033439102026 2 4
0 3 4 7 
0 3 7 4 

452 4046967272674566029 2 4
2 8 6 7 
8 2 6 7 

195 6413954140158752352 1 4
0 6 7 1 

201 9464043414819472949 2 4
6 7 0 3 
7 6 0 3 

209 9601758556073082097 2 4
0 6 7 4 
0 7 6 4 

270 15704017212081516077 2 4
1 2 3 8 
2 1 3 8 

263 7627469747281928035 2 4
1 2 0 8 
2 1 0 8 

133 11717055507083523202 2 3
0 2 7 
0 7 2 

390 15704017212081516077 2 4
2 8 7 1 
8 2 7 1 

21 3472760940135718549 2 3
0 2 4 
0 4 2 

278 179286298576043391 2 4
2 8 4 1 
8 2 4 1 

37 9423620399833761093 2 3
0 2 5 
0 5 2 

294 15183985570863556182 2 4
1 8 5 2 
8 1 5 2 

49 3472760940135718549 2 3
0 4 5 
0 5 4 

306 10601132076907988804 2 4
5 8 1 4 
8 5 1 4 

69 1511571436509274567 2 3
0 2 6 
0 6 2 

326 4203977922869772278 2 4
2 8 6 1 
8 2 6 1 

344 7556829846088060811 4 4
3 8 6 4 
3 8 4 6 
8 3 6 4 
8 3 4 6 

83 4522299067852407020 2 4
0 1 6 4 
0 6 1 4 

340 8585784082613879566 2 4
2 8 6 4 
8 2 6 4 

368 14772881018774504782 2 4
5 8 6 4 
8 5 6 4 

394 13150025586414177241 8 4
1 7 3 8 
1 7 8 3 
3 8 7 1 
3 8 1 7 
7 1 3 8 
7 1 8 3 
8 3 7 1 
8 3 1 7 

