bhabha2pb[0,0,0,0,0,0,0,0,0]*(-1/2*a5-1/2*a2-a6-a7-2*a4+d-a1)
bhabha2pb[0,1,0,0,-1,0,0,0,0]*(-a1)
bhabha2pb[0,1,0,0,0,0,0,0,0]*(a1)
bhabha2pb[0,0,0,0,0,0,0,1,0]*(a7)
bhabha2pb[0,0,1,0,-1,0,0,0,0]*(-2*a2)
bhabha2pb[0,0,1,0,0,-1,0,0,0]*(1/2*a2)
bhabha2pb[0,0,0,0,-1,0,0,1,0]*(-a7)
bhabha2pb[0,0,-1,0,0,1,0,0,0]*(1/2*a5)
bhabha2pb[0,0,0,0,-1,1,0,0,0]*(-2*a5)
bhabha2pb[0,0,0,0,0,0,1,0,0]*(a6)
bhabha2pb[0,0,0,0,-1,0,1,0,0]*(-a6)

bhabha2pb[0,0,0,0,0,0,0,0,0]*(-3/2*a5-3/2*a2-a3-a0+d-a8)
bhabha2pb[1,0,-1,0,0,0,0,0,0]*(-1/2*a0)
bhabha2pb[1,0,0,0,-1,0,0,0,0]*(a0)
bhabha2pb[1,0,0,0,0,-1,0,0,0]*(-1/2*a0)
bhabha2pb[1,0,0,0,0,0,0,0,0]*(-eta*a0-4*a0)
bhabha2pb[0,0,0,0,0,0,0,0,1]*(a8)
bhabha2pb[0,0,1,0,-1,0,0,0,0]*(2*a2)
bhabha2pb[0,0,1,0,0,-1,0,0,0]*(-1/2*a2)
bhabha2pb[0,0,-1,1,0,0,0,0,0]*(-1/2*a3)
bhabha2pb[0,0,0,0,0,-1,0,0,1]*(-1/2*a8)
bhabha2pb[0,0,0,1,-1,0,0,0,0]*(a3)
bhabha2pb[0,0,0,1,0,-1,0,0,0]*(-1/2*a3)
bhabha2pb[0,0,0,1,0,0,0,0,0]*(a3)
bhabha2pb[0,0,-1,0,0,1,0,0,0]*(-1/2*a5)
bhabha2pb[0,0,0,0,-1,1,0,0,0]*(2*a5)
bhabha2pb[0,0,0,0,-1,0,0,0,1]*(a8)
bhabha2pb[0,0,-1,0,0,0,0,0,1]*(-1/2*a8)

bhabha2pb[0,0,0,0,0,0,0,0,0]*(-a0+a8)
bhabha2pb[1,0,0,0,0,0,0,0,-1]*(a0)
bhabha2pb[1,0,0,0,0,0,0,0,0]*(-eta*a0-2*a0)
bhabha2pb[-1,0,1,0,0,0,0,0,0]*(-a2)
bhabha2pb[0,0,1,0,-1,0,0,0,0]*(-a2)
bhabha2pb[0,0,1,0,0,0,-1,0,0]*(a2)
bhabha2pb[0,0,1,0,0,0,0,0,-1]*(a2)
bhabha2pb[0,0,1,0,0,0,0,0,0]*(-6*a2-a2*eta)
bhabha2pb[-1,0,0,1,0,0,0,0,0]*(-a3)
bhabha2pb[0,0,0,1,0,0,0,0,-1]*(a3)
bhabha2pb[0,0,0,1,0,0,0,0,0]*(-a3*eta-11*a3)
bhabha2pb[-1,0,0,0,0,1,0,0,0]*(-a5)
bhabha2pb[0,0,0,0,-1,1,0,0,0]*(a5)
bhabha2pb[0,0,0,0,0,1,-1,0,0]*(-a5)
bhabha2pb[0,0,0,0,0,1,0,0,-1]*(a5)
bhabha2pb[0,0,0,0,0,1,0,0,0]*(-4*a5-a5*eta)
bhabha2pb[-1,0,0,0,0,0,0,0,1]*(-a8)
bhabha2pb[0,0,0,0,0,0,0,0,1]*(-eta*a8)

bhabha2pb[0,0,0,0,0,0,0,0,0]*(1/2*a5-1/2*a2+a4-a1)
bhabha2pb[0,1,0,0,-1,0,0,0,0]*(a1)
bhabha2pb[0,1,0,0,0,0,0,0,0]*(-a1)
bhabha2pb[0,-1,1,0,0,0,0,0,0]*(-a2)
bhabha2pb[0,0,0,0,0,0,0,1,0]*(4*a7)
bhabha2pb[0,0,1,0,-1,0,0,0,0]*(2*a2)
bhabha2pb[0,0,1,0,0,-1,0,0,0]*(-1/2*a2)
bhabha2pb[0,0,1,0,0,0,0,0,-1]*(a2)
bhabha2pb[0,-1,0,0,1,0,0,0,0]*(-a4)
bhabha2pb[0,0,0,0,-1,0,0,1,0]*(a7)
bhabha2pb[0,0,0,0,1,0,0,0,0]*(a4)
bhabha2pb[0,-1,0,0,0,1,0,0,0]*(-a5)
bhabha2pb[0,0,-1,0,0,1,0,0,0]*(1/2*a5)
bhabha2pb[0,-1,0,0,0,0,0,1,0]*(-a7)
bhabha2pb[0,0,0,0,0,1,0,0,-1]*(-a5)
bhabha2pb[0,0,0,0,0,1,0,0,0]*(2*a5)
bhabha2pb[0,-1,0,0,0,0,1,0,0]*(-a6)
bhabha2pb[0,0,0,0,-1,0,1,0,0]*(a6)
bhabha2pb[0,0,0,0,0,0,1,0,0]*(6*a6)

bhabha2pb[0,1,0,0,-1,0,0,0,0]*(a1)
bhabha2pb[0,1,0,0,0,0,0,-1,0]*(-a1)
bhabha2pb[0,1,0,0,0,0,0,0,0]*(4*a1)
bhabha2pb[0,0,0,0,0,0,0,0,0]*(1/2*a5-1/2*a2-a7+a4)
bhabha2pb[0,0,1,-1,0,0,0,0,0]*(a2)
bhabha2pb[0,0,1,0,-1,0,0,0,0]*(2*a2)
bhabha2pb[0,0,1,0,0,-1,0,0,0]*(-1/2*a2)
bhabha2pb[0,0,1,0,0,0,0,-1,0]*(-a2)
bhabha2pb[0,0,0,0,0,0,0,1,0]*(-a7)
bhabha2pb[0,0,0,0,1,0,0,-1,0]*(-a4)
bhabha2pb[0,0,0,0,1,0,0,0,0]*(a4)
bhabha2pb[0,0,-1,0,0,1,0,0,0]*(1/2*a5)
bhabha2pb[0,0,0,-1,0,1,0,0,0]*(-a5)
bhabha2pb[0,0,0,0,-1,0,0,1,0]*(a7)
bhabha2pb[0,0,0,0,0,1,0,-1,0]*(-a5)
bhabha2pb[0,0,0,0,0,1,0,0,0]*(2*a5)
bhabha2pb[0,0,0,0,-1,0,1,0,0]*(a6)
bhabha2pb[0,0,0,0,0,0,1,-1,0]*(-a6)
bhabha2pb[0,0,0,0,0,0,1,0,0]*(-5*a6)

bhabha2pb[0,1,-1,0,0,0,0,0,0]*(a1)
bhabha2pb[0,1,0,0,-1,0,0,0,0]*(-a1)
bhabha2pb[0,1,0,0,0,0,0,0,-1]*(-a1)
bhabha2pb[0,1,0,0,0,0,0,0,0]*(a1)
bhabha2pb[0,0,0,0,0,0,0,0,0]*(-3/2*a5+3/2*a2)
bhabha2pb[0,0,1,0,-1,0,0,0,0]*(-2*a2)
bhabha2pb[0,0,1,0,0,-1,0,0,0]*(1/2*a2)
bhabha2pb[0,0,-1,0,1,0,0,0,0]*(1/2*a4)
bhabha2pb[0,0,0,0,1,-1,0,0,0]*(-1/2*a4)
bhabha2pb[0,0,-1,0,0,1,0,0,0]*(-1/2*a5)
bhabha2pb[0,0,0,0,-1,1,0,0,0]*(2*a5)
bhabha2pb[0,0,0,0,0,0,0,1,0]*(a7)
bhabha2pb[-1,0,0,0,0,0,1,0,0]*(-a6)
bhabha2pb[0,0,-1,0,0,0,1,0,0]*(1/2*a6)
bhabha2pb[0,0,0,0,0,-1,1,0,0]*(-1/2*a6)
bhabha2pb[0,0,0,0,0,0,1,0,-1]*(a6)
bhabha2pb[0,0,0,0,0,0,1,0,0]*(-5*a6-a6*eta)
bhabha2pb[0,0,-1,0,0,0,0,1,0]*(a7)
bhabha2pb[0,0,0,-1,0,0,0,1,0]*(-a7)
bhabha2pb[0,0,0,0,-1,0,0,1,0]*(-a7)

bhabha2pb[1,-1,0,0,0,0,0,0,0]*(-a0)
bhabha2pb[1,0,-1,0,0,0,0,0,0]*(1/2*a0)
bhabha2pb[1,0,0,0,-1,0,0,0,0]*(2*a0)
bhabha2pb[1,0,0,0,0,-1,0,0,0]*(-1/2*a0)
bhabha2pb[1,0,0,0,0,0,-1,0,0]*(-a0)
bhabha2pb[1,0,0,0,0,0,0,0,0]*(2*a0)
bhabha2pb[0,0,0,0,0,0,0,0,0]*(-1/2*a5+1/2*a2)
bhabha2pb[0,0,1,0,-1,0,0,0,0]*(2*a2)
bhabha2pb[0,0,1,0,0,-1,0,0,0]*(-1/2*a2)
bhabha2pb[0,0,-1,1,0,0,0,0,0]*(1/2*a3)
bhabha2pb[0,0,0,1,-1,0,0,0,0]*(a3)
bhabha2pb[0,0,0,1,0,-1,0,0,0]*(-1/2*a3)
bhabha2pb[0,0,0,1,0,0,0,-1,0]*(-a3)
bhabha2pb[0,0,0,1,0,0,0,0,0]*(a3)
bhabha2pb[0,0,-1,0,0,1,0,0,0]*(1/2*a5)
bhabha2pb[0,0,0,0,-1,1,0,0,0]*(-2*a5)
bhabha2pb[0,0,0,0,0,0,0,0,1]*(a8)
bhabha2pb[0,-1,0,0,0,0,0,0,1]*(-a8)
bhabha2pb[0,0,-1,0,0,0,0,0,1]*(1/2*a8)
bhabha2pb[0,0,0,0,-1,0,0,0,1]*(a8)
bhabha2pb[0,0,0,0,0,-1,0,0,1]*(-1/2*a8)

bhabha2pb[0,1,0,0,-1,0,0,0,0]*(a1)
bhabha2pb[0,1,0,0,0,0,-1,0,0]*(-a1)
bhabha2pb[0,1,0,0,0,0,0,0,0]*(6*a1)
bhabha2pb[-1,0,1,0,0,0,0,0,0]*(a2)
bhabha2pb[0,0,1,0,-1,0,0,0,0]*(a2)
bhabha2pb[0,0,1,0,0,0,-1,0,0]*(-a2)
bhabha2pb[0,0,1,0,0,0,0,0,-1]*(-a2)
bhabha2pb[0,0,1,0,0,0,0,0,0]*(6*a2+a2*eta)
bhabha2pb[0,0,0,0,0,0,0,0,0]*(-a6+a4)
bhabha2pb[0,0,0,0,1,0,-1,0,0]*(-a4)
bhabha2pb[0,0,0,0,1,0,0,0,0]*(a4)
bhabha2pb[-1,0,0,0,0,1,0,0,0]*(-a5)
bhabha2pb[0,0,0,0,-1,1,0,0,0]*(a5)
bhabha2pb[0,0,0,0,0,1,-1,0,0]*(-a5)
bhabha2pb[0,0,0,0,0,1,0,0,-1]*(a5)
bhabha2pb[0,0,0,0,0,1,0,0,0]*(-4*a5-a5*eta)
bhabha2pb[0,0,0,0,-1,0,1,0,0]*(a6)
bhabha2pb[0,0,0,0,0,0,0,1,0]*(-5*a7)
bhabha2pb[0,0,0,0,0,0,1,0,0]*(-a6)
bhabha2pb[0,0,0,0,-1,0,0,1,0]*(a7)
bhabha2pb[0,0,0,0,0,0,-1,1,0]*(-a7)

bhabha2pb[1,0,-1,0,0,0,0,0,0]*(1/2*a0)
bhabha2pb[1,0,0,0,-1,0,0,0,0]*(-a0)
bhabha2pb[1,0,0,0,0,-1,0,0,0]*(1/2*a0)
bhabha2pb[1,0,0,0,0,0,0,0,-1]*(-a0)
bhabha2pb[1,0,0,0,0,0,0,0,0]*(4*a0)
bhabha2pb[0,-1,1,0,0,0,0,0,0]*(a2)
bhabha2pb[0,0,0,0,0,0,0,0,0]*(1/2*a5+1/2*a2-a8)
bhabha2pb[0,0,1,0,-1,0,0,0,0]*(-2*a2)
bhabha2pb[0,0,1,0,0,-1,0,0,0]*(1/2*a2)
bhabha2pb[0,0,1,0,0,0,0,0,-1]*(-a2)
bhabha2pb[0,0,-1,1,0,0,0,0,0]*(1/2*a3)
bhabha2pb[0,0,0,1,-1,0,0,0,0]*(-a3)
bhabha2pb[0,0,0,1,0,-1,0,0,0]*(1/2*a3)
bhabha2pb[0,0,0,1,0,0,0,0,-1]*(-a3)
bhabha2pb[0,0,0,1,0,0,0,0,0]*(4*a3)
bhabha2pb[0,-1,0,0,0,1,0,0,0]*(-a5)
bhabha2pb[0,0,-1,0,0,1,0,0,0]*(1/2*a5)
bhabha2pb[0,0,0,0,0,0,0,0,1]*(-a8)
bhabha2pb[0,0,0,0,0,1,0,0,-1]*(-a5)
bhabha2pb[0,0,0,0,0,1,0,0,0]*(2*a5)
bhabha2pb[0,0,-1,0,0,0,0,0,1]*(1/2*a8)
bhabha2pb[0,0,0,0,-1,0,0,0,1]*(-a8)
bhabha2pb[0,0,0,0,0,-1,0,0,1]*(1/2*a8)

bhabha2pb[1,0,-1,0,0,0,0,0,0]*(1/2*a0)
bhabha2pb[1,0,0,-1,0,0,0,0,0]*(-a0)
bhabha2pb[1,0,0,0,-1,0,0,0,0]*(-a0)
bhabha2pb[1,0,0,0,0,-1,0,0,0]*(1/2*a0)
bhabha2pb[1,0,0,0,0,0,0,0,0]*(-2*a0)
bhabha2pb[0,0,0,0,0,0,0,0,0]*(1/2*a5+1/2*a2-a3)
bhabha2pb[0,0,1,-1,0,0,0,0,0]*(-a2)
bhabha2pb[0,0,1,0,-1,0,0,0,0]*(-2*a2)
bhabha2pb[0,0,1,0,0,-1,0,0,0]*(1/2*a2)
bhabha2pb[0,0,1,0,0,0,0,-1,0]*(a2)
bhabha2pb[0,0,-1,1,0,0,0,0,0]*(1/2*a3)
bhabha2pb[0,0,0,0,0,0,0,0,1]*(4*a8)
bhabha2pb[0,0,0,1,-1,0,0,0,0]*(-a3)
bhabha2pb[0,0,0,1,0,-1,0,0,0]*(1/2*a3)
bhabha2pb[0,0,0,1,0,0,0,0,0]*(-a3)
bhabha2pb[0,0,-1,0,0,1,0,0,0]*(1/2*a5)
bhabha2pb[0,0,0,-1,0,1,0,0,0]*(-a5)
bhabha2pb[0,0,0,0,0,-1,0,0,1]*(1/2*a8)
bhabha2pb[0,0,0,0,0,1,0,-1,0]*(-a5)
bhabha2pb[0,0,0,0,0,1,0,0,0]*(2*a5)
bhabha2pb[0,0,-1,0,0,0,0,0,1]*(1/2*a8)
bhabha2pb[0,0,0,-1,0,0,0,0,1]*(-a8)
bhabha2pb[0,0,0,0,-1,0,0,0,1]*(-a8)

