506 13587677850908057739 2 7
5 3 6 7 1 8 4 
5 1 8 4 3 6 7 

491 12032966031949548178 1 7
5 3 6 7 1 0 8 

494 17063007195744062777 1 7
5 1 8 3 2 6 7 

446 6740486663945390805 1 7
5 1 8 4 3 2 7 

443 17537558260511167230 1 7
5 3 7 1 0 8 4 

431 12184837667130876736 1 7
5 1 0 8 2 3 7 

508 7704634521380605840 1 7
5 8 4 3 2 6 7 

445 4096833345909233896 1 7
5 0 8 4 2 3 7 

493 11613268479512578548 1 7
5 0 8 2 3 6 7 

505 11526465560132759033 1 7
5 3 6 7 0 8 4 

501 13313573091687440781 4 7
5 2 6 7 0 8 4 
5 2 7 6 0 4 8 
5 0 4 8 2 7 6 
5 0 8 4 2 6 7 

502 11526465560132759033 1 7
5 1 8 4 2 6 7 

499 7704634521380605840 1 7
5 6 7 1 0 8 4 

487 14735857578650386865 1 7
5 2 6 7 0 1 8 

439 18175254278785060692 1 7
5 2 7 0 1 8 4 

415 577924022293689520 2 7
2 3 7 1 0 8 4 
3 2 7 1 0 8 4 

475 17236715913567687077 1 7
3 6 7 1 0 8 4 

478 17236715913567687077 1 7
1 8 4 3 2 6 7 

463 13101284460522076256 1 7
1 0 8 3 2 6 7 

477 7156493280310656482 2 7
0 4 8 3 2 6 7 
0 8 4 3 2 6 7 

471 7156493280310656482 2 7
2 6 7 1 0 8 4 
2 7 6 1 0 8 4 

367 4322071219211035847 2 7
5 1 0 8 2 3 6 
5 3 2 6 0 1 8 

379 17063007195744062777 1 7
5 3 6 1 0 8 4 

382 12032966031949548178 1 7
5 1 8 4 3 2 6 

191 9132880638286989100 4 7
5 1 0 4 2 3 7 
5 2 3 7 1 0 4 
5 3 2 7 0 1 4 
5 0 1 4 3 2 7 

319 11522165921440883951 1 7
5 3 2 0 1 8 4 

381 14735857578650386865 1 7
5 0 8 4 2 3 6 

375 11613268479512578548 1 7
5 2 6 0 1 8 4 

351 13101284460522076256 1 7
3 2 6 1 0 8 4 

254 17537558260511167230 1 7
5 1 4 3 2 6 7 

251 6740486663945390805 1 7
5 3 6 7 1 0 4 

239 11522165921440883951 1 7
5 1 0 2 3 6 7 

223 577924022293689520 2 7
0 1 4 3 2 6 7 
1 0 4 3 2 6 7 

247 4096833345909233896 1 7
5 2 6 7 0 1 4 

127 12184837667130876736 1 7
5 3 2 6 0 1 4 

253 18175254278785060692 1 7
5 0 4 2 3 6 7 

490 7846417920070748818 1 6
5 1 8 3 6 7 

427 12721890887679383556 1 6
5 3 7 1 0 8 

430 6204033476750372040 1 6
5 1 8 3 2 7 

442 13307630695096188772 1 6
5 3 7 1 8 4 

492 9865373360172512150 2 6
5 8 3 2 6 7 
8 5 3 2 6 7 

489 8778295559902059706 1 6
5 0 8 3 6 7 

504 5036957493177087395 1 6
5 8 4 3 6 7 

444 16748742091834996558 1 6
5 8 4 3 2 7 

441 3976784036083460179 1 6
5 3 7 0 8 4 

429 9761027305542170388 1 6
5 0 8 2 3 7 

483 567214048219306670 1 6
5 6 7 1 0 8 

486 7507653676659468819 1 6
5 1 8 2 6 7 

498 5036957493177087395 1 6
5 6 7 1 8 4 

435 7442529623664987550 2 6
5 7 1 0 8 4 
7 5 1 0 8 4 

438 14636896846249940887 1 6
5 2 7 1 8 4 

423 6130085500931032624 1 6
5 2 7 0 1 8 

500 7657773738533340069 2 6
5 4 8 2 7 6 
5 8 4 2 6 7 

497 7657773738533340069 2 6
5 6 7 0 8 4 
5 7 6 0 4 8 

474 9664659580043954769 2 6
1 8 4 3 6 7 
3 6 7 1 8 4 

485 11790470415484607447 1 6
5 0 8 2 7 6 

437 11790470415484607447 1 6
5 2 7 0 8 4 

462 10249849302948238587 1 6
1 8 3 2 6 7 

459 5813078525945078869 1 6
3 6 7 1 0 8 

414 4057669094100344527 2 6
1 8 4 3 2 7 
1 8 4 2 3 7 

399 16558018890958506103 2 6
1 0 8 3 2 7 
1 0 8 2 3 7 

411 17830056156839413195 1 6
3 7 1 0 8 4 

413 6101881423205156815 4 6
0 4 8 2 3 7 
0 4 8 3 2 7 
0 8 4 3 2 7 
0 8 4 2 3 7 

476 10185279196549763206 2 6
4 8 3 2 6 7 
8 4 3 2 6 7 

473 7902747442731901701 2 6
3 6 7 0 4 8 
3 6 7 0 8 4 

461 17830056156839413195 1 6
0 8 3 2 6 7 

469 18193052885323956928 8 6
0 4 8 2 7 6 
0 4 8 2 6 7 
0 8 4 2 7 6 
0 8 4 2 6 7 
2 6 7 0 4 8 
2 6 7 0 8 4 
2 7 6 0 4 8 
2 7 6 0 8 4 

455 5058575159636376658 2 6
2 6 7 1 0 8 
2 7 6 1 0 8 

467 10185279196549763206 2 6
6 7 1 0 8 4 
7 6 1 0 8 4 

470 7902747442731901701 2 6
1 8 4 2 7 6 
1 8 4 2 6 7 

407 17830056156839413195 1 6
2 7 1 0 8 4 

378 7846417920070748818 1 6
5 3 6 1 8 4 

366 3436178335994725577 1 6
5 1 8 3 2 6 

363 3436178335994725577 1 6
5 3 6 1 0 8 

318 10186857911867815704 1 6
5 3 2 1 8 4 

303 394857719802342662 1 6
5 3 2 0 1 8 

315 15285267915804312144 1 6
3 5 1 0 8 4 

380 567214048219306670 1 6
5 8 4 3 2 6 

377 7507653676659468819 1 6
5 3 6 0 8 4 

365 8784229617922585048 1 6
5 0 8 2 3 6 

317 15690870673056582799 1 6
5 2 3 0 8 4 

359 8784229617922585048 1 6
5 2 6 0 1 8 

374 8778295559902059706 1 6
5 2 6 1 8 4 

371 9865373360172512150 2 6
5 6 1 0 8 4 
6 5 1 0 8 4 

350 5813078525945078869 1 6
1 8 4 3 2 6 

335 8798971025783308486 2 6
1 0 8 3 2 6 
3 2 6 1 0 8 

311 6465979159004361703 1 6
2 5 0 1 8 4 

373 11790470415484607447 1 6
5 2 6 0 4 8 

287 3273691597850772726 2 6
2 3 1 0 8 4 
3 2 1 0 8 4 

347 10249849302948238587 1 6
3 6 1 0 8 4 

349 5058575159636376658 2 6
0 4 8 3 2 6 
0 8 4 3 2 6 

343 17830056156839413195 1 6
2 6 1 0 8 4 

235 10186857911867815704 1 6
5 1 0 3 6 7 

250 13307630695096188772 1 6
5 1 4 3 6 7 

238 15285267915804312144 1 6
1 5 3 2 6 7 

190 26026068357367584 1 6
5 1 4 3 2 7 

175 17070005786410647456 2 6
5 1 0 2 3 7 
5 0 1 3 2 7 

187 26026068357367584 1 6
5 3 7 1 0 4 

252 7442529623664987550 2 6
4 5 3 2 6 7 
5 4 3 2 6 7 

249 14636896846249940887 1 6
5 0 4 3 6 7 

189 26026068357367584 1 6
5 0 4 2 3 7 

237 6465979159004361703 1 6
0 5 2 3 6 7 

246 3976784036083460179 1 6
5 1 4 2 6 7 

159 388469461310621396 8 6
0 1 4 3 2 7 
0 1 4 2 3 7 
1 0 4 3 2 7 
1 0 4 2 3 7 
2 3 7 1 0 4 
2 3 7 0 1 4 
3 2 7 0 1 4 
3 2 7 1 0 4 

243 16748742091834996558 1 6
5 6 7 1 0 4 

231 15690870673056582799 1 6
5 0 1 2 6 7 

183 26026068357367584 1 6
5 2 7 0 1 4 

245 11790470415484607447 1 6
5 0 4 2 6 7 

219 4057669094100344527 2 6
3 6 7 1 0 4 
3 6 7 0 1 4 

207 3273691597850772726 2 6
0 1 3 2 6 7 
1 0 3 2 6 7 

222 17830056156839413195 1 6
1 4 3 2 6 7 

215 6101881423205156815 4 6
2 6 7 1 0 4 
2 6 7 0 1 4 
2 7 6 0 1 4 
2 7 6 1 0 4 

221 17830056156839413195 1 6
0 4 3 2 6 7 

126 12721890887679383556 1 6
5 1 4 3 2 6 

123 6204033476750372040 1 6
5 3 6 1 0 4 

63 17070005786410647456 2 6
5 2 3 1 0 4 
5 3 2 0 1 4 

111 394857719802342662 1 6
5 1 0 2 3 6 

125 6130085500931032624 1 6
5 0 4 2 3 6 

119 9761027305542170388 1 6
5 2 6 0 1 4 

95 16558018890958506103 2 6
3 2 6 0 1 4 
3 2 6 1 0 4 

426 8588430803318870469 1 5
5 1 8 3 7 

440 9612578381137890767 1 5
5 3 7 8 4 

488 15516703111208343944 2 5
5 8 3 6 7 
8 5 3 6 7 

428 5319931340154814029 2 5
5 8 3 2 7 
8 5 3 2 7 

425 14277005545317289870 1 5
5 3 7 0 8 

354 10955052312094187409 2 4
5 6 1 8 
6 5 1 8 

97 10706753935364593016 2 3
0 5 6 
0 6 5 

294 5036159874697649378 1 4
2 5 1 8 

37 3519693191574693728 2 3
0 2 5 
2 0 5 

330 12030119370035199782 2 4
1 8 3 6 
3 6 1 8 

73 1100806113672523033 1 3
0 3 6 

282 8389516611493844045 1 4
3 1 8 4 

25 11149028268085365730 1 3
3 0 4 

270 3117539274478306512 2 4
1 8 3 2 
1 8 2 3 

13 260049142612031377 2 3
0 2 3 
0 3 2 

278 8389516611493844045 1 4
2 1 8 4 

21 11149028268085365730 1 3
2 0 4 

326 1361567497545663179 1 4
1 8 2 6 

69 11149028268085365730 1 3
0 2 6 

178 6925972535638963533 2 4
5 7 1 4 
7 5 1 4 

163 342674997343172527 4 4
5 7 0 1 
5 7 1 0 
7 5 1 0 
7 5 0 1 

420 2094911513554197192 2 4
5 8 2 7 
8 5 2 7 

177 6925972535638963533 2 4
5 7 0 4 
7 5 0 4 

434 2370878691122667212 2 5
5 7 1 8 4 
7 5 1 8 4 

195 2619098640235373304 4 4
0 1 6 7 
0 1 7 6 
1 0 6 7 
1 0 7 6 

210 7150496180077738619 2 4
1 4 6 7 
1 4 7 6 

209 7150496180077738619 2 4
0 4 6 7 
0 4 7 6 

466 4622508568593048949 2 5
6 7 1 8 4 
7 6 1 8 4 

360 10955052312094187409 2 4
5 8 3 6 
8 5 3 6 

103 12213647604452126610 1 5
5 2 6 0 1 

106 11042797408386191705 1 4
1 5 3 6 

312 18125736765879375276 1 4
3 5 8 4 

55 16257974118987338973 1 5
2 5 0 1 4 

58 12159194040976764615 1 4
3 5 1 4 

297 6570806256634135414 1 4
3 5 0 8 

170 12159194040976764615 1 4
1 5 3 7 

43 10235435253070270992 1 4
3 5 1 0 

300 9258636742296635226 2 4
5 8 3 2 
8 5 3 2 

120 8185086226658989788 2 4
4 5 3 6 
5 4 3 6 

46 10235435253070270992 1 4
1 5 3 2 

60 342674997343172527 4 4
4 5 2 3 
4 5 3 2 
5 4 3 2 
5 4 2 3 

105 5036159874697649378 1 4
0 5 3 6 

362 6277357237078501203 2 5
5 3 6 1 8 
5 1 8 3 6 

368 15704017212081516077 2 4
5 6 4 8 
6 5 4 8 

114 4270695351041866627 2 4
5 6 1 4 
6 5 1 4 

184 6925972535638963533 2 4
4 5 3 7 
5 4 3 7 

57 12844178937462204567 1 4
3 5 0 4 

314 5384603957822953242 1 5
3 5 1 8 4 

45 10235435253070270992 1 4
0 5 2 3 

302 12559201673788849515 1 5
5 1 8 3 2 

293 12159194040976764615 1 4
2 5 0 8 

166 12844178937462204567 1 4
1 5 2 7 

39 10235435253070270992 1 4
2 5 0 1 

296 12769602731266802952 2 3
3 5 8 
3 8 5 

356 6925972535638963533 2 4
5 8 2 6 
8 5 2 6 

99 9258636742296635226 2 4
5 6 1 0 
6 5 1 0 

102 6570806256634135414 1 4
1 5 2 6 

353 6925972535638963533 2 4
5 6 0 8 
6 5 0 8 

226 18125736765879375276 1 4
1 5 6 7 

308 698476773254776664 2 4
2 5 4 8 
2 5 8 4 

54 12844178937462204567 1 4
2 5 1 4 

193 12585292063867719537 2 3
0 6 7 
0 7 6 

450 3982813991072387447 2 4
1 8 7 6 
1 8 6 7 

329 1361567497545663179 1 4
3 6 0 8 

202 8389516611493844045 1 4
1 3 6 7 

75 3117539274478306512 2 4
3 6 0 1 
3 6 1 0 

201 8389516611493844045 1 4
0 3 6 7 

458 12586974753393532778 1 5
1 8 3 6 7 

74 1100806113672523033 1 3
1 3 6 

331 18370894349058557510 1 5
3 6 1 0 8 

269 11962963340393468856 2 4
0 8 3 2 
0 8 2 3 

142 11990823882079085441 2 4
1 2 3 7 
1 3 2 7 

15 4614418253340408195 8 4
0 1 2 3 
0 1 3 2 
1 0 2 3 
1 0 3 2 
2 3 0 1 
2 3 1 0 
3 2 1 0 
3 2 0 1 

56 10706753935364593016 2 3
3 4 5 
3 5 4 

313 15166400095534292492 1 5
3 5 0 8 4 

52 10706753935364593016 2 3
2 4 5 
2 5 4 

309 10696886028888895771 2 5
2 5 0 4 8 
2 5 0 8 4 

141 11990823882079085441 2 4
0 2 3 7 
0 3 2 7 

398 4529249393062366034 2 5
1 8 3 2 7 
1 8 2 3 7 

14 260049142612031377 2 3
1 2 3 
1 3 2 

271 13060624026911289083 2 5
2 3 1 0 8 
3 2 1 0 8 

133 11149028268085365730 1 3
0 2 7 

390 1361567497545663179 1 4
1 8 2 7 

6 17087753756477223945 2 2
1 2 
2 1 

263 4482402122045907183 1 4
2 1 0 8 

5 17087753756477223945 2 2
0 2 
2 0 

262 1100806113672523033 1 3
2 1 8 

41 16574095905003600574 2 3
0 3 5 
3 0 5 

298 11042797408386191705 1 4
3 5 1 8 

197 15669754230730330559 2 4
0 2 6 7 
0 2 7 6 

454 2297159645589997922 2 5
1 8 2 7 6 
1 8 2 6 7 

70 11149028268085365730 1 3
1 2 6 

327 7006514734424415631 1 5
2 6 1 0 8 

165 12159194040976764615 1 4
0 5 2 7 

422 15292580994181557328 1 5
5 1 8 2 7 

292 10706753935364593016 2 3
2 5 8 
2 8 5 

38 16574095905003600574 2 3
1 2 5 
2 1 5 

295 14966868681543914142 1 5
2 5 0 1 8 

9 17087753756477223945 2 2
0 3 
3 0 

266 1100806113672523033 1 3
3 1 8 

10 17087753756477223945 2 2
1 3 
3 1 

267 4482402122045907183 1 4
3 1 0 8 

137 11149028268085365730 1 3
0 3 7 

394 1361567497545663179 1 4
1 8 3 7 

78 4482402122045907183 1 4
1 3 2 6 

225 698476773254776664 2 4
0 5 6 7 
0 5 7 6 

482 65620483041778020 1 5
5 1 8 6 7 

98 12769602731266802952 2 3
1 5 6 
1 6 5 

355 17478225362029854468 2 5
5 6 1 0 8 
6 5 1 0 8 

112 12260785478939447192 6 3
4 5 6 
4 6 5 
5 4 6 
5 6 4 
6 5 4 
6 4 5 

369 14147606527444079698 2 5
5 6 0 4 8 
6 5 0 4 8 

180 6925972535638963533 2 4
4 5 2 7 
5 4 2 7 

53 12159194040976764615 1 4
2 5 0 4 

310 10080545440292170948 1 5
2 5 1 8 4 

134 11149028268085365730 1 3
1 2 7 

391 7006514734424415631 1 5
2 7 1 0 8 

7 260049142612031377 2 3
2 1 0 
2 0 1 

261 11149028268085365730 1 3
2 0 8 

101 12159194040976764615 1 4
0 5 2 6 

358 16116319608974762448 1 5
5 1 8 2 6 

389 15406660600063173003 2 4
0 8 2 7 
2 7 0 8 

135 11962963340393468856 2 4
2 7 0 1 
2 7 1 0 

85 15406660600063173003 2 4
0 4 2 6 
2 6 0 4 

342 16476275988343549283 1 5
2 6 1 8 4 

194 12585292063867719537 2 3
1 6 7 
1 7 6 

451 10750593861048357360 2 5
6 7 1 0 8 
7 6 1 0 8 

161 10706753935364593016 2 3
0 5 7 
0 7 5 

418 8185086226658989788 2 4
5 7 1 8 
7 5 1 8 

153 15406660600063173003 2 4
0 4 3 7 
3 7 0 4 

410 16476275988343549283 1 5
3 7 1 8 4 

26 11149028268085365730 1 3
3 1 4 

283 10588727508656393821 1 5
3 1 0 8 4 

280 12585292063867719537 2 3
3 4 8 
3 8 4 

23 11990823882079085441 2 4
2 1 0 4 
2 0 1 4 

149 15406660600063173003 2 4
0 4 2 7 
2 7 0 4 

406 16476275988343549283 1 5
2 7 1 8 4 

22 11149028268085365730 1 3
2 1 4 

279 10588727508656393821 1 5
2 1 0 8 4 

276 12585292063867719537 2 3
2 4 8 
2 8 4 

11 260049142612031377 2 3
3 1 0 
3 0 1 

138 11149028268085365730 1 3
1 3 7 

395 7006514734424415631 1 5
3 7 1 0 8 

265 11149028268085365730 1 3
3 0 8 

29 11962963340393468856 2 4
0 4 3 2 
0 4 2 3 

286 14757008162573915736 2 5
2 3 1 8 4 
3 2 1 8 4 

139 11962963340393468856 2 4
3 7 0 1 
3 7 1 0 

89 1361567497545663179 1 4
3 6 0 4 

346 12586974753393532778 1 5
3 6 1 8 4 

284 2619098640235373304 4 4
2 3 4 8 
2 3 8 4 
3 2 4 8 
3 2 8 4 

27 11990823882079085441 2 4
3 1 0 4 
3 0 1 4 

30 11962963340393468856 2 4
1 4 3 2 
1 4 2 3 

162 10706753935364593016 2 3
1 5 7 
1 7 5 

419 16484057573553907763 2 5
5 7 1 0 8 
7 5 1 0 8 

416 12260785478939447192 6 3
5 7 8 
5 8 7 
7 5 8 
7 8 5 
8 7 5 
8 5 7 

169 12844178937462204567 1 4
0 5 3 7 

42 3519693191574693728 2 3
1 3 5 
3 1 5 

299 3720172794317954857 1 5
3 5 1 0 8 

277 15669754230730330559 2 4
2 0 4 8 
2 0 8 4 

150 15406660600063173003 2 4
1 4 2 7 
2 7 1 4 

325 15406660600063173003 2 4
0 8 2 6 
2 6 0 8 

198 15669754230730330559 2 4
1 2 6 7 
1 2 7 6 

71 11962963340393468856 2 4
2 6 0 1 
2 6 1 0 

340 7150496180077738619 2 4
2 6 4 8 
2 6 8 4 

86 15406660600063173003 2 4
1 4 2 6 
2 6 1 4 

281 15669754230730330559 2 4
3 0 4 8 
3 0 8 4 

154 15406660600063173003 2 4
1 4 3 7 
3 7 1 4 

77 4482402122045907183 1 4
0 3 2 6 

334 18370894349058557510 1 5
1 8 3 2 6 

344 3982813991072387447 2 4
3 6 4 8 
3 6 8 4 

87 4829484002395752990 2 5
2 6 0 1 4 
2 6 1 0 4 

90 1361567497545663179 1 4
3 6 1 4 

240 15704017212081516077 2 4
4 5 6 7 
5 4 6 7 

113 2094911513554197192 2 4
5 6 0 4 
6 5 0 4 

370 15516703111208343944 2 5
5 6 1 8 4 
6 5 1 8 4 

116 2094911513554197192 2 4
4 5 2 6 
5 4 2 6 

404 7150496180077738619 2 4
2 7 4 8 
2 7 8 4 

449 7150496180077738619 2 4
0 8 7 6 
0 8 6 7 

464 13150025586414177241 8 4
4 8 7 6 
4 8 6 7 
6 7 4 8 
6 7 8 4 
7 6 4 8 
7 6 8 4 
8 4 7 6 
8 4 6 7 

408 7150496180077738619 2 4
3 7 4 8 
3 7 8 4 

151 4829484002395752990 2 5
2 7 0 1 4 
2 7 1 0 4 

393 15406660600063173003 2 4
0 8 3 7 
3 7 0 8 

417 2094911513554197192 2 4
5 7 0 8 
7 5 0 8 

432 15704017212081516077 2 4
5 7 8 4 
7 5 8 4 

480 15704017212081516077 2 4
5 8 7 6 
8 5 7 6 

424 4270695351041866627 2 4
5 8 3 7 
8 5 3 7 

167 9807472672633525333 1 5
5 2 7 0 1 

93 7006514734424415631 1 5
0 4 3 2 6 

91 4529249393062366034 2 5
3 6 0 1 4 
3 6 1 0 4 

348 10750593861048357360 2 5
4 8 3 2 6 
8 4 3 2 6 

117 256702054193225696 2 5
5 2 6 0 4 
5 0 4 2 6 

79 13060624026911289083 2 5
0 1 3 2 6 
1 0 3 2 6 

94 7006514734424415631 1 5
1 4 3 2 6 

31 1805453699504864131 4 5
2 3 0 1 4 
2 3 1 0 4 
3 2 1 0 4 
3 2 0 1 4 

115 5319931340154814029 2 5
5 6 1 0 4 
6 5 1 0 4 

372 3212215444823187638 1 5
5 2 6 4 8 

61 9807472672633525333 1 5
5 0 4 2 3 

118 14277005545317289870 1 5
5 1 4 2 6 

124 16484057573553907763 2 5
4 5 3 2 6 
5 4 3 2 6 

109 14966868681543914142 1 5
0 5 2 3 6 

121 15292580994181557328 1 5
5 3 6 0 4 

59 16257974118987338973 1 5
3 5 1 0 4 

316 5989657621515135584 1 5
5 3 2 8 4 

110 3720172794317954857 1 5
1 5 3 2 6 

62 9807472672633525333 1 5
5 1 4 3 2 

107 12559201673788849515 1 5
5 3 6 1 0 

364 17478225362029854468 2 5
5 8 3 2 6 
8 5 3 2 6 

122 8588430803318870469 1 5
5 3 6 1 4 

213 1170858302316114891 2 5
0 4 2 6 7 
0 4 2 7 6 

47 13428739599553864212 4 5
5 1 0 2 3 
5 2 3 1 0 
5 3 2 0 1 
5 0 1 3 2 

199 7564889633736016273 4 5
0 1 2 6 7 
0 1 2 7 6 
1 0 2 6 7 
1 0 2 7 6 

214 1170858302316114891 2 5
1 4 2 6 7 
1 4 2 7 6 

157 4829484002395752990 2 5
0 4 3 2 7 
0 4 2 3 7 

205 10588727508656393821 1 5
0 3 2 6 7 

211 319330563881633936 4 5
6 7 0 1 4 
6 7 1 0 4 
7 6 1 0 4 
7 6 0 1 4 

468 5985004378282824371 4 5
4 8 2 7 6 
4 8 2 6 7 
8 4 2 7 6 
8 4 2 6 7 

155 4829484002395752990 2 5
3 7 0 1 4 
3 7 1 0 4 

412 319330563881633936 4 5
4 8 2 3 7 
4 8 3 2 7 
8 4 3 2 7 
8 4 2 3 7 

217 16476275988343549283 1 5
0 4 3 6 7 

158 4829484002395752990 2 5
1 4 3 2 7 
1 4 2 3 7 

206 10588727508656393821 1 5
1 3 2 6 7 

203 14757008162573915736 2 5
0 1 3 6 7 
1 0 3 6 7 

218 16476275988343549283 1 5
1 4 3 6 7 

229 10696886028888895771 2 5
0 5 2 6 7 
0 5 2 7 6 

143 1805453699504864131 4 5
0 1 2 3 7 
0 1 3 2 7 
1 0 2 3 7 
1 0 3 2 7 

181 4729197768228215044 2 5
5 2 7 0 4 
5 0 4 2 7 

241 3212215444823187638 1 5
5 0 4 6 7 

244 14147606527444079698 2 5
4 5 2 6 7 
5 4 2 6 7 

227 5989657621515135584 1 5
5 1 0 6 7 

484 14147606527444079698 2 5
5 8 2 7 6 
8 5 2 7 6 

179 3212194877433147348 4 5
5 7 0 1 4 
5 7 1 0 4 
7 5 1 0 4 
7 5 0 1 4 

436 3212215444823187638 1 5
5 2 7 8 4 

182 15994641441959324547 2 5
5 2 7 1 4 
5 1 4 2 7 

230 15166400095534292492 1 5
1 5 2 6 7 

242 9612578381137890767 1 5
5 1 4 6 7 

185 15994641441959324547 2 5
5 3 7 0 4 
5 0 4 3 7 

173 16257974118987338973 1 5
0 5 2 3 7 

188 3212194877433147348 4 5
4 5 2 3 7 
4 5 3 2 7 
5 4 3 2 7 
5 4 2 3 7 

233 10080545440292170948 1 5
0 5 3 6 7 

174 16257974118987338973 1 5
1 5 3 2 7 

248 2370878691122667212 2 5
4 5 3 6 7 
5 4 3 6 7 

171 9807472672633525333 1 5
5 3 7 1 0 

234 5384603957822953242 1 5
1 5 3 6 7 

341 1170858302316114891 2 5
2 6 0 4 8 
2 6 0 8 4 

186 4729197768228215044 2 5
5 3 7 1 4 
5 1 4 3 7 

333 7006514734424415631 1 5
0 8 3 2 6 

345 2297159645589997922 2 5
3 6 0 4 8 
3 6 0 8 4 

285 7564889633736016273 4 5
2 3 0 4 8 
2 3 0 8 4 
3 2 0 4 8 
3 2 0 8 4 

357 4729197768228215044 2 5
5 2 6 0 8 
5 0 8 2 6 

301 12213647604452126610 1 5
5 0 8 2 3 

361 16116319608974762448 1 5
5 3 6 0 8 

376 65620483041778020 1 5
5 3 6 8 4 

405 1170858302316114891 2 5
2 7 0 4 8 
2 7 0 8 4 

453 1170858302316114891 2 5
0 8 2 7 6 
0 8 2 6 7 

465 5985004378282824371 4 5
6 7 0 4 8 
6 7 0 8 4 
7 6 0 4 8 
7 6 0 8 4 

409 1170858302316114891 2 5
3 7 0 4 8 
3 7 0 8 4 

397 4829484002395752990 2 5
0 8 3 2 7 
0 8 2 3 7 

457 16476275988343549283 1 5
0 8 3 6 7 

472 4622508568593048949 2 5
4 8 3 6 7 
8 4 3 6 7 

433 14147606527444079698 2 5
5 7 0 8 4 
7 5 0 8 4 

421 256702054193225696 2 5
5 2 7 0 8 
5 0 8 2 7 

481 3212215444823187638 1 5
5 0 8 7 6 

496 15397974748116556752 4 5
5 4 8 7 6 
5 6 7 8 4 
5 7 6 4 8 
5 8 4 6 7 

