bhabha2pb[0,0,0,0,0,0,0,0,0]*(-a4+d-a1-a8-a5-2*a0)
bhabha2pb[1,0,0,0,0,0,0,0,0]*(-2*a0)
bhabha2pb[-1,1,0,0,0,0,0,0,0]*(-a1)
bhabha2pb[-1,0,0,0,0,0,0,0,1]*(-a8)
bhabha2pb[0,1,0,0,0,0,0,0,0]*(6*a1)
bhabha2pb[-1,0,0,0,1,0,0,0,0]*(-a4)
bhabha2pb[0,0,-1,0,0,1,0,0,0]*(a5)
bhabha2pb[-1,0,0,0,0,1,0,0,0]*(-a5)

bhabha2pb[0,0,0,0,0,0,0,0,0]*(-a7+d-a5-2*a2-a6-a3)
bhabha2pb[0,0,1,0,0,0,0,0,0]*(-2*a2)
bhabha2pb[0,0,-1,1,0,0,0,0,0]*(-a3)
bhabha2pb[0,0,-1,0,0,0,0,1,0]*(-a7)
bhabha2pb[0,0,0,1,0,0,0,0,0]*(6*a3)
bhabha2pb[-1,0,0,0,0,1,0,0,0]*(a5)
bhabha2pb[0,0,-1,0,0,1,0,0,0]*(-a5)
bhabha2pb[0,0,-1,0,0,0,1,0,0]*(-a6)

bhabha2pb[0,0,0,0,0,0,0,0,0]*(-a4+a0)
bhabha2pb[1,0,0,0,-1,0,0,0,0]*(-a0)
bhabha2pb[1,0,0,0,0,0,0,0,0]*(2*a0)
bhabha2pb[-1,1,0,0,0,0,0,0,0]*(a1)
bhabha2pb[0,1,0,0,-1,0,0,0,0]*(-a1)
bhabha2pb[0,1,0,0,0,0,0,0,0]*(-6*a1)
bhabha2pb[-1,0,0,0,1,0,0,0,0]*(a4)
bhabha2pb[0,0,0,0,0,0,0,0,1]*(5*a8)
bhabha2pb[-1,0,0,0,0,1,0,0,0]*(a5)
bhabha2pb[0,0,-1,0,0,1,0,0,0]*(-a5)
bhabha2pb[0,0,0,0,-1,1,0,0,0]*(-a5)
bhabha2pb[0,0,0,0,0,1,0,-1,0]*(a5)
bhabha2pb[-1,0,0,0,0,0,0,0,1]*(a8)
bhabha2pb[0,0,0,0,-1,0,0,0,1]*(-a8)

bhabha2pb[0,0,0,0,0,0,0,0,0]*(-a7+a2)
bhabha2pb[0,0,1,0,0,0,0,-1,0]*(-a2)
bhabha2pb[0,0,1,0,0,0,0,0,0]*(2*a2)
bhabha2pb[0,0,-1,1,0,0,0,0,0]*(a3)
bhabha2pb[0,0,0,1,0,0,0,-1,0]*(-a3)
bhabha2pb[0,0,0,1,0,0,0,0,0]*(-6*a3)
bhabha2pb[-1,0,0,0,0,1,0,0,0]*(-a5)
bhabha2pb[0,0,-1,0,0,1,0,0,0]*(a5)
bhabha2pb[0,0,0,0,-1,1,0,0,0]*(a5)
bhabha2pb[0,0,0,0,0,1,0,-1,0]*(-a5)
bhabha2pb[0,0,-1,0,0,0,1,0,0]*(a6)
bhabha2pb[0,0,0,0,0,0,1,-1,0]*(-a6)
bhabha2pb[0,0,0,0,0,0,1,0,0]*(5*a6)
bhabha2pb[0,0,-1,0,0,0,0,1,0]*(a7)

bhabha2pb[1,-1,0,0,0,0,0,0,0]*(-a0)
bhabha2pb[1,0,0,0,-1,0,0,0,0]*(a0)
bhabha2pb[1,0,0,0,0,0,0,0,0]*(6*a0)
bhabha2pb[0,0,0,0,0,0,0,0,0]*(a4-a1)
bhabha2pb[0,1,0,0,-1,0,0,0,0]*(a1)
bhabha2pb[0,1,0,0,0,0,0,0,0]*(-2*a1)
bhabha2pb[0,-1,0,0,1,0,0,0,0]*(-a4)
bhabha2pb[0,0,0,0,0,0,0,0,1]*(11*a8)
bhabha2pb[0,-1,0,0,0,1,0,0,0]*(-a5)
bhabha2pb[0,0,0,-1,0,1,0,0,0]*(a5)
bhabha2pb[0,0,0,0,-1,1,0,0,0]*(a5)
bhabha2pb[0,0,0,0,0,1,0,-1,0]*(-a5)
bhabha2pb[0,-1,0,0,0,0,0,0,1]*(-a8)
bhabha2pb[0,0,0,0,-1,0,0,0,1]*(a8)

bhabha2pb[0,0,1,-1,0,0,0,0,0]*(-a2)
bhabha2pb[0,0,1,0,0,0,0,-1,0]*(a2)
bhabha2pb[0,0,1,0,0,0,0,0,0]*(6*a2)
bhabha2pb[0,0,0,0,0,0,0,0,0]*(a7-a3)
bhabha2pb[0,0,0,1,0,0,0,-1,0]*(a3)
bhabha2pb[0,0,0,1,0,0,0,0,0]*(-2*a3)
bhabha2pb[0,-1,0,0,0,1,0,0,0]*(a5)
bhabha2pb[0,0,0,-1,0,1,0,0,0]*(-a5)
bhabha2pb[0,0,0,0,-1,1,0,0,0]*(-a5)
bhabha2pb[0,0,0,0,0,1,0,-1,0]*(a5)
bhabha2pb[0,0,0,-1,0,0,1,0,0]*(-a6)
bhabha2pb[0,0,0,0,0,0,1,-1,0]*(a6)
bhabha2pb[0,0,0,0,0,0,1,0,0]*(11*a6)
bhabha2pb[0,0,0,-1,0,0,0,1,0]*(-a7)

bhabha2pb[0,0,0,0,0,0,0,0,0]*(-a8+a0)
bhabha2pb[1,0,0,0,0,0,0,0,-1]*(-a0)
bhabha2pb[1,0,0,0,0,0,0,0,0]*(2*a0)
bhabha2pb[-1,1,0,0,0,0,0,0,0]*(a1)
bhabha2pb[0,1,0,0,0,0,0,0,-1]*(-a1)
bhabha2pb[0,1,0,0,0,0,0,0,0]*(10*a1)
bhabha2pb[-1,0,0,0,1,0,0,0,0]*(a4)
bhabha2pb[0,0,0,0,1,0,0,0,-1]*(-a4)
bhabha2pb[0,0,0,0,1,0,0,0,0]*(5*a4)
bhabha2pb[-1,0,0,0,0,1,0,0,0]*(a5)
bhabha2pb[0,0,-1,0,0,1,0,0,0]*(-a5)
bhabha2pb[0,0,0,0,0,1,-1,0,0]*(a5)
bhabha2pb[0,0,0,0,0,1,0,0,-1]*(-a5)
bhabha2pb[-1,0,0,0,0,0,0,0,1]*(a8)

bhabha2pb[0,0,0,0,0,0,0,0,0]*(a2-a6)
bhabha2pb[0,0,1,0,0,0,-1,0,0]*(-a2)
bhabha2pb[0,0,1,0,0,0,0,0,0]*(2*a2)
bhabha2pb[0,0,-1,1,0,0,0,0,0]*(a3)
bhabha2pb[0,0,0,1,0,0,-1,0,0]*(-a3)
bhabha2pb[0,0,0,1,0,0,0,0,0]*(10*a3)
bhabha2pb[-1,0,0,0,0,1,0,0,0]*(-a5)
bhabha2pb[0,0,-1,0,0,1,0,0,0]*(a5)
bhabha2pb[0,0,0,0,0,1,-1,0,0]*(-a5)
bhabha2pb[0,0,0,0,0,1,0,0,-1]*(a5)
bhabha2pb[0,0,-1,0,0,0,1,0,0]*(a6)
bhabha2pb[0,0,0,0,0,0,0,1,0]*(5*a7)
bhabha2pb[0,0,-1,0,0,0,0,1,0]*(a7)
bhabha2pb[0,0,0,0,0,0,-1,1,0]*(-a7)

bhabha2pb[-1,0,1,0,0,0,0,0,0]*(-a2)
bhabha2pb[0,0,0,0,0,0,0,0,0]*(a5-a2)
bhabha2pb[0,0,1,0,0,-1,0,0,0]*(a2)
bhabha2pb[0,0,1,0,0,0,0,0,0]*(-2*a2)
bhabha2pb[0,-1,0,1,0,0,0,0,0]*(-a3)
bhabha2pb[0,0,-1,1,0,0,0,0,0]*(-a3)
bhabha2pb[0,0,0,1,0,-1,0,0,0]*(a3)
bhabha2pb[0,0,0,1,0,0,0,0,0]*(6*a3)
bhabha2pb[-1,0,0,0,0,1,0,0,0]*(a5)
bhabha2pb[0,0,-1,0,0,1,0,0,0]*(-a5)
bhabha2pb[0,0,0,0,0,-1,0,1,0]*(a7)
bhabha2pb[0,0,-1,0,0,0,1,0,0]*(-a6)
bhabha2pb[0,0,0,0,0,-1,1,0,0]*(a6)
bhabha2pb[0,0,0,0,0,0,1,0,-1]*(-a6)
bhabha2pb[0,0,-1,0,0,0,0,1,0]*(-a7)
bhabha2pb[0,0,0,0,-1,0,0,1,0]*(-a7)

bhabha2pb[0,0,0,0,0,0,0,0,0]*(a5-a0)
bhabha2pb[1,0,-1,0,0,0,0,0,0]*(-a0)
bhabha2pb[1,0,0,0,0,-1,0,0,0]*(a0)
bhabha2pb[1,0,0,0,0,0,0,0,0]*(-2*a0)
bhabha2pb[-1,1,0,0,0,0,0,0,0]*(-a1)
bhabha2pb[0,1,0,-1,0,0,0,0,0]*(-a1)
bhabha2pb[0,1,0,0,0,-1,0,0,0]*(a1)
bhabha2pb[0,1,0,0,0,0,0,0,0]*(6*a1)
bhabha2pb[-1,0,0,0,1,0,0,0,0]*(-a4)
bhabha2pb[0,0,0,0,1,-1,0,0,0]*(a4)
bhabha2pb[0,0,0,0,1,0,0,-1,0]*(-a4)
bhabha2pb[-1,0,0,0,0,1,0,0,0]*(-a5)
bhabha2pb[0,0,-1,0,0,1,0,0,0]*(a5)
bhabha2pb[0,0,0,0,0,0,-1,0,1]*(-a8)
bhabha2pb[-1,0,0,0,0,0,0,0,1]*(-a8)
bhabha2pb[0,0,0,0,0,-1,0,0,1]*(a8)

