385 10455824739562363377 2 3
0 7 8 
0 8 7 

328 13119232308241019096 6 3
3 6 8 
3 8 6 
6 3 8 
6 8 3 
8 6 3 
8 3 6 

296 754205998099296360 6 3
3 5 8 
3 8 5 
5 3 8 
5 8 3 
8 5 3 
8 3 5 

292 14544412973165035477 6 3
2 5 8 
2 8 5 
5 2 8 
5 8 2 
8 5 2 
8 2 5 

280 14860785610888650053 6 3
3 4 8 
3 8 4 
4 3 8 
4 8 3 
8 4 3 
8 3 4 

276 6685545127694246695 6 3
2 4 8 
2 8 4 
4 2 8 
4 8 2 
8 4 2 
8 2 4 

67 10890779960725692914 1 3
1 0 6 

38 9951756003203208658 2 3
1 2 5 
1 5 2 

35 10890779960725692914 1 3
1 0 5 

22 12129649998618649867 2 3
1 2 4 
1 4 2 

164 6685545127694246695 6 3
2 5 7 
2 7 5 
5 2 7 
5 7 2 
7 5 2 
7 2 5 

14 7698985776645440831 2 3
1 2 3 
1 3 2 

26 10706753935364593016 2 3
1 3 4 
1 4 3 

42 10706753935364593016 2 3
1 3 5 
1 5 3 

7 1032012792107971021 1 3
1 0 2 

152 754205998099296360 6 3
3 4 7 
3 7 4 
4 3 7 
4 7 3 
7 4 3 
7 3 4 

196 6906529405458791006 6 3
2 6 7 
2 7 6 
6 2 7 
6 7 2 
7 6 2 
7 2 6 

19 10890779960725692914 1 3
1 0 4 

137 14526323804684375619 2 3
0 3 7 
0 7 3 

98 17258787824257198352 2 3
1 5 6 
1 6 5 

3 15854964206640700318 1 2
1 0 

148 4383011346216368874 6 3
2 4 7 
2 7 4 
4 2 7 
4 7 2 
7 4 2 
7 2 4 

11 3236734852120471368 1 3
1 0 3 

70 12254329342543767602 2 3
1 2 6 
1 6 2 

13 14006079138629813544 2 3
0 2 3 
0 3 2 

131 4795752651878249674 1 3
0 1 7 

74 10706753935364593016 2 3
1 3 6 
1 6 3 

133 8584551871215360226 2 3
0 2 7 
0 7 2 

50 3870621583062396010 2 3
1 4 5 
1 5 4 

168 14860785610888650053 6 3
3 5 7 
3 7 5 
5 3 7 
5 7 3 
7 5 3 
7 3 5 

200 2728381371886174304 6 3
3 6 7 
3 7 6 
6 3 7 
6 7 3 
7 6 3 
7 3 6 

82 12585292063867719537 2 3
1 4 6 
1 6 4 

259 4795752651878249674 1 3
0 1 8 

261 7847781632478842238 2 3
0 2 8 
0 8 2 

324 6906529405458791006 6 3
2 6 8 
2 8 6 
6 2 8 
6 8 2 
8 6 2 
8 2 6 

265 14526323804684375619 2 3
0 3 8 
0 8 3 

