3 2
7 3
11 3
13 3
19 3
22 3
28 3
35 3
38 3
44 3
50 3
67 3
70 3
76 3
82 3
98 3
131 3
133 3
137 3
148 3
164 3
196 3
259 3
261 3
265 3
276 3
292 3
324 3
385 3
15 4
23 4
27 4
29 4
30 4
39 4
43 4
45 4
46 4
51 4
54 4
58 4
60 4
71 4
75 4
77 4
78 4
83 4
86 4
90 4
92 4
99 4
102 4
106 4
108 4
114 4
135 4
139 4
141 4
147 4
149 4
150 4
153 4
156 4
163 4
165 4
166 4
169 4
172 4
178 4
180 4
184 4
195 4
197 4
198 4
201 4
204 4
210 4
212 4
216 4
226 4
228 4
232 4
263 4
267 4
269 4
275 4
277 4
278 4
281 4
284 4
291 4
293 4
294 4
297 4
300 4
306 4
308 4
312 4
323 4
325 4
326 4
329 4
332 4
338 4
340 4
344 4
354 4
356 4
360 4
387 4
389 4
393 4
401 4
404 4
417 4
420 4
432 4
449 4
452 4
464 4
480 4
31 5
47 5
55 5
59 5
61 5
62 5
79 5
87 5
91 5
93 5
94 5
103 5
107 5
109 5
110 5
115 5
118 5
122 5
124 5
143 5
151 5
155 5
157 5
158 5
167 5
171 5
173 5
174 5
179 5
181 5
182 5
185 5
186 5
188 5
199 5
203 5
205 5
206 5
211 5
213 5
214 5
217 5
218 5
220 5
227 5
229 5
230 5
233 5
234 5
236 5
242 5
244 5
248 5
271 5
279 5
283 5
285 5
286 5
295 5
299 5
301 5
302 5
307 5
309 5
310 5
313 5
314 5
316 5
327 5
331 5
333 5
334 5
339 5
341 5
342 5
345 5
346 5
348 5
355 5
357 5
358 5
361 5
362 5
364 5
370 5
372 5
376 5
391 5
395 5
397 5
403 5
405 5
406 5
409 5
412 5
419 5
421 5
422 5
425 5
428 5
433 5
434 5
436 5
440 5
451 5
453 5
454 5
457 5
460 5
465 5
466 5
468 5
472 5
481 5
482 5
484 5
488 5
496 5
63 6
95 6
111 6
119 6
123 6
125 6
126 6
159 6
175 6
183 6
187 6
189 6
190 6
207 6
215 6
219 6
221 6
222 6
231 6
235 6
237 6
238 6
243 6
245 6
246 6
249 6
250 6
252 6
287 6
303 6
311 6
315 6
317 6
318 6
335 6
343 6
347 6
349 6
350 6
359 6
363 6
365 6
366 6
371 6
373 6
374 6
377 6
378 6
380 6
399 6
407 6
411 6
413 6
414 6
423 6
427 6
429 6
430 6
435 6
437 6
438 6
441 6
442 6
444 6
455 6
459 6
461 6
462 6
467 6
469 6
470 6
473 6
474 6
476 6
483 6
485 6
486 6
489 6
490 6
492 6
497 6
498 6
500 6
504 6
127 7
191 7
223 7
239 7
247 7
251 7
253 7
254 7
319 7
351 7
367 7
375 7
379 7
381 7
382 7
415 7
431 7
439 7
443 7
445 7
446 7
463 7
471 7
475 7
477 7
478 7
487 7
491 7
493 7
494 7
499 7
501 7
502 7
505 7
506 7
508 7
255 8
383 8
447 8
479 8
495 8
503 8
507 8
509 8
510 8
511 9
