bhabha2pb2m[2, 0, 0, 0, 0, 0, 0, 1, 1]

bhabha2pb2m[2, 0, 0, 0, 0, 0, 0, 1, 2]

bhabha2pb2m[2, 0, 0, 0, 0, 0, 0, 2, 1]

bhabha2pb2m[2, 0, 1, 0, 1, 0, 1, 0, 0]

bhabha2pb2m[2, 1, 1, 0, 0, 0, 0, 1, 0]

bhabha2pb2m[2, 0, 1, 0, 1, 0, 0, 1, 0]

bhabha2pb2m[2, 1, 0, 0, 0, 0, 0, 1, 1]

bhabha2pb2m[2, 1, 0, 0, 0, 0, 0, 1, 2]

bhabha2pb2m[2, 1, 0, 0, 0, 0, 0, 2, 1]

bhabha2pb2m[2, 0, 1, 0, 0, 0, 0, 1, 1]

bhabha2pb2m[2, 0, 1, 0, 0, 0, 0, 1, 2]

bhabha2pb2m[2, 0, 1, 0, 0, 0, 0, 2, 1]

bhabha2pb2m[3, 0, 1, 0, 0, 0, 0, 1, 1]

bhabha2pb2m[2, 0, 0, 0, 0, 0, 1, 1, 1]

bhabha2pb2m[2, 0, 0, 0, 0, 0, 1, 1, 2]

bhabha2pb2m[2, 1, 1, 0, 1, 0, 1, 0, 0]

bhabha2pb2m[2, 1, 1, 0, 1, 0, 0, 1, 0]

bhabha2pb2m[2, 0, 1, 0, 1, 0, 1, 1, 0]

bhabha2pb2m[2, 1, 1, 0, 0, 0, 0, 1, 1]

bhabha2pb2m[2, 1, 1, 0, 0, 0, 0, 1, 2]

bhabha2pb2m[2, 1, 1, 0, 0, 0, 0, 2, 1]

bhabha2pb2m[2, 1, 2, 0, 0, 0, 0, 1, 1]

bhabha2pb2m[2, 0, 1, 0, 1, 0, 0, 1, 1]

bhabha2pb2m[2, 1, 0, 0, 0, 0, 1, 1, 1]

bhabha2pb2m[2, 1, 0, 0, 0, 0, 1, 1, 2]

bhabha2pb2m[2, 1, 0, 0, 0, 0, 1, 2, 1]

bhabha2pb2m[2, 1, 0, 0, 0, 0, 2, 1, 1]

bhabha2pb2m[3, 1, 0, 0, 0, 0, 1, 1, 1]

bhabha2pb2m[2, 1, 0, 0, 0, 0, 1, 1, 3]

bhabha2pb2m[2, 1, 1, 0, 1, 0, 1, 1, 0]

bhabha2pb2m[2, 1, 1, 0, 1, 0, 0, 1, 1]

bhabha2pb2m[2, 1, 1, 0, 1, 0, 1, 1, 1]

bhabha2pb2m[2, 1, 1, 0, 1, 0, 1, 1, 2]

bhabha2pb2m[2, 1, 1, 0, 1, 0, 1, 2, 1]

bhabha2pb2m[2, 2, 1, 0, 1, 0, 1, 1, 1]

bhabha2pb2m[2, 0, 0, 0, 0, 0, 0, 1, 0]

bhabha2pb2m[2, 0, 0, 0, 1, 0, 1, 0, 0]

bhabha2pb2m[2, 1, 0, 0, 0, 0, 0, 1, 0]

bhabha2pb2m[2, 0, 1, 0, 0, 0, 0, 1, 0]

bhabha2pb2m[2, 0, 0, 0, 1, 0, 0, 1, 0]

bhabha2pb2m[2, 0, 0, 0, 1, 0, 0, 0, 1]

bhabha2pb2m[2, 0, 0, 0, 0, 0, 1, 0, 1]

bhabha2pb2m[2, 0, 0, 0, 0, 0, 1, 0, 2]

bhabha2pb2m[3, 0, 0, 0, 0, 0, 1, 0, 1]

bhabha2pb2m[3, 0, 0, 0, 0, 0, 0, 1, 1]

bhabha2pb2m[2, 1, 0, 0, 1, 0, 1, 0, 0]

bhabha2pb2m[2, 1, 0, 0, 1, 0, 0, 1, 0]

bhabha2pb2m[2, 0, 0, 0, 1, 0, 1, 1, 0]

bhabha2pb2m[2, 1, 0, 0, 1, 0, 0, 0, 1]

bhabha2pb2m[2, 0, 1, 0, 1, 0, 0, 0, 1]

bhabha2pb2m[2, 1, 0, 0, 0, 0, 1, 0, 1]

bhabha2pb2m[2, 1, 0, 0, 0, 0, 1, 0, 2]

bhabha2pb2m[3, 1, 0, 0, 0, 0, 1, 0, 1]

bhabha2pb2m[3, 1, 0, 0, 0, 0, 0, 1, 1]

bhabha2pb2m[2, 0, 0, 0, 0, 0, 1, 2, 1]

bhabha2pb2m[2, 1, 0, 0, 1, 0, 1, 1, 0]

bhabha2pb2m[2, 1, 1, 0, 1, 0, 0, 0, 1]

bhabha2pb2m[2, 1, 0, 0, 1, 0, 1, 0, 1]

bhabha2pb2m[2, 1, 0, 0, 1, 0, 1, 0, 2]

bhabha2pb2m[3, 1, 0, 0, 1, 0, 1, 0, 1]

bhabha2pb2m[2, 1, 0, 0, 2, 0, 1, 0, 1]

bhabha2pb2m[2, 1, 0, 0, 1, 0, 0, 1, 1]

bhabha2pb2m[2, 1, 0, 0, 1, 0, 0, 1, 2]

bhabha2pb2m[3, 1, 0, 0, 1, 0, 0, 1, 1]

bhabha2pb2m[2, 1, 0, 0, 2, 0, 0, 1, 1]

bhabha2pb2m[2, 0, 1, 0, 1, 0, 0, 1, 2]

bhabha2pb2m[3, 0, 1, 0, 1, 0, 0, 1, 1]

bhabha2pb2m[2, 0, 1, 0, 2, 0, 0, 1, 1]

bhabha2pb2m[2, 2, 0, 0, 0, 0, 1, 1, 1]

bhabha2pb2m[2, 1, 1, 0, 1, 0, 0, 1, 2]

bhabha2pb2m[3, 1, 1, 0, 1, 0, 0, 1, 1]

bhabha2pb2m[2, 1, 1, 0, 2, 0, 0, 1, 1]

bhabha2pb2m[2, 1, 0, 0, 1, 0, 1, 1, 1]

bhabha2pb2m[2, 1, 0, 0, 1, 0, 1, 1, 2]

bhabha2pb2m[2, 1, 0, 0, 1, 0, 1, 2, 1]

bhabha2pb2m[3, 1, 0, 0, 1, 0, 1, 1, 1]

