490 11937940212503533154 1 6
5 1 3 6 7 8 

486 10357982446335887780 1 6
5 1 7 8 6 2 

492 15536908281070437064 1 6
5 8 7 3 6 2 

498 17554259895767516622 1 6
5 1 7 8 4 6 

483 16997882653337151613 1 6
6 5 1 0 7 8 

504 13098454990322137999 1 6
5 7 8 3 6 4 

489 7856902694200541704 1 6
5 3 6 0 7 8 

500 15000081981747650196 1 6
5 7 8 6 4 2 

485 6306501814693409221 1 6
5 6 2 0 7 8 

497 3983752278096200890 1 6
5 6 4 0 7 8 

462 11415145100712003778 1 6
1 7 8 3 2 6 

474 14593995583343392326 1 6
1 7 8 3 4 6 

459 9801816067817232700 1 6
1 3 6 0 7 8 

470 1792379643156373869 1 6
1 7 8 4 2 6 

455 10742126654070565630 1 6
1 6 2 0 7 8 

476 9637286149830550159 2 6
7 8 3 2 4 6 
8 7 3 2 4 6 

467 11515865616744730346 1 6
1 6 4 0 7 8 

461 7761389993767052019 2 6
0 7 8 3 2 6 
0 8 7 3 2 6 

469 11813315960958088954 2 6
0 7 8 2 4 6 
0 8 7 2 4 6 

473 12902000555154256181 2 6
3 4 6 0 7 8 
3 4 6 0 8 7 

430 9927389601846906120 1 6
3 2 5 1 8 7 

442 7204244420567824876 1 6
5 1 3 4 7 8 

438 2985412186447448380 1 6
5 1 7 8 4 2 

427 11326802037168385318 1 6
3 5 1 0 8 7 

444 7261664532646378161 1 6
5 8 7 3 4 2 

423 4311295591501938546 1 6
2 5 1 0 7 8 

429 10524038120597146021 1 6
5 3 2 0 8 7 

435 13038076086771827985 1 6
4 5 1 0 7 8 

441 1896600727043237661 1 6
5 3 4 0 8 7 

437 5607448374089662447 1 6
5 4 2 0 7 8 

414 194881780709689585 1 6
1 7 8 3 4 2 

399 11358097170246489639 1 6
1 3 2 0 7 8 

411 1847967074542465942 1 6
1 3 4 0 7 8 

413 13351576144665591192 2 6
0 7 8 3 2 4 
0 8 7 3 2 4 

407 5996176164551649917 1 6
1 4 2 0 7 8 

366 16109339913635309890 1 6
8 5 1 3 2 6 

378 266564941504679592 1 6
8 5 1 3 4 6 

363 5283909083146891124 1 6
0 8 5 1 3 6 

359 1639117430706535002 1 6
0 8 5 1 6 2 

374 16093185456653724399 1 6
8 5 1 2 4 6 

371 17120719187871969999 1 6
0 8 5 1 6 4 

365 3204790336694310243 1 6
5 0 8 3 6 2 

380 16862631422829547783 1 6
5 8 3 2 4 6 

377 9298950586948088765 1 6
5 0 8 3 6 4 

373 4466240614729561181 1 6
5 0 8 6 2 4 

350 4050770218083928474 2 6
1 8 3 2 4 6 
8 1 3 2 4 6 

335 15357883156587731494 1 6
1 0 8 3 6 2 

347 8997885869962118212 1 6
1 0 8 3 6 4 

343 1020309923396354698 1 6
1 0 8 6 2 4 

318 5207057907909964769 1 6
8 5 1 3 2 4 

303 17852112158233600300 1 6
3 2 5 1 0 8 

349 3182212095382776209 1 6
0 8 3 2 4 6 

315 5830863169817056481 1 6
3 4 5 1 0 8 

311 17858689436356179512 1 6
5 1 0 8 2 4 

317 2334992223986223253 1 6
5 0 8 3 2 4 

287 622582199213082382 1 6
1 0 8 3 2 4 

238 7442851445429936240 1 6
7 5 1 3 6 2 

235 10422759351206831411 1 6
0 7 5 1 3 6 

250 12280853672583211228 1 6
7 5 1 3 4 6 

246 11346454293940211024 1 6
7 5 1 4 6 2 

231 17799335796176398186 1 6
0 7 5 1 6 2 

237 15739400136298003909 1 6
5 0 7 3 6 2 

243 16547692255908028187 1 6
0 7 5 1 6 4 

252 2343455517327612652 1 6
5 7 3 6 4 2 

249 8476258163468807418 1 6
5 0 7 3 6 4 

222 9959286039312241538 2 6
1 7 3 4 2 6 
7 1 3 4 2 6 

245 8767874397151892471 1 6
5 0 7 6 4 2 

207 16523443515520211798 1 6
1 0 7 3 6 2 

219 1226310557405453120 1 6
1 0 7 3 6 4 

215 8851815782475874461 1 6
1 0 7 6 4 2 

190 363565844975929500 1 6
7 5 1 3 4 2 

175 3277831772710203260 1 6
3 2 0 7 5 1 

221 3182212095382776209 1 6
0 7 3 2 4 6 

187 7521726275308472480 1 6
5 1 3 4 0 7 

189 2451319161373443560 1 6
5 0 7 3 4 2 

183 6911250769530738407 1 6
5 1 0 7 4 2 

159 12641192371927418058 1 6
1 0 7 3 4 2 

111 2963308856849652935 1 6
0 5 1 3 6 2 

123 15340014281694053318 1 6
0 5 1 3 6 4 

126 3182212095382776209 1 6
5 1 3 2 4 6 

125 6217566727017124041 2 6
0 5 3 6 2 4 
5 0 3 6 2 4 

119 18335155631579095812 1 6
0 5 1 6 2 4 

63 1184564133911764143 1 6
0 5 1 3 2 4 

95 7908431394247331898 1 6
0 1 3 6 2 4 

488 1065095412219733959 1 5
5 3 6 7 8 

484 5288285045545297898 1 5
5 6 2 7 8 

482 15778478779658472400 1 5
6 5 1 7 8 

496 13408586190745386211 1 5
5 7 8 6 4 

481 678508524434467781 1 5
5 6 0 7 8 

458 9802190193459165514 1 5
1 3 6 7 8 

454 2477777556244642353 1 5
1 2 6 7 8 

466 13970526872096840757 1 5
1 7 8 4 6 

451 9750518420688092715 4 5
1 6 0 7 8 
1 6 0 8 7 
6 1 0 7 8 
6 1 0 8 7 

460 9888477927450411371 2 5
7 8 3 2 6 
8 7 3 2 6 

472 6871427570525424833 2 5
7 8 3 4 6 
8 7 3 4 6 

468 14740140836035374285 2 5
7 8 2 4 6 
8 7 2 4 6 

457 1459564045153830413 2 5
3 6 0 7 8 
3 6 0 8 7 

465 13513366116059165805 4 5
4 6 0 7 8 
4 6 0 8 7 
6 4 0 7 8 
6 4 0 8 7 

453 9630795347974442087 2 5
2 6 0 7 8 
2 6 0 8 7 

426 3217252165401288818 1 5
3 5 1 8 7 

422 7694314250833666585 1 5
2 5 1 7 8 

434 13939437611377896114 1 5
4 5 1 7 8 

428 16358783970831436503 1 5
5 3 2 8 7 

440 14425966390303192742 1 5
5 3 4 8 7 

419 17788491003375796138 2 5
5 1 0 7 8 
5 1 0 8 7 

425 9648824109054852665 2 5
3 5 0 8 7 
5 3 0 8 7 

436 6572040924710815046 1 5
5 4 2 7 8 

421 17202134834124197900 2 5
5 2 0 7 8 
5 2 0 8 7 

433 7593192566551732959 1 5
5 4 0 7 8 

398 5553404222184693492 1 5
1 3 2 7 8 

395 4556662677216329629 1 5
3 1 0 7 8 

410 18282280123535946705 1 5
1 3 4 7 8 

406 13814608999273559001 1 5
1 7 8 4 2 

270 10991296990284877983 2 4
1 8 3 2 
8 1 3 2 

13 14387733495235990617 1 3
0 3 2 

282 3758550860374928371 2 4
1 8 3 4 
8 1 3 4 

25 1100806113672523033 1 3
0 3 4 

278 1630822812568582514 2 4
1 8 2 4 
8 1 2 4 

21 2711566611438747588 1 3
0 2 4 

201 17177136069890610113 1 4
3 6 0 7 

197 10655668688769278383 1 4
0 7 2 6 

209 15896268698264125057 2 4
0 7 6 4 
0 7 4 6 

141 1991860458353327362 1 4
3 2 0 7 

153 1361567497545663179 1 4
3 4 0 7 

149 9688401628127635698 1 4
0 7 2 4 

106 17177136069890610113 1 4
3 6 5 1 

102 10655668688769278383 1 4
5 1 2 6 

114 15896268698264125057 2 4
5 1 4 6 
5 1 6 4 

226 6329523304378383517 2 4
6 7 5 1 
7 6 5 1 

99 5069303078012082896 1 4
0 6 5 1 

356 16343307348115964384 1 4
5 8 2 6 

232 6084343706754292264 1 4
5 7 3 6 

105 486941223105046351 2 4
0 5 3 6 
5 0 3 6 

362 3585888883605970686 1 5
8 3 6 5 1 

108 12095308598378906827 1 4
5 3 2 6 

228 3215671284634699164 1 4
5 7 6 2 

101 11286750335710333682 2 4
0 5 6 2 
5 0 6 2 

358 17558985709283352391 1 5
8 5 1 2 6 

120 8778297980605328996 1 4
5 3 4 6 

240 13171160087034272692 1 4
5 7 6 4 

113 15215106538186363698 2 4
0 5 6 4 
5 0 6 4 

370 11018318761415328790 1 5
8 5 1 4 6 

116 5279052132887994625 1 4
5 2 4 6 

202 242440319660852541 2 4
1 7 3 6 
7 1 3 6 

75 4165790533383973922 1 4
0 1 3 6 

198 5804276211001801636 2 4
1 7 2 6 
7 1 2 6 

71 10791565385052090182 1 4
0 1 6 2 

210 14772881018774504782 2 4
1 7 4 6 
7 1 4 6 

83 16759578986255104721 1 4
0 1 6 4 

77 12095308598378906827 1 4
0 3 2 6 

334 3721662632087865088 2 5
1 8 3 2 6 
8 1 3 2 6 

89 8778297980605328996 1 4
0 3 4 6 

346 10430273983900308607 2 5
1 8 3 4 6 
8 1 3 4 6 

85 5279052132887994625 1 4
0 2 4 6 

342 3576949521540284654 2 5
1 8 2 4 6 
8 1 2 4 6 

312 988429156731256704 1 4
5 8 3 4 

55 4063549221850458403 1 5
0 5 1 2 4 

58 1361567497545663179 1 4
3 4 5 1 

170 13921750370067809599 1 4
3 7 5 1 

43 17033440425027155532 2 4
0 3 5 1 
3 0 5 1 

300 1141918689706725292 1 4
5 8 3 2 

46 1991860458353327362 1 4
3 2 5 1 

308 3097068621038880590 1 4
5 8 2 4 

51 15024369831046084700 1 4
0 4 5 1 

54 9688401628127635698 1 4
5 1 2 4 

293 2438215222600850876 1 4
5 2 0 8 

36 7761248114875356858 1 2
5 2 

166 1283857367651356753 1 4
2 7 5 1 

39 2438215222600850876 1 4
0 2 5 1 

296 2361156492905547982 2 3
3 5 8 
5 3 8 

184 9545065420260481377 1 4
5 7 3 4 

57 7083331739448885094 2 4
0 5 3 4 
5 0 3 4 

314 16322526073318479751 1 5
8 3 4 5 1 

172 2507886651565859634 1 4
5 7 3 2 

45 17094505621254322587 2 4
0 5 3 2 
5 0 3 2 

302 7666484076416464774 1 5
8 3 2 5 1 

305 1470142328109767921 1 4
5 4 0 8 

178 10983409412583460812 2 4
4 7 5 1 
7 4 5 1 

133 7494945109137904594 1 3
2 0 7 

390 12597187299514012423 1 4
2 1 7 8 

269 1991860458353327362 1 4
3 2 0 8 

142 9230740479466795253 2 4
1 7 3 2 
7 1 3 2 

15 4988930024556743220 1 4
0 1 3 2 

104 18318763533345863842 1 3
5 3 6 

361 9547763879525203002 1 5
5 0 8 3 6 

147 6534630873780932037 2 4
1 4 0 7 
4 1 0 7 

404 14035880416570671791 2 4
2 4 7 8 
2 4 8 7 

274 754205998099296360 6 3
1 4 8 
1 8 4 
4 1 8 
4 8 1 
8 4 1 
8 1 4 

73 18318763533345863842 1 3
0 3 6 

330 10596920958349277763 2 4
1 8 3 6 
8 1 3 6 

44 14387733495235990617 1 3
5 3 2 

301 10675525964504080588 1 5
5 3 2 0 8 

56 1100806113672523033 1 3
5 3 4 

313 7110494713228506197 1 5
5 3 4 0 8 

165 2438215222600850876 1 4
5 2 0 7 

38 7494945109137904594 1 3
2 5 1 

295 9890229634586483153 2 5
2 0 8 5 1 
2 5 1 0 8 

292 10596927269057759021 1 3
5 2 8 

35 11149028268085365730 1 3
0 5 1 

100 10992244341852364864 1 3
5 2 6 

357 4651384606465664711 1 5
5 0 8 6 2 

263 4868259398098227442 1 4
2 1 0 8 

9 17087753756477223945 2 2
0 3 
3 0 

266 10706753935364593016 2 3
3 1 8 
3 8 1 

177 2707213394142242189 1 4
5 4 0 7 

304 14718008852537657457 2 3
5 4 8 
5 8 4 

47 8844271038801601743 1 5
0 3 2 5 1 

5 7761248114875356858 1 2
0 2 

262 17466997261604964387 2 3
2 1 8 
2 8 1 

33 17087753756477223945 2 2
0 5 
5 0 

163 15406660600063173003 2 4
0 7 5 1 
5 1 0 7 

420 14782797792400153101 2 4
5 2 7 8 
5 2 8 7 

275 17551861176896189898 2 4
1 4 0 8 
4 1 0 8 

137 11149028268085365730 1 3
3 0 7 

394 6398757076883575033 1 4
3 1 7 8 

267 12844178937462204567 1 4
3 1 0 8 

81 7698985776645440831 2 3
0 4 6 
0 6 4 

338 10601132076907988804 2 4
1 8 4 6 
8 1 4 6 

52 2711566611438747588 1 3
5 2 4 

309 4963846356418396663 1 5
5 0 8 2 4 

112 7698985776645440831 2 3
5 4 6 
5 6 4 

369 3486850728583804997 1 5
5 0 8 6 4 

180 8743635091560018816 1 4
5 7 4 2 

53 3803037355813850031 2 4
0 5 2 4 
5 0 2 4 

310 6031042875728207735 1 5
8 5 1 2 4 

69 10992244341852364864 1 3
0 2 6 

326 10091840353932055327 2 4
1 8 2 6 
8 1 2 6 

40 17087753756477223945 2 2
3 5 
5 3 

297 2995300807293622581 2 4
3 5 0 8 
5 3 0 8 

19 10706753935364593016 2 3
0 1 4 
0 4 1 

146 13119232308241019096 6 3
1 4 7 
1 7 4 
4 1 7 
4 7 1 
7 4 1 
7 1 4 

403 15207790335891244739 2 5
1 4 0 7 8 
4 1 0 7 8 

161 11149028268085365730 1 3
5 0 7 

418 10083773938285380914 2 4
5 1 7 8 
5 1 8 7 

49 1330854201845664887 2 3
0 5 4 
5 0 4 

306 3907734590851251535 2 4
4 8 5 1 
8 4 5 1 

176 2512533711646785065 2 3
5 4 7 
5 7 4 

37 6508990256303163784 2 3
0 5 2 
5 0 2 

294 4868259398098227442 1 4
2 8 5 1 

164 10596927269057759021 1 3
5 2 7 

41 10464402029777390164 6 3
0 3 5 
0 5 3 
3 0 5 
3 5 0 
5 3 0 
5 0 3 

298 15368499501652111834 1 4
3 8 5 1 

168 5707635945091764290 2 3
3 5 7 
5 3 7 

67 12254329342543767602 2 3
0 1 6 
0 6 1 

194 6906529405458791006 6 3
1 6 7 
1 7 6 
6 1 7 
6 7 1 
7 6 1 
7 1 6 

97 17662388742419376403 2 3
0 5 6 
5 0 6 

354 7186660799657259970 2 4
6 8 5 1 
8 6 5 1 

224 2194224039831407595 2 3
5 6 7 
5 7 6 

392 17258787824257198352 2 3
3 7 8 
3 8 7 

135 1283857367651356753 1 4
2 1 0 7 

11 16574095905003600574 2 3
0 3 1 
3 0 1 

138 12769602731266802952 2 3
3 1 7 
3 7 1 

265 11149028268085365730 1 3
3 0 8 

29 6437456215418999175 1 4
0 3 2 4 

286 13062095886854277288 2 5
1 8 3 2 4 
8 1 3 2 4 

139 6570806256634135414 1 4
3 1 0 7 

396 7331666376021191058 2 4
3 2 7 8 
3 2 8 7 

169 9192673037414984222 2 4
3 5 0 7 
5 3 0 7 

42 11149028268085365730 1 3
3 5 1 

299 3583861990886220277 1 5
3 5 1 0 8 

60 6437456215418999175 1 4
5 3 2 4 

225 3997143717686068364 1 4
5 6 0 7 

352 12129649998618649867 2 3
5 6 8 
5 8 6 

195 7280204158998552156 2 4
1 6 0 7 
6 1 0 7 

452 17016707653901543590 2 4
2 6 7 8 
2 6 8 7 

322 6906529405458791006 6 3
1 6 8 
1 8 6 
6 1 8 
6 8 1 
8 6 1 
8 1 6 

281 1361567497545663179 1 4
3 4 0 8 

154 16277330418281224939 2 4
1 7 3 4 
7 1 3 4 

27 5036159874697649378 1 4
0 1 3 4 

7 10596927269057759021 1 3
0 2 1 

261 7494945109137904594 1 3
2 0 8 

134 10953671594427668171 2 3
2 1 7 
2 7 1 

391 13710275139684096541 1 5
2 1 0 7 8 

388 3913951965140003391 2 3
2 7 8 
2 8 7 

289 11149028268085365730 1 3
5 0 8 

416 17258787824257198352 2 3
5 7 8 
5 8 7 

277 9688401628127635698 1 4
0 8 2 4 

150 12859971101162381823 2 4
1 7 4 2 
7 1 4 2 

23 14078374816545124868 1 4
0 1 2 4 

291 15406660600063173003 2 4
0 8 5 1 
5 1 0 8 

337 15896268698264125057 2 4
0 8 6 4 
0 8 4 6 

325 10655668688769278383 1 4
0 8 2 6 

329 17177136069890610113 1 4
3 6 0 8 

323 7280204158998552156 2 4
1 6 0 8 
6 1 0 8 

353 17683488410225082142 1 4
5 6 0 8 

368 438292247987853994 1 4
5 8 4 6 

360 5239096103802008002 1 4
5 8 3 6 

103 5141824641903028880 1 5
0 5 1 6 2 

389 5792736135876701352 2 4
2 0 7 8 
2 0 8 7 

393 5625766177066252915 2 4
3 0 7 8 
3 0 8 7 

408 2045910373128645647 2 4
3 4 7 8 
3 4 8 7 

151 1084507221573031344 1 5
1 0 7 4 2 

402 2974813683649203891 2 4
1 4 7 8 
4 1 7 8 

417 5625766177066252915 2 4
5 0 7 8 
5 0 8 7 

432 7997573950467556605 1 4
5 4 7 8 

424 391625185477465501 2 4
3 5 8 7 
5 3 8 7 

167 16664222926574272544 2 5
2 0 7 5 1 
2 5 1 0 7 

464 9889576315341648160 4 4
7 8 4 6 
7 8 6 4 
8 7 6 4 
8 7 4 6 

456 4044394870767716701 2 4
3 6 7 8 
3 6 8 7 

199 15976761536393312418 1 5
1 0 7 6 2 

480 6894937126532847700 1 4
5 6 7 8 

450 394700380938346138 4 4
1 6 7 8 
1 6 8 7 
6 1 7 8 
6 1 8 7 

31 2322841447639459813 1 5
0 1 3 2 4 

59 14534091388890620093 1 5
0 3 4 5 1 

316 5907118653088785677 1 5
5 8 3 2 4 

61 13546960694812237427 2 5
0 5 3 2 4 
5 0 3 2 4 

93 3718259444483002114 1 5
0 3 2 4 6 

62 15385053141401138018 1 5
5 1 3 2 4 

87 17503705883521901828 1 5
0 1 6 2 4 

91 12151143527605453567 1 5
0 1 3 6 4 

79 4670704673296650808 1 5
0 1 3 6 2 

124 3718259444483002114 1 5
5 3 2 4 6 

117 9291291277247641947 2 5
0 5 6 2 4 
5 0 6 2 4 

121 13477208907819078125 2 5
0 5 3 6 4 
5 0 3 6 4 

115 970900840170984265 1 5
0 5 1 6 4 

372 15077629947183570210 1 5
5 8 2 4 6 

109 14749805810580974560 2 5
0 5 3 6 2 
5 0 3 6 2 

118 9765671506283532260 1 5
5 1 2 4 6 

122 7445691566095667742 1 5
5 1 3 4 6 

107 14230123836190482666 1 5
0 5 1 3 6 

364 12015781129327052832 1 5
5 8 3 2 6 

110 3616954420919731814 1 5
5 1 3 2 6 

157 15385053141401138018 1 5
0 7 3 2 4 

155 9058481961428402352 1 5
1 3 4 0 7 

412 11236563848150499878 2 5
7 8 3 2 4 
8 7 3 2 4 

143 16727895363052370207 1 5
1 3 2 0 7 

158 6186769705582670740 2 5
1 7 3 4 2 
7 1 3 4 2 

181 7011903717051109002 1 5
5 0 7 4 2 

185 2364145148934641800 1 5
5 3 4 0 7 

173 14941462767271296174 1 5
5 3 2 0 7 

188 6927120403794601158 1 5
5 7 3 4 2 

179 5946777683810519811 1 5
4 5 1 0 7 

182 17123863215695599030 1 5
7 5 1 4 2 

186 13440385135254042455 1 5
7 5 1 3 4 

171 2786230155103512443 1 5
3 0 7 5 1 

213 9765671506283532260 1 5
0 7 2 4 6 

174 17125070613083258964 1 5
7 3 2 5 1 

217 7445691566095667742 1 5
0 7 3 4 6 

205 3616954420919731814 1 5
0 7 3 2 6 

211 6276338513131099535 1 5
1 0 7 6 4 

203 8891511497944903238 1 5
1 0 7 3 6 

214 4705467921782376085 2 5
1 7 4 2 6 
7 1 4 2 6 

218 144425989238311857 2 5
1 7 3 4 6 
7 1 3 4 6 

241 5546041436871281407 1 5
5 0 7 6 4 

206 17276590588278386434 2 5
1 7 3 2 6 
7 1 3 2 6 

229 1531298632326373263 1 5
5 0 7 6 2 

244 9551852645639145196 1 5
5 7 6 4 2 

233 3389130259357685958 1 5
5 0 7 3 6 

248 1520000150180586536 1 5
5 7 3 6 4 

236 6931698248301549299 1 5
5 7 3 6 2 

227 18119565120367762373 1 5
6 0 7 5 1 

242 12556583542946221071 1 5
7 5 1 4 6 

230 2436451177975334310 1 5
7 5 1 6 2 

234 7207862075117941295 1 5
7 5 1 3 6 

285 15385053141401138018 1 5
0 8 3 2 4 

279 14954127595731026743 1 5
1 0 8 2 4 

283 10046078961121171847 1 5
1 3 4 0 8 

271 10937842292579835053 1 5
1 3 2 0 8 

307 17924674652927904615 1 5
4 5 1 0 8 

341 9765671506283532260 1 5
0 8 2 4 6 

345 7445691566095667742 1 5
0 8 3 4 6 

333 3616954420919731814 1 5
0 8 3 2 6 

339 8540476451185999261 1 5
1 0 8 6 4 

327 4521501828341478997 1 5
1 0 8 6 2 

331 14754811730229499528 1 5
1 0 8 3 6 

376 13795434334931646252 1 5
5 8 3 4 6 

355 11074708725242234009 1 5
6 0 8 5 1 

405 15062902225390372083 2 5
2 4 0 7 8 
2 4 0 8 7 

409 12466888878130331368 2 5
3 4 0 7 8 
3 4 0 8 7 

397 2164813351439037582 2 5
3 2 0 7 8 
3 2 0 8 7 

