bhabha2lp[0,0,0,0,0,0,0,0,0]*(-a5-a2-a6-2*a0-a4+d)
bhabha2lp[1,0,0,0,0,0,0,0,0]*(-2*a0)
bhabha2lp[-1,0,1,0,0,0,0,0,0]*(-a2)
bhabha2lp[-1,0,0,0,0,0,1,0,0]*(-a6)
bhabha2lp[0,0,1,-1,0,0,0,0,0]*(a2)
bhabha2lp[0,0,1,0,0,0,0,0,0]*(-a2)
bhabha2lp[-1,0,0,0,1,0,0,0,0]*(-a4)
bhabha2lp[-1,0,0,0,0,1,0,0,0]*(-a5)

bhabha2lp[0,0,0,0,0,0,0,0,0]*(-a1-a8-a2-2*a3-a7+d)
bhabha2lp[0,1,0,-1,0,0,0,0,0]*(-a1)
bhabha2lp[0,1,0,0,0,0,0,0,0]*(-2*a1)
bhabha2lp[-1,0,1,0,0,0,0,0,0]*(a2)
bhabha2lp[0,0,0,0,0,0,0,0,1]*(a8)
bhabha2lp[0,0,1,-1,0,0,0,0,0]*(-a2)
bhabha2lp[0,0,1,0,0,0,0,0,0]*(a2)
bhabha2lp[0,0,0,-1,0,0,0,0,1]*(-a8)
bhabha2lp[0,0,0,-1,0,0,0,1,0]*(-a7)
bhabha2lp[0,0,0,0,0,0,0,1,0]*(a7)

bhabha2lp[0,0,0,0,0,0,0,0,0]*(a0-a4)
bhabha2lp[1,0,0,0,-1,0,0,0,0]*(-a0)
bhabha2lp[1,0,0,0,0,0,0,0,0]*(2*a0)
bhabha2lp[-1,0,1,0,0,0,0,0,0]*(a2)
bhabha2lp[0,0,1,-1,0,0,0,0,0]*(a2)
bhabha2lp[0,0,1,0,-1,0,0,0,0]*(-a2)
bhabha2lp[0,0,1,0,0,0,0,-1,0]*(-a2)
bhabha2lp[0,0,1,0,0,0,0,0,0]*(3*a2)
bhabha2lp[-1,0,0,0,1,0,0,0,0]*(a4)
bhabha2lp[0,0,0,0,0,0,1,0,0]*(5*a6)
bhabha2lp[-1,0,0,0,0,1,0,0,0]*(a5)
bhabha2lp[0,0,0,0,-1,1,0,0,0]*(-a5)
bhabha2lp[0,0,0,0,0,1,0,0,0]*(7*a5)
bhabha2lp[-1,0,0,0,0,0,1,0,0]*(a6)
bhabha2lp[0,0,0,0,-1,0,1,0,0]*(-a6)

bhabha2lp[0,0,0,0,0,0,0,0,0]*(-a5+a0)
bhabha2lp[1,0,0,0,0,-1,0,0,0]*(-a0)
bhabha2lp[1,0,0,0,0,0,0,0,0]*(2*a0)
bhabha2lp[-1,0,1,0,0,0,0,0,0]*(a2)
bhabha2lp[0,0,1,-1,0,0,0,0,0]*(a2)
bhabha2lp[0,0,1,0,0,-1,0,0,0]*(-a2)
bhabha2lp[0,0,1,0,0,0,0,0,-1]*(-a2)
bhabha2lp[0,0,1,0,0,0,0,0,0]*(3*a2)
bhabha2lp[-1,0,0,0,1,0,0,0,0]*(a4)
bhabha2lp[0,0,0,0,1,-1,0,0,0]*(-a4)
bhabha2lp[0,0,0,0,1,0,0,0,0]*(7*a4)
bhabha2lp[-1,0,0,0,0,1,0,0,0]*(a5)
bhabha2lp[0,0,0,0,0,0,1,0,0]*(-4*a6)
bhabha2lp[-1,0,0,0,0,0,1,0,0]*(a6)
bhabha2lp[0,0,0,0,0,-1,1,0,0]*(-a6)

bhabha2lp[0,1,0,-1,0,0,0,0,0]*(a1)
bhabha2lp[0,1,0,0,0,0,0,0,-1]*(-a1)
bhabha2lp[-1,0,1,0,0,0,0,0,0]*(a2)
bhabha2lp[0,0,1,-1,0,0,0,0,0]*(a2)
bhabha2lp[0,0,1,0,0,-1,0,0,0]*(-a2)
bhabha2lp[0,0,1,0,0,0,0,0,-1]*(-a2)
bhabha2lp[0,0,1,0,0,0,0,0,0]*(3*a2)
bhabha2lp[0,0,0,0,0,0,0,0,0]*(-a8+a3)
bhabha2lp[0,0,0,1,0,0,0,0,-1]*(-a3)
bhabha2lp[0,0,0,1,0,0,0,0,0]*(a3)
bhabha2lp[0,0,0,-1,0,0,0,1,0]*(a7)
bhabha2lp[0,0,0,0,0,0,0,1,-1]*(-a7)
bhabha2lp[0,0,0,0,0,0,0,1,0]*(6*a7)
bhabha2lp[0,0,0,-1,0,0,0,0,1]*(a8)
bhabha2lp[0,0,0,0,0,0,0,0,1]*(-a8)

bhabha2lp[0,0,0,0,0,0,0,0,0]*(-a6+a0)
bhabha2lp[1,0,0,0,0,0,-1,0,0]*(-a0)
bhabha2lp[1,0,0,0,0,0,0,0,0]*(2*a0)
bhabha2lp[-1,0,1,0,0,0,0,0,0]*(a2)
bhabha2lp[0,-1,1,0,0,0,0,0,0]*(-a2)
bhabha2lp[0,0,1,0,0,0,-1,0,0]*(-a2)
bhabha2lp[0,0,1,0,0,0,0,-1,0]*(a2)
bhabha2lp[0,0,1,0,0,0,0,0,0]*(-a2)
bhabha2lp[-1,0,0,0,1,0,0,0,0]*(a4)
bhabha2lp[0,0,0,0,1,0,-1,0,0]*(-a4)
bhabha2lp[0,0,0,0,1,0,0,0,0]*(5*a4)
bhabha2lp[-1,0,0,0,0,1,0,0,0]*(a5)
bhabha2lp[0,0,0,0,0,1,-1,0,0]*(-a5)
bhabha2lp[0,0,0,0,0,1,0,0,0]*(-4*a5)
bhabha2lp[-1,0,0,0,0,0,1,0,0]*(a6)

bhabha2lp[0,0,0,0,0,0,0,0,0]*(-a1+a7)
bhabha2lp[0,1,0,0,0,0,0,-1,0]*(a1)
bhabha2lp[0,1,0,0,0,0,0,0,0]*(-2*a1)
bhabha2lp[-1,0,1,0,0,0,0,0,0]*(a2)
bhabha2lp[0,-1,1,0,0,0,0,0,0]*(-a2)
bhabha2lp[0,0,1,0,0,0,-1,0,0]*(-a2)
bhabha2lp[0,0,1,0,0,0,0,-1,0]*(a2)
bhabha2lp[0,0,1,0,0,0,0,0,0]*(-a2)
bhabha2lp[0,-1,0,1,0,0,0,0,0]*(-a3)
bhabha2lp[0,0,0,1,0,0,0,-1,0]*(a3)
bhabha2lp[0,0,0,1,0,0,0,0,0]*(-3*a3)
bhabha2lp[0,-1,0,0,0,0,0,1,0]*(-a7)
bhabha2lp[0,0,0,0,0,0,0,0,1]*(-9*a8)
bhabha2lp[0,-1,0,0,0,0,0,0,1]*(-a8)
bhabha2lp[0,0,0,0,0,0,0,-1,1]*(a8)

bhabha2lp[0,1,0,-1,0,0,0,0,0]*(a1)
bhabha2lp[0,1,0,0,0,0,0,-1,0]*(-a1)
bhabha2lp[0,1,0,0,0,0,0,0,0]*(2*a1)
bhabha2lp[-1,0,1,0,0,0,0,0,0]*(a2)
bhabha2lp[0,0,1,-1,0,0,0,0,0]*(a2)
bhabha2lp[0,0,1,0,-1,0,0,0,0]*(-a2)
bhabha2lp[0,0,1,0,0,0,0,-1,0]*(-a2)
bhabha2lp[0,0,1,0,0,0,0,0,0]*(3*a2)
bhabha2lp[0,0,0,0,0,0,0,0,0]*(a3-a7)
bhabha2lp[0,0,0,1,0,0,0,-1,0]*(-a3)
bhabha2lp[0,0,0,1,0,0,0,0,0]*(a3)
bhabha2lp[0,0,0,-1,0,0,0,1,0]*(a7)
bhabha2lp[0,0,0,0,0,0,0,0,1]*(6*a8)
bhabha2lp[0,0,0,0,0,0,0,1,0]*(-a7)
bhabha2lp[0,0,0,-1,0,0,0,0,1]*(a8)
bhabha2lp[0,0,0,0,0,0,0,-1,1]*(-a8)

bhabha2lp[-1,1,0,0,0,0,0,0,0]*(3*a1)
bhabha2lp[0,1,-1,0,0,0,0,0,0]*(-a1)
bhabha2lp[0,1,0,-1,0,0,0,0,0]*(a1)
bhabha2lp[0,1,0,0,-1,0,0,0,0]*(-a1)
bhabha2lp[0,1,0,0,0,0,-1,0,0]*(-a1)
bhabha2lp[0,1,0,0,0,0,0,0,0]*(5*a1)
bhabha2lp[-1,0,1,0,0,0,0,0,0]*(-a2)
bhabha2lp[0,0,0,0,0,0,0,0,0]*(-a2+a3)
bhabha2lp[0,0,1,-1,0,0,0,0,0]*(a2)
bhabha2lp[0,0,1,0,0,0,0,0,0]*(-a2)
bhabha2lp[-1,0,0,1,0,0,0,0,0]*(a3)
bhabha2lp[0,0,-1,1,0,0,0,0,0]*(-a3)
bhabha2lp[0,0,0,0,0,0,0,0,1]*(3*a8)
bhabha2lp[0,0,0,1,0,0,0,0,0]*(a3)
bhabha2lp[-1,0,0,0,0,0,0,1,0]*(2*a7)
bhabha2lp[0,0,-1,0,0,0,0,1,0]*(-a7)
bhabha2lp[0,0,0,-1,0,0,0,1,0]*(a7)
bhabha2lp[0,0,0,0,-1,0,0,1,0]*(-a7)
bhabha2lp[0,0,0,0,0,0,0,1,0]*(3*a7)
bhabha2lp[-1,0,0,0,0,0,0,0,1]*(2*a8)
bhabha2lp[0,0,-1,0,0,0,0,0,1]*(-a8)
bhabha2lp[0,0,0,-1,0,0,0,0,1]*(a8)
bhabha2lp[0,0,0,0,0,-1,0,0,1]*(-a8)

bhabha2lp[0,0,0,0,0,0,0,0,0]*(-a2+a0)
bhabha2lp[1,0,-1,0,0,0,0,0,0]*(-a0)
bhabha2lp[1,0,0,-1,0,0,0,0,0]*(a0)
bhabha2lp[1,0,0,0,0,0,0,0,0]*(a0)
bhabha2lp[-1,0,1,0,0,0,0,0,0]*(a2)
bhabha2lp[0,0,0,0,0,0,1,0,0]*(-2*a6)
bhabha2lp[0,0,1,-1,0,0,0,0,0]*(-a2)
bhabha2lp[0,0,1,0,0,0,0,0,0]*(a2)
bhabha2lp[-1,0,0,0,1,0,0,0,0]*(a4)
bhabha2lp[0,0,-1,0,1,0,0,0,0]*(-a4)
bhabha2lp[0,0,0,-1,1,0,0,0,0]*(2*a4)
bhabha2lp[0,0,0,0,1,0,0,-1,0]*(-a4)
bhabha2lp[0,0,0,0,1,0,0,0,0]*(2*a4)
bhabha2lp[-1,0,0,0,0,1,0,0,0]*(a5)
bhabha2lp[0,0,-1,0,0,1,0,0,0]*(-a5)
bhabha2lp[0,0,0,-1,0,1,0,0,0]*(2*a5)
bhabha2lp[0,0,0,0,0,1,0,0,-1]*(-a5)
bhabha2lp[0,0,0,0,0,1,0,0,0]*(2*a5)
bhabha2lp[-1,0,0,0,0,0,1,0,0]*(a6)
bhabha2lp[0,-1,0,0,0,0,1,0,0]*(-a6)
bhabha2lp[0,0,-1,0,0,0,1,0,0]*(-a6)
bhabha2lp[0,0,0,-1,0,0,1,0,0]*(a6)
bhabha2lp[0,0,0,0,0,0,1,-1,0]*(a6)

