480 11591101788391728525 4 4
5 6 7 8 
5 6 8 7 
6 5 7 8 
6 5 8 7 

449 6651775049827441263 2 4
0 6 8 7 
6 0 8 7 

464 16084194551532482219 1 4
4 6 7 8 

456 16578887558284223123 1 4
3 6 7 8 

417 10275213892381973969 4 4
0 5 7 8 
0 5 8 7 
5 0 7 8 
5 0 8 7 

432 125969937635585562 1 4
4 5 8 7 

424 5212208834225348329 2 4
3 5 7 8 
3 5 8 7 

389 16883107695366441800 2 4
7 8 2 0 
8 7 2 0 

401 14469657124809349322 2 4
4 0 7 8 
4 0 8 7 

408 18069576535323930609 2 4
3 4 8 7 
4 3 8 7 

393 5212208834225348329 2 4
3 0 7 8 
3 0 8 7 

390 9268249734233912329 2 4
2 1 7 8 
2 1 8 7 

353 14735937202816360708 2 4
6 8 0 5 
8 6 0 5 

394 5215022540671273095 2 4
3 1 7 8 
3 1 8 7 

368 14010307982763163993 1 4
5 8 4 6 

360 18182591502297370157 2 4
6 8 3 5 
8 6 3 5 

354 7280204158998552156 2 4
5 6 1 8 
6 5 1 8 

325 12524610326562382195 2 4
6 8 0 2 
8 6 0 2 

329 15637634100687973609 2 4
6 8 3 0 
8 6 3 0 

337 3004742671634200654 1 4
0 8 4 6 

323 9585561052611729141 2 4
0 6 1 8 
6 0 1 8 

344 10165943194089086826 1 4
3 8 4 6 

326 7534131615306988512 1 4
2 6 1 8 

330 11829580122578318875 1 4
3 6 1 8 

291 15030547681265595241 2 4
1 8 5 0 
1 8 0 5 

305 2969595286833018105 1 4
4 8 5 0 

294 3779725885503056035 1 4
1 8 2 5 

312 1988476479463015152 1 4
4 8 3 5 

400 3870621583062396010 2 3
4 7 8 
4 8 7 

273 10706753935364593016 2 3
4 0 8 
4 8 0 

146 11149028268085365730 1 3
4 1 7 

352 6906529405458791006 6 3
5 6 8 
5 8 6 
6 5 8 
6 8 5 
8 6 5 
8 5 6 

98 12254329342543767602 2 3
1 5 6 
1 6 5 

225 17727869722022097672 4 4
6 7 0 5 
6 7 5 0 
7 6 5 0 
7 6 0 5 

336 11811985506987824205 1 3
8 4 6 

82 9663156178383526613 1 3
1 4 6 

209 4577395660377791505 1 4
0 7 4 6 

74 17662388742419376403 2 3
1 3 6 
3 1 6 

201 11699471195932271526 2 4
6 7 3 0 
7 6 3 0 

304 16258839135554755291 2 3
4 5 8 
4 8 5 

50 9792737628942422839 2 3
1 4 5 
4 1 5 

177 4574952018326510119 2 4
4 7 5 0 
4 7 0 5 

19 3519693191574693728 2 3
1 4 0 
4 1 0 

276 11429963628252232268 1 3
4 2 8 

22 4587567072708941502 2 3
1 4 2 
4 1 2 

149 14508448838968914373 1 4
4 7 2 0 

26 10464402029777390164 6 3
1 3 4 
1 4 3 
3 1 4 
3 4 1 
4 3 1 
4 1 3 

153 15368499501652111834 1 4
4 7 3 0 

224 6906529405458791006 6 3
5 6 7 
5 7 6 
6 5 7 
6 7 5 
7 6 5 
7 5 6 

208 7225618314733973290 1 3
7 4 6 

338 16545225676560293545 1 4
4 6 1 8 

81 1341041911306012474 1 3
0 4 6 

266 11149028268085365730 1 3
3 1 8 

396 11852296779566103292 2 4
3 2 7 8 
3 2 8 7 

139 15406660600063173003 2 4
1 7 3 0 
3 0 1 7 

148 14703313149586485734 1 3
4 2 7 

176 10706753935364593016 2 3
4 5 7 
4 7 5 

306 1988476479463015152 1 4
4 5 1 8 

49 9856009855437824259 2 3
4 0 5 
4 5 0 

402 5215022540671273095 2 4
4 1 7 8 
4 1 8 7 

145 10706753935364593016 2 3
4 0 7 
4 7 0 

275 12159194040976764615 1 4
4 0 1 8 

18 17087753756477223945 2 2
1 4 
4 1 

388 11277363013374094685 2 3
2 7 8 
2 8 7 

134 6298889260055877585 1 3
2 1 7 

7 17250501025191192120 1 3
1 2 0 

152 2361156492905547982 2 3
3 4 7 
4 3 7 

193 6906529405458791006 6 3
0 6 7 
0 7 6 
6 0 7 
6 7 0 
7 6 0 
7 0 6 

112 1341041911306012474 1 3
5 4 6 

321 2728381371886174304 6 3
0 6 8 
0 8 6 
6 0 8 
6 8 0 
8 6 0 
8 0 6 

262 6298889260055877585 1 3
2 1 8 

84 16965975250547559567 1 3
2 4 6 

28 13914074621237375057 1 3
4 3 2 

25 11149028268085365730 1 3
4 3 0 

282 10880432878561687756 2 4
3 4 1 8 
4 3 1 8 

14 13914074621237375057 1 3
1 3 2 

138 11149028268085365730 1 3
3 1 7 

135 3779725885503056035 1 4
1 7 2 0 

392 3870621583062396010 2 3
3 7 8 
3 8 7 

11 11149028268085365730 1 3
1 3 0 

277 17917770208893621556 1 4
4 8 2 0 

20 3085733323793310697 1 2
4 2 

274 11149028268085365730 1 3
4 1 8 

404 7019617229876058875 1 4
4 2 8 7 

147 12159194040976764615 1 4
4 0 1 7 

21 17250501025191192120 1 3
4 2 0 

278 17586391388514077437 1 4
4 2 1 8 

200 3854895435528399829 2 3
3 6 7 
3 7 6 

35 9856009855437824259 2 3
1 0 5 
1 5 0 

196 3347474035243917583 2 3
2 6 7 
2 7 6 

38 17250501025191192120 1 3
1 2 5 

42 11149028268085365730 1 3
1 3 5 

56 11149028268085365730 1 3
4 3 5 

52 17250501025191192120 1 3
4 2 5 

15 1277910811888892566 1 4
1 3 2 0 

142 4059955786470530201 1 4
3 2 1 7 

70 13546528906197365241 1 3
1 2 6 

67 16258839135554755291 2 3
1 0 6 
1 6 0 

324 13717010293116468262 2 3
2 6 8 
2 8 6 

197 8463222285952631605 2 4
6 7 2 0 
7 6 2 0 

29 1277910811888892566 1 4
4 3 2 0 

156 15354827101147783420 1 4
4 7 3 2 

88 8861515513483241502 1 3
3 4 6 

154 2995300807293622581 2 4
3 4 1 7 
4 3 1 7 

24 17087753756477223945 2 2
3 4 
4 3 

281 14505538550821850107 1 4
4 8 3 0 

46 1277910811888892566 1 4
1 3 2 5 

30 12243147749982779711 2 4
1 4 3 2 
4 1 3 2 

27 3350840979172127825 2 4
1 4 3 0 
4 1 3 0 

284 16094504646285456343 1 4
4 8 3 2 

280 9792737628942422839 2 3
3 4 8 
4 3 8 

23 16188122483201663660 2 4
1 4 0 2 
4 1 0 2 

150 4434659276709503625 1 4
4 2 1 7 

60 1277910811888892566 1 4
4 3 2 5 

43 17465662671288161290 2 4
1 3 0 5 
1 3 5 0 

170 15406660600063173003 2 4
1 7 3 5 
3 5 1 7 

58 10880432878561687756 2 4
1 4 3 5 
4 1 3 5 

54 12687085264273851511 2 4
1 4 5 2 
4 1 5 2 

39 7612778270979485819 2 4
1 0 5 2 
1 5 0 2 

166 3779725885503056035 1 4
1 7 2 5 

57 17465662671288161290 2 4
4 3 0 5 
4 3 5 0 

184 15368499501652111834 1 4
4 7 3 5 

53 7612778270979485819 2 4
4 0 5 2 
4 5 0 2 

180 14508448838968914373 1 4
4 7 2 5 

308 4195042430737640018 1 4
4 8 5 2 

51 13003072639446942615 2 4
1 4 0 5 
4 1 0 5 

178 14505538550821850107 1 4
4 5 1 7 

78 5561254676401482594 1 4
1 6 3 2 

86 7382083661758114260 1 4
1 2 4 6 

90 3210768476981048542 1 4
1 3 4 6 

92 18043272936123886029 1 4
4 6 3 2 

332 17562497019450741088 2 4
6 8 3 2 
8 6 3 2 

75 12152577045520422986 1 4
1 6 3 0 

202 6333077869789004859 1 4
3 6 1 7 

328 18207486321558840374 2 3
3 6 8 
3 8 6 

71 6689629829753828406 1 4
1 6 0 2 

198 9889363183870086723 1 4
2 6 1 7 

89 7980685588675235420 1 4
4 6 3 0 

216 16607201536931003637 1 4
3 7 4 6 

340 18068423646425506007 1 4
2 8 4 6 

83 9863332126320056909 1 4
1 0 4 6 

210 1035053447983556851 1 4
4 6 1 7 

85 10088442562108752948 1 4
4 6 0 2 

212 10955256611918244732 1 4
2 7 4 6 

106 5069303078012082896 1 4
1 6 3 5 

102 134455680556509299 1 4
1 6 5 2 

120 7980685588675235420 1 4
4 6 3 5 

114 1426650309702511865 1 4
1 5 4 6 

116 10088442562108752948 1 4
4 6 5 2 

356 11856808729836254919 2 4
6 8 2 5 
8 6 2 5 

99 16339812223176129473 1 4
1 6 5 0 

226 7280204158998552156 2 4
5 6 1 7 
6 5 1 7 

113 5861847909819529241 2 4
4 6 5 0 
4 6 0 5 

240 4577395660377791505 1 4
5 7 4 6 

420 16883107695366441800 2 4
7 8 2 5 
8 7 2 5 

163 15030547681265595241 2 4
1 7 5 0 
1 7 0 5 

204 13849747602474163806 2 4
6 7 3 2 
7 6 3 2 

452 13166555939379629893 1 4
2 6 7 8 

195 311993389089937251 2 4
0 6 1 7 
6 0 1 7 

232 11699471195932271526 2 4
6 7 3 5 
7 6 3 5 

228 8463222285952631605 2 4
6 7 2 5 
7 6 2 5 

270 4059955786470530201 1 4
3 2 1 8 

10 17087753756477223945 2 2
1 3 
3 1 

267 15406660600063173003 2 4
1 8 3 0 
3 0 1 8 

6 3085733323793310697 1 2
1 2 

263 3779725885503056035 1 4
1 8 2 0 

298 15406660600063173003 2 4
1 8 3 5 
3 5 1 8 

