bhabha2lp[1,0,-1,0,0,0,0,0,0]*(-a0)
bhabha2lp[0,-1,0,0,1,0,0,0,0]*(2*a4)
bhabha2lp[1,0,0,0,0,0,0,0,0]*(-a0*eta)
bhabha2lp[1,0,0,-1,0,0,0,0,0]*(a0)
bhabha2lp[0,0,0,0,1,0,0,0,-1]*(-a4)
bhabha2lp[0,0,-1,0,1,0,0,0,0]*(-a4)
bhabha2lp[0,0,0,0,0,0,0,0,0]*(-6*a7+6*a8-6*a2+6*a3)
bhabha2lp[0,0,1,0,0,-1,0,0,0]*(8*a2)
bhabha2lp[0,0,1,0,0,0,0,0,0]*(-6*a2*eta)
bhabha2lp[0,0,1,-1,0,0,0,0,0]*(-2*a2)
bhabha2lp[0,-1,0,0,0,0,0,0,1]*(-4*a8)
bhabha2lp[0,0,0,0,0,0,0,0,1]*(-8*a8)
bhabha2lp[0,0,0,0,1,0,0,0,0]*(4*a4-a4*eta)
bhabha2lp[0,0,-1,1,0,0,0,0,0]*(2*a3)
bhabha2lp[0,0,0,1,0,-1,0,0,0]*(-8*a3)
bhabha2lp[0,0,0,0,1,0,0,-1,0]*(-a4)
bhabha2lp[0,0,0,0,0,0,0,-1,1]*(-2*a8)
bhabha2lp[0,0,0,0,0,0,0,1,-1]*(2*a7)
bhabha2lp[0,0,0,-1,1,0,0,0,0]*(a4)
bhabha2lp[0,0,0,1,0,0,0,0,0]*(2*a3*eta)
bhabha2lp[0,-1,0,0,0,0,0,1,0]*(4*a7)
bhabha2lp[0,0,0,0,0,0,0,1,0]*(8*a7)

bhabha2lp[1,0,-1,0,0,0,0,0,0]*(2*a0)
bhabha2lp[1,0,0,0,0,-1,0,0,0]*(-a0)
bhabha2lp[1,0,0,0,0,0,0,0,0]*(-a0+2*a0*eta)
bhabha2lp[0,0,0,0,0,0,0,0,0]*(-a0+a7-a4+a2)
bhabha2lp[0,0,0,0,1,0,0,0,0]*(-4*a4+2*a4*eta)
bhabha2lp[0,0,0,0,1,0,-1,0,0]*(-a4)
bhabha2lp[0,0,0,0,1,0,0,-1,0]*(2*a4)
bhabha2lp[0,0,1,0,0,-1,0,0,0]*(-3*a2)
bhabha2lp[0,0,1,0,0,0,0,0,0]*(a2*eta+2*a2)
bhabha2lp[-1,0,1,0,0,0,0,0,0]*(2*a2)
bhabha2lp[0,0,0,0,0,0,0,0,1]*(-4*a8)
bhabha2lp[0,0,0,0,0,-1,0,0,1]*(-6*a8)
bhabha2lp[-1,0,0,1,0,0,0,0,0]*(-6*a3)
bhabha2lp[0,0,-1,0,1,0,0,0,0]*(2*a4)
bhabha2lp[0,0,0,0,-1,0,0,0,1]*(6*a8)
bhabha2lp[0,0,0,0,0,0,0,-1,1]*(-a8)
bhabha2lp[0,0,0,1,0,0,0,0,0]*(a3*eta-6*a3)
bhabha2lp[0,-1,0,0,0,0,0,0,1]*(-11*a8)
bhabha2lp[0,0,0,1,0,-1,0,0,0]*(5*a3)
bhabha2lp[0,0,-1,1,0,0,0,0,0]*(a3)
bhabha2lp[0,0,0,0,0,0,-1,1,0]*(2*a7)
bhabha2lp[0,0,0,0,0,0,0,1,0]*(-4*a7)
bhabha2lp[0,0,0,0,0,0,-1,0,1]*(6*a8)
bhabha2lp[-1,0,0,0,0,0,0,0,1]*(-6*a8)
bhabha2lp[0,-1,0,0,0,0,0,1,0]*(-5*a7)
bhabha2lp[0,0,0,0,0,-1,0,1,0]*(-2*a7)
bhabha2lp[-1,0,0,0,0,0,0,1,0]*(-2*a7)
bhabha2lp[0,0,0,0,-1,0,0,1,0]*(2*a7)

bhabha2lp[1,0,0,-1,0,0,0,0,0]*(-a0)
bhabha2lp[1,0,0,0,0,-1,0,0,0]*(a0)
bhabha2lp[1,0,0,0,0,0,0,0,0]*(a0-a0*eta)
bhabha2lp[0,0,0,0,0,0,0,0,0]*(a0-6*a7+a4+5*a8-6*a2+5*a3)
bhabha2lp[1,0,-1,0,0,0,0,0,0]*(-a0)
bhabha2lp[0,0,0,0,1,0,-1,0,0]*(a4)
bhabha2lp[0,0,1,-1,0,0,0,0,0]*(-3*a2)
bhabha2lp[0,0,1,0,0,-1,0,0,0]*(3*a2)
bhabha2lp[0,0,1,0,0,0,0,0,0]*(-6*a2*eta+6*a2)
bhabha2lp[-1,0,1,0,0,0,0,0,0]*(6*a2)
bhabha2lp[0,0,-1,0,1,0,0,0,0]*(-a4)
bhabha2lp[0,0,0,-1,1,0,0,0,0]*(-a4)
bhabha2lp[0,-1,0,0,1,0,0,0,0]*(-2*a4)
bhabha2lp[0,0,0,0,1,0,0,-1,0]*(-a4)
bhabha2lp[-1,0,0,0,0,0,0,0,1]*(-2*a8)
bhabha2lp[0,0,0,0,1,0,0,0,-1]*(a4)
bhabha2lp[0,0,0,0,1,0,0,0,0]*(-a4*eta)
bhabha2lp[0,-1,0,0,0,0,0,0,1]*(-7*a8)
bhabha2lp[0,0,0,0,0,-1,0,0,1]*(-2*a8)
bhabha2lp[0,0,0,0,0,0,0,0,1]*(-8*a8)
bhabha2lp[0,0,0,0,-1,0,0,0,1]*(2*a8)
bhabha2lp[0,0,0,0,0,0,0,-1,1]*(-2*a8)
bhabha2lp[0,0,0,0,0,0,-1,0,1]*(2*a8)
bhabha2lp[0,0,0,1,0,0,0,0,0]*(2*a3*eta-2*a3)
bhabha2lp[0,-1,0,0,0,0,0,1,0]*(-9*a7)
bhabha2lp[0,0,0,0,0,0,0,1,-1]*(3*a7)
bhabha2lp[-1,0,0,1,0,0,0,0,0]*(-2*a3)
bhabha2lp[-1,0,0,0,0,0,0,1,0]*(-6*a7)
bhabha2lp[0,0,0,1,0,-1,0,0,0]*(-5*a3)
bhabha2lp[0,0,0,0,-1,0,0,1,0]*(6*a7)
bhabha2lp[0,0,0,0,0,-1,0,1,0]*(-6*a7)
bhabha2lp[0,0,0,0,0,0,-1,1,0]*(6*a7)
bhabha2lp[0,0,-1,1,0,0,0,0,0]*(2*a3)

