500 12954432322313652415 1 6
2 4 5 8 7 6 

470 11840456740064416592 2 6
2 4 7 6 8 1 
4 2 7 6 8 1 

469 14748672918375966325 1 6
2 4 0 7 6 8 

476 14968394392520699717 1 6
2 4 3 6 7 8 

492 14569913011339353888 1 6
2 5 3 6 8 7 

485 3872225420841397050 1 6
2 5 0 8 7 6 

461 9385242043319795197 1 6
2 3 0 6 7 8 

486 1576105964809646214 1 6
2 5 8 7 6 1 

462 16977417411675383531 1 6
2 3 6 7 8 1 

455 12412952933779437212 1 6
2 0 7 8 6 1 

497 10236997322649716620 1 6
4 5 0 7 8 6 

498 1304243558005810193 1 6
4 5 7 8 6 1 

504 17097523638238874918 1 6
4 5 3 7 8 6 

473 3886368381402299545 1 6
4 0 3 7 8 6 

490 12401893858806423290 2 6
3 5 7 8 6 1 
5 3 7 8 6 1 

467 7364848784374486029 1 6
4 0 7 8 6 1 

489 13262432458268360535 2 6
7 8 6 0 5 3 
7 8 6 0 3 5 

474 11917370000372678268 1 6
4 3 7 8 6 1 

483 18015934085322095032 1 6
0 5 7 8 6 1 

444 13911938159270742148 1 6
2 7 8 4 5 3 

437 14871563535444473934 1 6
2 7 8 4 5 0 

459 18015934085322095032 1 6
0 3 7 8 6 1 

438 3694301484057993725 1 6
2 4 5 8 7 1 

413 7987051362048500421 1 6
2 7 8 4 0 3 

407 14756661200341735692 1 6
2 4 0 7 8 1 

414 17330007741784970341 1 6
2 4 3 7 8 1 

429 15058714399160403668 1 6
2 8 7 5 0 3 

423 10513308982867987575 1 6
2 5 0 8 7 1 

430 9681729367205757355 1 6
2 5 3 8 7 1 

441 14458940504672896963 2 6
7 8 4 5 0 3 
8 7 4 5 0 3 

399 4084978009813573043 1 6
2 0 3 7 8 1 

435 9938843897387254364 2 6
4 5 0 7 8 1 
4 5 0 8 7 1 

442 5898310776143267316 2 6
4 5 3 7 8 1 
4 5 3 8 7 1 

411 13540974783945420011 2 6
4 0 3 7 8 1 
4 0 3 8 7 1 

427 16984922665652062395 4 6
7 8 1 0 5 3 
7 8 1 0 3 5 
8 7 1 0 3 5 
8 7 1 0 5 3 

380 16664427579231199983 1 6
2 6 8 4 5 3 

374 8798119435491107255 1 6
2 4 5 8 6 1 

373 16062450879027206014 1 6
2 8 6 4 5 0 

365 4945733029580151560 2 6
2 6 8 5 3 0 
2 8 6 3 5 0 

349 14580922677171049320 1 6
2 6 8 4 3 0 

343 8807566744246876963 1 6
2 4 0 6 1 8 

350 12697528198486179417 1 6
2 4 3 6 1 8 

359 9234618384469793725 1 6
2 5 0 8 6 1 

335 9234618384469793725 1 6
2 3 0 6 8 1 

366 17976580324176975599 2 6
2 3 5 8 6 1 
2 5 3 6 8 1 

377 18039268745013131631 2 6
6 8 4 5 0 3 
8 6 4 5 0 3 

363 1459120097054455012 4 6
0 3 5 6 8 1 
0 3 5 8 6 1 
0 5 3 6 8 1 
0 5 3 8 6 1 

371 12486291183664157345 2 6
4 5 0 6 8 1 
4 5 0 8 6 1 

347 3864598283599346241 2 6
4 0 3 6 8 1 
4 0 3 8 6 1 

378 1071285484515003149 2 6
4 5 3 6 8 1 
4 5 3 8 6 1 

318 9736582698070546502 1 6
2 8 1 4 5 3 

317 16969150801137080984 1 6
2 8 4 5 0 3 

287 16000253120874975146 1 6
2 1 8 4 0 3 

311 4149160707917303831 1 6
2 8 1 4 5 0 

315 15627146197722872379 2 6
1 8 4 5 0 3 
8 1 4 5 0 3 

303 6370032997356764642 1 6
2 8 1 5 0 3 

252 1618724763486989209 1 6
2 6 7 4 3 5 

245 3772892706420115906 1 6
2 7 6 4 5 0 

221 4351323096871395189 1 6
2 6 7 4 3 0 

215 12713248060226240799 2 6
2 4 0 6 7 1 
2 4 0 7 6 1 

246 2571312123601243152 1 6
2 4 5 7 6 1 

222 12305474060853068330 1 6
2 4 3 6 7 1 

237 12057981497937274705 1 6
2 6 7 3 5 0 

238 1793624970813666674 1 6
2 3 5 6 7 1 

231 4035443180092448587 1 6
2 5 0 7 6 1 

207 14741432764509543345 1 6
2 3 0 6 7 1 

249 14122741057284387649 2 6
6 7 4 5 0 3 
7 6 4 5 0 3 

235 13848775620947010781 4 6
0 3 5 6 7 1 
0 3 5 7 6 1 
0 5 3 6 7 1 
0 5 3 7 6 1 

243 15202305605882201551 2 6
4 5 0 6 7 1 
4 5 0 7 6 1 

250 4280571145994189404 2 6
4 5 3 6 7 1 
4 5 3 7 6 1 

219 15402829795978005231 2 6
4 0 3 6 7 1 
4 0 3 7 6 1 

183 17000720218347934114 1 6
2 7 1 4 5 0 

190 5793143688308144101 1 6
2 7 1 4 5 3 

189 2342013050401883847 1 6
2 7 4 5 0 3 

159 5706765363706125732 1 6
2 7 1 4 0 3 

175 238628790484453131 1 6
2 7 1 5 0 3 

187 15627146197722872379 2 6
1 7 4 5 0 3 
7 1 4 5 0 3 

125 8089983049145562668 1 6
2 6 4 3 5 0 

126 10786059362310078685 1 6
2 6 1 4 3 5 

119 16442655787344353782 1 6
2 6 1 4 5 0 

95 13618073024898782325 1 6
2 6 1 4 3 0 

123 15627146197722872379 2 6
1 6 4 5 0 3 
6 1 4 5 0 3 

111 6370032997356764642 1 6
2 6 1 3 0 5 

63 15609158876751675747 1 6
2 1 4 5 0 3 

468 12493972253818679991 2 5
2 4 7 6 8 
4 2 7 6 8 

453 15753856075881228065 1 5
2 0 7 8 6 

460 3563861762695325245 1 5
2 3 6 7 8 

484 552777010579638669 1 5
2 5 8 7 6 

454 17760995621604911877 1 5
2 7 8 6 1 

326 2506011958774662217 2 4
2 6 8 1 
2 8 6 1 

69 7376325736343524804 1 3
2 0 6 

278 12228316347960694542 2 4
2 4 1 8 
4 2 1 8 

21 4341682271174687329 1 3
2 4 0 

263 7114834220733997149 1 4
2 0 8 1 

294 16759578986255104721 1 4
2 5 8 1 

37 2211433503843636553 1 3
2 0 5 

270 10719626107048014941 1 4
2 3 8 1 

13 2211433503843636553 1 3
2 0 3 

240 12070489641313147142 2 4
4 5 6 7 
4 5 7 6 

216 10083773938285380914 2 4
4 3 6 7 
4 3 7 6 

232 1699057898927065156 4 4
6 7 3 5 
6 7 5 3 
7 6 5 3 
7 6 3 5 

201 17873299262730000154 2 4
0 3 6 7 
0 3 7 6 

225 17873299262730000154 2 4
0 5 6 7 
0 5 7 6 

195 14838374887901921718 2 4
0 6 7 1 
0 7 6 1 

452 15236505058129304159 1 4
2 7 8 6 

178 6360605120071040097 2 4
4 5 1 7 
4 5 7 1 

170 7556829846088060811 4 4
3 5 1 7 
3 5 7 1 
5 3 1 7 
5 3 7 1 

154 15896268698264125057 2 4
4 3 1 7 
4 3 7 1 

163 11744746903407636456 2 4
0 5 1 7 
0 5 7 1 

420 4081560800156872932 1 4
2 5 8 7 

393 11874849795533651037 2 4
7 8 0 3 
8 7 0 3 

139 11744746903407636456 2 4
0 3 1 7 
0 3 7 1 

396 14398197362158434576 1 4
2 3 7 8 

116 2819375008624970828 1 4
2 6 4 5 

86 16194497603441061039 2 4
2 4 6 1 
4 2 6 1 

212 10219975484251101605 4 4
2 4 6 7 
2 4 7 6 
4 2 6 7 
4 2 7 6 

85 4292480288679960814 1 4
2 6 4 0 

342 14797819661425498859 2 5
2 4 6 1 8 
4 2 6 1 8 

92 5069303078012082896 1 4
2 6 4 3 

108 7524780861938553064 1 4
2 6 3 5 

228 6894937126532847700 1 4
2 5 7 6 

101 6725350640231581919 1 4
2 6 0 5 

358 3913004152223566037 1 5
2 5 8 6 1 

356 7524780861938553064 1 4
2 5 8 6 

99 11744746903407636456 2 4
0 5 1 6 
0 5 6 1 

102 10719626107048014941 1 4
2 5 6 1 

204 13572405524771744665 1 4
2 3 6 7 

77 17343167021323270121 1 4
2 6 3 0 

334 3913004152223566037 1 5
2 3 6 8 1 

332 7524780861938553064 1 4
2 3 6 8 

75 11744746903407636456 2 4
0 3 1 6 
0 3 6 1 

78 16759578986255104721 1 4
2 3 6 1 

284 5909896139284606710 1 4
2 8 4 3 

30 15368499501652111834 1 4
2 1 4 3 

193 10997618988909527942 2 3
0 6 7 
0 7 6 

329 13924634466812872454 2 4
0 3 6 8 
0 3 8 6 

300 7524780861938553064 1 4
2 8 5 3 

46 698476773254776664 2 4
2 1 3 5 
2 1 5 3 

387 2720963807996256556 2 4
0 7 8 1 
0 8 7 1 

133 7376325736343524804 1 3
2 0 7 

390 12586463095304085354 2 4
2 7 8 1 
2 8 7 1 

269 6725350640231581919 1 4
2 8 0 3 

142 9074099179021290713 1 4
2 3 7 1 

15 10376566141301975362 1 4
2 1 0 3 

400 3870621583062396010 2 3
4 7 8 
4 8 7 

143 6890897515086097249 1 5
2 0 3 7 1 

146 7698985776645440831 2 3
4 1 7 
4 7 1 

403 8793485876901405833 2 5
4 0 7 8 1 
4 0 8 7 1 

282 15896268698264125057 2 4
4 3 1 8 
4 3 8 1 

28 11149028268085365730 1 3
2 4 3 

285 10064730340224219591 1 5
2 8 4 0 3 

338 2506011958774662217 2 4
4 6 8 1 
4 8 6 1 

84 17662388742419376403 2 3
2 4 6 
4 2 6 

341 9803545973499894213 1 5
2 4 0 6 8 

76 12254329342543767602 2 3
2 3 6 
2 6 3 

333 1888631902630126398 1 5
2 3 0 6 8 

277 11390196249067491931 1 4
2 8 4 0 

20 17087753756477223945 2 2
2 4 
4 2 

150 16194497603441061039 2 4
2 4 7 1 
4 2 7 1 

23 12168953692758818109 1 4
2 1 4 0 

208 17258787824257198352 2 3
4 6 7 
4 7 6 

465 6884354079701942871 1 5
4 0 7 8 6 

344 7150496180077738619 2 4
4 3 6 8 
4 3 8 6 

87 8285118651537728655 1 5
2 4 0 6 1 

90 15896268698264125057 2 4
4 3 1 6 
4 3 6 1 

259 13169041084928452734 2 3
0 1 8 
0 8 1 

5 12893131977844289213 1 2
2 0 

262 7698985776645440831 2 3
2 1 8 
2 8 1 

385 1138615150468756731 2 3
0 7 8 
0 8 7 

131 13169041084928452734 2 3
0 1 7 
0 7 1 

388 3870621583062396010 2 3
2 7 8 
2 8 7 

267 11744746903407636456 2 4
0 3 1 8 
0 3 8 1 

140 9951756003203208658 2 3
2 3 7 
2 7 3 

397 10817799748368650836 1 5
2 7 8 0 3 

298 7556829846088060811 4 4
3 5 1 8 
3 5 8 1 
5 3 1 8 
5 3 8 1 

44 12585292063867719537 2 3
2 3 5 
2 5 3 

301 8575331522464680860 1 5
2 8 5 0 3 

100 12129649998618649867 2 3
2 5 6 
2 6 5 

357 1888631902630126398 1 5
2 5 0 8 6 

209 10814076946924824312 2 4
4 0 6 7 
4 0 7 6 

466 17760995621604911877 1 5
4 7 8 6 1 

82 7698985776645440831 2 3
4 1 6 
4 6 1 

339 16965673339962459343 2 5
4 0 6 8 1 
4 0 8 6 1 

336 12585292063867719537 2 3
4 6 8 
4 8 6 

79 13955674631620419935 1 5
2 3 0 6 1 

306 6360605120071040097 2 4
4 5 1 8 
4 5 8 1 

52 6486448604913209494 1 3
2 4 5 

309 9625256305245796393 1 5
2 8 4 5 0 

291 11744746903407636456 2 4
0 5 1 8 
0 5 8 1 

164 2194224039831407595 2 3
2 5 7 
2 7 5 

421 1106606498874534270 1 5
2 8 7 5 0 

275 15586190595985475591 2 4
4 0 1 8 
4 0 8 1 

148 17662388742419376403 2 3
2 4 7 
4 2 7 

405 10686671384558578652 1 5
2 4 0 7 8 

323 4423814767766154257 2 4
0 6 8 1 
0 8 6 1 

196 17258787824257198352 2 3
2 6 7 
2 7 6 

147 15586190595985475591 2 4
4 0 1 7 
4 0 7 1 

404 6736042998598363672 2 4
2 4 7 8 
4 2 7 8 

274 7698985776645440831 2 3
4 1 8 
4 8 1 

135 7114834220733997149 1 4
2 0 7 1 

67 13169041084928452734 2 3
0 1 6 
0 6 1 

324 12585292063867719537 2 3
2 6 8 
2 8 6 

321 10683451536256038907 2 3
0 6 8 
0 8 6 

141 7793653254910850009 1 4
2 7 0 3 

398 2675129202913573369 1 5
2 3 7 8 1 

14 10706753935364593016 2 3
2 1 3 
2 3 1 

271 8297002504966765862 1 5
2 0 3 8 1 

268 12129649998618649867 2 3
2 3 8 
2 8 3 

165 9525066311711807100 1 4
2 7 5 0 

422 18107480566791030014 1 5
2 5 8 7 1 

38 10706753935364593016 2 3
2 1 5 
2 5 1 

295 13955674631620419935 1 5
2 5 0 8 1 

292 12254329342543767602 2 3
2 5 8 
2 8 5 

149 4292480288679960814 1 4
2 7 4 0 

406 12312082089108785398 2 5
2 4 7 8 1 
4 2 7 8 1 

22 2361156492905547982 2 3
2 4 1 
4 2 1 

279 11693642055891096259 1 5
2 4 0 1 8 

276 13643528861593430184 2 3
2 4 8 
4 2 8 

353 13924634466812872454 2 4
0 5 6 8 
0 5 8 6 

197 18166840719820136394 2 4
2 0 6 7 
2 0 7 6 

70 7698985776645440831 2 3
2 1 6 
2 6 1 

327 5224838281703104340 2 5
2 0 6 8 1 
2 0 8 6 1 

156 15620935217054888844 1 4
2 7 4 3 

29 11957465306718722417 1 4
2 4 0 3 

286 15596838883224643416 1 5
2 4 3 1 8 

134 7698985776645440831 2 3
2 1 7 
2 7 1 

391 16762741331194508365 2 5
2 0 7 8 1 
2 0 8 7 1 

261 7376325736343524804 1 3
2 0 8 

7 10866969791043838960 1 3
2 0 1 

293 17343167021323270121 1 4
2 8 5 0 

166 11494663566962136321 1 4
2 5 7 1 

39 10376566141301975362 1 4
2 1 0 5 

172 9051484668800367871 1 4
2 7 5 3 

45 7301084694032815074 2 4
2 0 3 5 
2 0 5 3 

302 14063139754193087066 1 5
2 5 3 8 1 

308 17163855986851647944 1 4
2 8 4 5 

54 8397334625162587836 1 4
2 1 4 5 

60 529838076471764616 1 4
2 4 5 3 

180 2804155980365116568 1 4
2 7 4 5 

53 3955969587082996329 1 4
2 4 5 0 

310 14844809622259622219 1 5
2 4 5 8 1 

360 13150025586414177241 8 4
3 5 6 8 
3 5 8 6 
5 3 6 8 
5 3 8 6 
6 8 3 5 
6 8 5 3 
8 6 5 3 
8 6 3 5 

103 8297002504966765862 1 5
2 0 5 6 1 

106 7556829846088060811 4 4
3 5 1 6 
3 5 6 1 
5 3 1 6 
5 3 6 1 

337 1775113428322174035 2 4
4 0 6 8 
4 0 8 6 

210 993176294303415770 2 4
4 6 7 1 
4 7 6 1 

83 15586190595985475591 2 4
4 0 1 6 
4 0 6 1 

340 962973383914202157 2 4
2 4 6 8 
4 2 6 8 

368 8950438065344213768 2 4
4 5 6 8 
4 5 8 6 

114 6360605120071040097 2 4
4 5 1 6 
4 5 6 1 

325 5969288314978012930 2 4
2 0 6 8 
2 0 8 6 

198 993176294303415770 2 4
2 6 7 1 
2 7 6 1 

71 7114834220733997149 1 4
2 0 6 1 

417 11874849795533651037 2 4
7 8 0 5 
8 7 0 5 

402 12586463095304085354 2 4
4 7 8 1 
4 8 7 1 

424 12792859129086584636 4 4
7 8 3 5 
7 8 5 3 
8 7 5 3 
8 7 3 5 

167 29648277185411351 1 5
2 5 0 7 1 

408 5212208834225348329 2 4
4 3 7 8 
4 3 8 7 

151 8285118651537728655 1 5
2 4 0 7 1 

401 8474313820608642754 2 4
4 0 7 8 
4 0 8 7 

432 8226989252743794708 2 4
4 5 7 8 
4 5 8 7 

389 16802666947620302955 2 4
2 0 7 8 
2 0 8 7 

449 4913759542966281814 1 4
0 7 8 6 

464 15236505058129304159 1 4
4 7 8 6 

47 5929097314364826722 2 5
2 1 0 3 5 
2 1 0 5 3 

31 5395150611735610234 1 5
2 1 4 0 3 

55 11474604267334339883 1 5
2 1 4 5 0 

62 8232652801974800287 1 5
2 1 4 5 3 

61 14327959379581262292 1 5
2 4 5 0 3 

122 392989038128438156 2 5
1 6 4 5 3 
6 1 4 5 3 

91 1428285960368924230 2 5
1 6 4 0 3 
6 1 4 0 3 

348 12498392663054950460 1 5
2 4 3 6 8 

107 2340688039307162580 4 5
1 6 0 5 3 
1 6 0 3 5 
6 1 0 5 3 
6 1 0 3 5 

364 9249518067683384055 4 5
2 3 5 8 6 
2 5 3 6 8 
2 6 8 5 3 
2 8 6 3 5 

115 817854414287627798 2 5
1 6 4 5 0 
6 1 4 5 0 

372 425568046337864191 1 5
2 4 5 8 6 

110 14063139754193087066 1 5
2 3 5 6 1 

109 8575331522464680860 1 5
2 6 3 0 5 

94 10651084570367682435 1 5
2 4 3 6 1 

93 13335334612861017083 1 5
2 6 4 3 0 

118 2189538466121464915 1 5
2 4 5 6 1 

117 11745561315680114112 1 5
2 6 4 5 0 

124 14718381447788830932 1 5
2 6 4 3 5 

171 2340688039307162580 4 5
1 7 0 5 3 
1 7 0 3 5 
7 1 0 5 3 
7 1 0 3 5 

428 9872754151449188112 1 5
2 8 7 5 3 

155 1428285960368924230 2 5
1 7 4 0 3 
7 1 4 0 3 

412 2828570986319822203 1 5
2 4 3 7 8 

186 392989038128438156 2 5
1 7 4 5 3 
7 1 4 5 3 

179 817854414287627798 2 5
1 7 4 5 0 
7 1 4 5 0 

436 13474873527087967689 1 5
2 4 5 8 7 

174 5559371251625625227 1 5
2 7 1 5 3 

173 3414431282878629441 1 5
2 7 5 0 3 

158 7487357725099714190 1 5
2 4 3 7 1 

157 16471033084653438200 1 5
2 7 4 0 3 

182 14943923666616150773 1 5
2 4 5 7 1 

181 3241088084444132311 1 5
2 7 4 5 0 

188 5862959444749365753 1 5
2 7 4 5 3 

203 12302112012912970625 2 5
0 3 6 7 1 
0 3 7 6 1 

227 12302112012912970625 2 5
0 5 6 7 1 
0 5 7 6 1 

234 1683740526141341530 4 5
3 5 6 7 1 
3 5 7 6 1 
5 3 6 7 1 
5 3 7 6 1 

233 9333747904826468650 4 5
6 7 0 5 3 
6 7 0 3 5 
7 6 0 3 5 
7 6 0 5 3 

211 18382576137892888572 2 5
4 0 6 7 1 
4 0 7 6 1 

218 13872349838710248518 2 5
4 3 6 7 1 
4 3 7 6 1 

217 16058546062156067547 2 5
6 7 4 0 3 
7 6 4 0 3 

242 1950191154947432101 2 5
4 5 6 7 1 
4 5 7 6 1 

248 4266369878092752758 2 5
6 7 4 5 3 
7 6 4 5 3 

241 2859838678184983200 2 5
6 7 4 5 0 
7 6 4 5 0 

199 18188902870365732638 2 5
2 0 6 7 1 
2 0 7 6 1 

206 8295913054049985516 1 5
2 3 6 7 1 

230 725972278020367895 1 5
2 5 7 6 1 

205 10381820837669951372 1 5
2 3 0 6 7 

229 14805940827721538382 1 5
2 5 0 7 6 

236 9473850965606830079 1 5
2 6 7 3 5 

220 9017543190930400654 1 5
2 4 3 6 7 

213 8457146745006890717 2 5
2 4 0 6 7 
2 4 0 7 6 

244 18405767730067668277 1 5
2 4 5 7 6 

299 2340688039307162580 4 5
1 8 0 5 3 
1 8 0 3 5 
8 1 0 5 3 
8 1 0 3 5 

214 10626209235890822267 4 5
2 4 6 7 1 
2 4 7 6 1 
4 2 6 7 1 
4 2 7 6 1 

283 1428285960368924230 2 5
1 8 4 0 3 
8 1 4 0 3 

314 392989038128438156 2 5
1 8 4 5 3 
8 1 4 5 3 

307 817854414287627798 2 5
1 8 4 5 0 
8 1 4 5 0 

316 8080569326928780835 1 5
2 8 4 5 3 

331 4135260533862365032 2 5
0 3 6 8 1 
0 3 8 6 1 

355 4135260533862365032 2 5
0 5 6 8 1 
0 5 8 6 1 

362 143871076794329895 4 5
3 5 6 8 1 
3 5 8 6 1 
5 3 6 8 1 
5 3 8 6 1 

346 7198735148424648000 2 5
4 3 6 8 1 
4 3 8 6 1 

361 1531213298497591875 4 5
6 8 0 5 3 
6 8 0 3 5 
8 6 0 3 5 
8 6 0 5 3 

345 3139938483786338230 2 5
6 8 4 0 3 
8 6 4 0 3 

370 16334031723583977530 2 5
4 5 6 8 1 
4 5 8 6 1 

376 17443941716167504307 2 5
6 8 4 5 3 
8 6 4 5 3 

369 10338579526522643379 2 5
6 8 4 5 0 
8 6 4 5 0 

395 9861224049679507583 2 5
0 3 7 8 1 
0 3 8 7 1 

419 9861224049679507583 2 5
0 5 7 8 1 
0 5 8 7 1 

426 9755977756073641776 4 5
3 5 7 8 1 
3 5 8 7 1 
5 3 7 8 1 
5 3 8 7 1 

425 18188297357998158461 4 5
7 8 0 5 3 
7 8 0 3 5 
8 7 0 3 5 
8 7 0 5 3 

410 17596330139591911240 2 5
4 3 7 8 1 
4 3 8 7 1 

409 15818467962758672361 2 5
7 8 4 0 3 
8 7 4 0 3 

434 12211663977645919596 2 5
4 5 7 8 1 
4 5 8 7 1 

440 12544053453783659143 2 5
7 8 4 5 3 
8 7 4 5 3 

433 3264952699860731696 2 5
7 8 4 5 0 
8 7 4 5 0 

451 6243245007189644236 1 5
0 7 8 6 1 

457 2534993354427397668 1 5
0 3 7 8 6 

481 2534993354427397668 1 5
0 5 7 8 6 

488 15154712977385391451 2 5
3 5 7 8 6 
5 3 7 8 6 

472 6089213516061521075 1 5
4 3 7 8 6 

496 12852373368391607987 1 5
4 5 7 8 6 

