bhabha2pb[0,0,0,0,0,0,0,0,0]*(6*a6-6*a0+6*a7-6*a5)
bhabha2pb[1,-1,0,0,0,0,0,0,0]*(2*a0)
bhabha2pb[1,0,0,-1,0,0,0,0,0]*(-4*a0)
bhabha2pb[1,0,0,0,-1,0,0,0,0]*(2*a0)
bhabha2pb[1,0,0,0,0,0,0,0,0]*(-6*eta*a0+4*a0)
bhabha2pb[0,0,0,-1,0,0,0,0,1]*(2*a8)
bhabha2pb[0,-1,0,0,0,0,0,0,1]*(-a8)
bhabha2pb[0,0,0,0,0,0,0,0,1]*(5*eta*a8-2*a8)
bhabha2pb[1,0,0,0,0,0,0,-1,0]*(2*a0)
bhabha2pb[0,0,0,0,-1,0,0,0,1]*(-a8)
bhabha2pb[0,0,0,-1,0,1,0,0,0]*(4*a5)
bhabha2pb[-1,0,0,0,0,0,0,0,1]*(5*a8)
bhabha2pb[0,0,0,0,0,1,0,0,0]*(4*a5)
bhabha2pb[0,0,1,0,0,0,-1,0,0]*(-3*a2)
bhabha2pb[0,0,0,0,0,1,-1,0,0]*(2*a5)
bhabha2pb[0,0,1,-1,0,0,0,0,0]*(-2*a2)
bhabha2pb[0,0,0,-1,0,0,1,0,0]*(-4*a6)
bhabha2pb[0,0,0,0,0,-1,1,0,0]*(-2*a6)
bhabha2pb[0,0,0,0,0,0,1,0,0]*(-4*a6)
bhabha2pb[0,0,1,0,0,-1,0,0,0]*(5*a2)
bhabha2pb[0,0,0,0,0,0,0,-1,1]*(-3*a8)
bhabha2pb[0,0,1,0,0,0,0,0,0]*(-2*a2)
bhabha2pb[-1,0,0,0,0,0,0,1,0]*(-2*a7)
bhabha2pb[0,-1,0,0,0,0,0,1,0]*(-2*a7)
bhabha2pb[0,0,0,-1,0,0,0,1,0]*(4*a7)
bhabha2pb[0,0,0,0,-1,0,0,1,0]*(-2*a7)
bhabha2pb[0,0,0,0,0,0,0,1,0]*(-2*eta*a7-4*a7)

bhabha2pb[0,0,0,0,0,0,0,0,0]*(3*a0-3*a8+3*a5-3*a2)
bhabha2pb[1,-1,0,0,0,0,0,0,0]*(-5/2*a0)
bhabha2pb[1,0,0,-1,0,0,0,0,0]*(5*a0)
bhabha2pb[1,0,0,0,-1,0,0,0,0]*(-5/2*a0)
bhabha2pb[1,0,0,0,0,0,0,0,0]*(3*eta*a0-5*a0)
bhabha2pb[0,0,0,-1,0,0,0,0,1]*(-5*a8)
bhabha2pb[0,-1,0,0,0,0,0,0,1]*(5/2*a8)
bhabha2pb[0,0,0,0,0,0,0,0,1]*(-2*eta*a8+5*a8)
bhabha2pb[1,0,0,0,0,0,0,0,-1]*(2*a0)
bhabha2pb[0,0,0,0,-1,0,0,0,1]*(5/2*a8)
bhabha2pb[0,0,0,-1,0,1,0,0,0]*(-5*a5)
bhabha2pb[-1,0,0,0,0,0,0,0,1]*(-2*a8)
bhabha2pb[0,0,0,0,0,1,0,0,0]*(-5*a5)
bhabha2pb[0,0,-1,0,0,1,0,0,0]*(2*a5)
bhabha2pb[0,0,1,-1,0,0,0,0,0]*(5*a2)
bhabha2pb[0,0,1,0,0,0,0,0,0]*(5*a2)
bhabha2pb[0,0,0,-1,0,0,1,0,0]*(-11*a6)
bhabha2pb[0,0,0,0,0,-1,1,0,0]*(5*a6)
bhabha2pb[0,0,0,0,0,0,1,0,0]*(-11*a6)
bhabha2pb[0,0,-1,0,0,0,1,0,0]*(6*a6)
bhabha2pb[0,0,1,0,0,-1,0,0,0]*(-2*a2)
bhabha2pb[0,0,0,0,0,0,0,1,0]*(5*eta*a7-11*a7)
bhabha2pb[-1,0,0,0,0,0,0,1,0]*(5*a7)
bhabha2pb[0,-1,0,0,0,0,0,1,0]*(-11/2*a7)
bhabha2pb[0,0,0,-1,0,0,0,1,0]*(11*a7)
bhabha2pb[0,0,0,0,-1,0,0,1,0]*(-11/2*a7)
bhabha2pb[0,0,0,0,0,0,0,1,-1]*(6*a7)

bhabha2pb[1,-1,0,0,0,0,0,0,0]*(-9/2*a0)
bhabha2pb[1,0,0,-1,0,0,0,0,0]*(9*a0)
bhabha2pb[1,0,0,0,-1,0,0,0,0]*(-9/2*a0)
bhabha2pb[1,0,0,0,0,0,0,-1,0]*(3*a0)
bhabha2pb[1,0,0,0,0,0,0,0,0]*(-9*a0)
bhabha2pb[0,0,0,0,0,0,0,0,1]*(7*a8)
bhabha2pb[0,0,0,0,0,0,0,0,0]*(5*a6+5*a7-5*a8-5*a2)
bhabha2pb[0,0,0,0,-1,0,0,0,1]*(7/2*a8)
bhabha2pb[1,0,0,0,0,0,0,0,-1]*(6*a0)
bhabha2pb[0,0,0,-1,0,0,0,0,1]*(-7*a8)
bhabha2pb[0,0,0,-1,0,1,0,0,0]*(-9*a5)
bhabha2pb[0,0,0,0,0,1,-1,0,0]*(3*a5)
bhabha2pb[0,0,0,0,0,1,0,0,0]*(-9*a5)
bhabha2pb[0,0,-1,0,0,1,0,0,0]*(6*a5)
bhabha2pb[0,0,1,0,0,0,0,0,0]*(7*a2)
bhabha2pb[0,0,1,-1,0,0,0,0,0]*(7*a2)
bhabha2pb[0,0,0,-1,0,0,1,0,0]*(-7*a6)
bhabha2pb[0,-1,0,0,0,0,0,0,1]*(7/2*a8)
bhabha2pb[0,0,0,0,0,0,1,0,0]*(-7*a6)
bhabha2pb[0,0,-1,0,0,0,1,0,0]*(2*a6)
bhabha2pb[0,0,1,0,0,0,-1,0,0]*(-2*a2)
bhabha2pb[0,0,0,0,0,0,0,1,0]*(-7*a7)
bhabha2pb[0,-1,0,0,0,0,0,1,0]*(-7/2*a7)
bhabha2pb[0,0,0,-1,0,0,0,1,0]*(7*a7)
bhabha2pb[0,0,0,0,-1,0,0,1,0]*(-7/2*a7)
bhabha2pb[0,0,0,0,0,0,0,-1,1]*(-2*a8)
bhabha2pb[0,0,0,0,0,0,0,1,-1]*(2*a7)

