490 15840137726652341025 1 6
3 6 5 1 7 8 

486 1231920274245736409 1 6
5 1 8 7 2 6 

492 4271233075336631710 1 6
5 8 7 3 6 2 

498 15498836765108407402 1 6
5 1 7 8 4 6 

483 6394218975558947186 1 6
6 5 1 0 7 8 

504 10086930237179832981 1 6
5 7 8 3 6 4 

489 6871254136268059947 1 6
5 3 6 0 7 8 

500 8319810995121273267 1 6
5 7 8 2 4 6 

485 1682550774454130312 1 6
5 6 2 0 7 8 

497 12562182623423201430 1 6
5 6 4 0 7 8 

462 7495026635549992809 1 6
1 7 8 3 6 2 

474 10082993906468909907 1 6
1 7 8 3 6 4 

470 17032125261318021542 1 6
1 8 7 2 4 6 

459 7398059970221257113 1 6
1 3 6 0 7 8 

455 18348520068320568195 1 6
1 6 2 0 8 7 

476 7040677792142019921 2 6
7 8 3 6 4 2 
8 7 3 6 4 2 

467 16309730141289295603 1 6
1 6 4 0 7 8 

430 2023879290837706022 1 6
3 2 5 1 7 8 

461 16473556357431324330 2 6
3 6 2 0 7 8 
3 6 2 0 8 7 

469 12371122817846453767 2 6
0 7 8 2 4 6 
0 8 7 2 4 6 

473 4098567771932042062 2 6
3 6 4 0 7 8 
3 6 4 0 8 7 

442 7117387715741032091 1 6
3 4 5 1 7 8 

438 6623680416777025566 1 6
5 1 8 7 2 4 

427 16564490057278918431 1 6
3 5 1 0 7 8 

423 8551947399850494616 1 6
2 5 1 0 8 7 

444 5036543004938447827 1 6
5 7 8 3 4 2 

429 11111217291202987320 1 6
5 3 2 0 8 7 

435 7783266722567115731 1 6
4 5 1 0 7 8 

441 9955232907162459163 1 6
5 3 4 0 7 8 

437 18245470411608197440 1 6
5 2 4 0 7 8 

414 16691961160719109047 1 6
1 7 8 3 4 2 

399 4850842295484653769 1 6
1 3 2 0 7 8 

413 8751729458770806844 2 6
3 4 2 0 7 8 
3 4 2 0 8 7 

411 9576912663196894743 1 6
1 3 4 0 7 8 

407 9102220784824906521 1 6
1 2 4 0 8 7 

366 8629602536162910683 1 6
8 5 1 3 6 2 

363 13170647061429521832 1 6
0 8 5 1 3 6 

378 6219532900205039472 1 6
8 5 1 3 6 4 

359 1327852536090855076 1 6
0 8 5 1 6 2 

374 16523982899318311628 1 6
8 5 1 2 4 6 

371 17120719187871969999 1 6
0 8 5 1 6 4 

380 5181827336144520622 1 6
5 8 3 6 4 2 

365 3285609807404589265 1 6
5 0 8 3 6 2 

373 1032439464865380531 1 6
5 0 8 6 2 4 

377 9330041921410290392 1 6
5 0 8 3 6 4 

350 17992278998261037923 2 6
1 8 3 6 4 2 
8 1 3 6 4 2 

335 10297110757425130037 1 6
1 0 8 3 6 2 

347 6223751018797075914 1 6
1 0 8 3 6 4 

349 13993625823251229740 1 6
0 8 3 6 4 2 

343 1641257770862243763 1 6
1 0 8 6 2 4 

318 1339823661276896679 1 6
8 5 1 3 4 2 

303 10750018697623133380 1 6
3 2 0 8 5 1 

315 5429160212199481136 1 6
3 4 0 8 5 1 

311 11425922158163824430 1 6
5 1 0 8 2 4 

317 8714664925766778271 1 6
5 0 8 3 4 2 

287 12522025634222680461 1 6
1 0 8 3 4 2 

238 9565405993607761537 1 6
7 5 1 3 6 2 

235 7331282450640643498 1 6
0 7 5 1 3 6 

250 12129910886026398298 1 6
7 5 1 3 6 4 

231 1426020310084492356 1 6
0 7 5 1 6 2 

246 6989243959200882976 1 6
7 5 1 2 4 6 

243 6641331922988064644 1 6
0 7 5 1 6 4 

249 8711241348739589470 1 6
5 0 7 3 6 4 

237 2671424752548240140 1 6
5 0 7 3 6 2 

252 7374346374458961627 1 6
5 7 3 6 4 2 

245 1718868162879828997 1 6
5 0 7 6 2 4 

222 4263656853170370595 2 6
1 7 3 6 4 2 
7 1 3 6 4 2 

207 15984831140885779783 1 6
1 0 7 3 6 2 

215 10879999331843005677 1 6
1 0 7 6 2 4 

219 11903334837556618430 1 6
1 0 7 3 6 4 

221 13993625823251229740 1 6
0 7 3 6 4 2 

190 13411588468880865379 1 6
7 5 1 3 4 2 

175 7886441639044207211 1 6
3 2 0 7 5 1 

187 10612910424393781293 1 6
3 4 0 7 5 1 

183 14384532145342178447 1 6
5 1 0 7 2 4 

189 1706592202586538880 1 6
5 0 7 3 4 2 

159 16691332512564214171 1 6
1 0 7 3 4 2 

123 2050498911265774921 1 6
0 5 1 3 6 4 

111 9472595007054876428 1 6
0 5 1 3 6 2 

126 13993625823251229740 1 6
5 1 3 6 4 2 

125 13265449421154447350 2 6
0 5 3 6 4 2 
5 0 3 6 4 2 

63 904504457147570004 1 6
0 5 1 3 4 2 

119 303206393970353532 1 6
0 5 1 6 2 4 

95 16680799380607016341 1 6
0 1 3 6 4 2 

488 8294101434060056346 1 5
5 3 6 7 8 

482 13501699626934064079 1 5
6 5 1 7 8 

484 6242107528955159615 1 5
5 7 8 2 6 

496 16062857396387887263 1 5
5 7 8 4 6 

481 18151651077540100706 1 5
5 6 0 7 8 

458 17138199349267775887 1 5
1 3 6 7 8 

454 3381967147574019481 1 5
1 8 7 2 6 

460 15457918683075467779 2 5
7 8 3 6 2 
8 7 3 6 2 

451 11232093521930104902 4 5
1 6 0 7 8 
1 6 0 8 7 
6 1 0 7 8 
6 1 0 8 7 

466 16947751581274320275 1 5
1 7 8 4 6 

472 12450093579214509911 2 5
7 8 3 6 4 
8 7 3 6 4 

457 10847543219203580868 2 5
3 6 0 7 8 
3 6 0 8 7 

468 7811441255554183364 2 5
7 8 2 4 6 
8 7 2 4 6 

453 14971880912013921275 2 5
2 6 0 7 8 
2 6 0 8 7 

465 13627700337237493914 4 5
4 6 0 7 8 
4 6 0 8 7 
6 4 0 7 8 
6 4 0 8 7 

426 15300973533936809658 1 5
3 5 1 7 8 

422 2349059819583160111 1 5
2 5 1 8 7 

440 16075256442787652421 1 5
5 3 4 7 8 

434 15352309284369776978 1 5
4 5 1 7 8 

428 12060535164877127384 1 5
5 3 2 8 7 

419 16426964197223592242 2 5
5 1 0 7 8 
5 1 0 8 7 

425 14719261466401227778 2 5
3 5 0 8 7 
5 3 0 8 7 

421 9217901682970042282 2 5
5 2 0 7 8 
5 2 0 8 7 

436 5554418246706170963 1 5
5 7 8 2 4 

433 12892149604202838474 1 5
5 4 0 7 8 

410 14589509179443636012 1 5
1 3 4 7 8 

398 18246434336278403526 1 5
1 3 2 7 8 

406 15385411945116909837 1 5
1 8 7 2 4 

395 7224765894004783788 1 5
3 1 0 7 8 

270 4430324927820573656 2 4
1 8 3 2 
8 1 3 2 

13 11443029074512963503 1 3
0 3 2 

282 13312223719028599295 2 4
1 8 3 4 
8 1 3 4 

25 6486448604913209494 1 3
0 3 4 

278 11105273942787864718 2 4
1 8 2 4 
8 1 2 4 

21 17446086910559518064 1 3
0 2 4 

201 4583129558019337484 1 4
3 6 0 7 

197 13808219308727352098 1 4
0 7 2 6 

209 15896268698264125057 2 4
0 7 6 4 
0 7 4 6 

141 17168862537966865305 1 4
3 2 0 7 

149 13578265022660254378 1 4
0 7 2 4 

153 13796289709583244209 1 4
3 4 0 7 

106 4583129558019337484 1 4
3 6 5 1 

102 13808219308727352098 1 4
5 1 2 6 

226 10613556539207953682 2 4
6 7 5 1 
7 6 5 1 

99 5069303078012082896 1 4
0 6 5 1 

356 622128286026533098 1 4
5 8 2 6 

114 15896268698264125057 2 4
5 1 4 6 
5 1 6 4 

108 423053884819657549 1 4
5 3 6 2 

232 8329480912784552967 1 4
5 7 3 6 

105 5590220997219440692 2 4
0 5 3 6 
5 0 3 6 

362 11432820238648579846 1 5
8 3 6 5 1 

120 12491156454245015315 1 4
5 3 6 4 

228 6304903314317389177 1 4
5 7 2 6 

101 17502623939284346349 2 4
0 5 6 2 
5 0 6 2 

358 9372807598916449555 1 5
8 5 1 2 6 

240 13998003828698197729 1 4
5 7 4 6 

113 15215106538186363698 2 4
0 5 6 4 
5 0 6 4 

370 11018318761415328790 1 5
8 5 1 4 6 

116 18351030899049478024 1 4
5 2 4 6 

202 12907502260509506582 2 4
1 7 3 6 
7 1 3 6 

75 5361406928138010723 1 4
0 1 3 6 

198 14693036619669683860 2 4
1 7 2 6 
7 1 2 6 

71 15767948103229021857 1 4
0 1 6 2 

210 16795696787755097424 2 4
1 7 4 6 
7 1 4 6 

83 16759578986255104721 1 4
0 1 6 4 

77 423053884819657549 1 4
0 3 6 2 

334 4071402715160130335 2 5
1 8 3 6 2 
8 1 3 6 2 

89 12491156454245015315 1 4
0 3 6 4 

346 14324147780988298368 2 5
1 8 3 6 4 
8 1 3 6 4 

170 13374085144094286841 1 4
3 7 5 1 

43 2995300807293622581 2 4
0 3 5 1 
3 0 5 1 

300 17116473506878515949 1 4
5 8 3 2 

85 18351030899049478024 1 4
0 2 4 6 

342 1213729211303204210 2 5
1 8 2 4 6 
8 1 2 4 6 

46 17168862537966865305 1 4
3 2 5 1 

312 5705165468213556174 1 4
5 8 3 4 

55 5707968089513475008 1 5
0 5 1 2 4 

58 13796289709583244209 1 4
3 4 5 1 

308 2941810672476574442 1 4
5 8 2 4 

51 15024369831046084700 1 4
0 4 5 1 

54 13578265022660254378 1 4
5 1 2 4 

293 4503213232461735182 1 4
5 2 0 8 

36 8480609940174239434 1 2
5 2 

166 11622981297925825012 1 4
2 7 5 1 

39 4503213232461735182 1 4
0 2 5 1 

296 16574095905003600574 2 3
3 5 8 
5 3 8 

172 5409985480907050118 1 4
5 7 3 2 

45 17353200412662015771 2 4
0 5 3 2 
5 0 3 2 

302 13316481520354162143 1 5
8 3 2 5 1 

305 1470142328109767921 1 4
5 4 0 8 

178 3656293589500805796 2 4
4 7 5 1 
7 4 5 1 

180 9095933972833786259 1 4
5 7 2 4 

53 16847879008912959551 2 4
0 5 2 4 
5 0 2 4 

310 15016925378507686518 1 5
8 5 1 2 4 

104 5716569260272480414 1 3
5 3 6 

361 4261802668939038868 1 5
5 0 8 3 6 

147 4415345656511538872 2 4
1 4 0 7 
4 1 0 7 

404 5000425501290539747 2 4
7 8 2 4 
8 7 2 4 

274 754205998099296360 6 3
1 4 8 
1 8 4 
4 1 8 
4 8 1 
8 4 1 
8 1 4 

100 13251033927989329642 1 3
5 2 6 

357 3212145765659146617 1 5
5 0 8 6 2 

73 5716569260272480414 1 3
0 3 6 

330 7627879991285580330 2 4
1 8 3 6 
8 1 3 6 

44 11443029074512963503 1 3
5 3 2 

301 2161355687248578118 1 5
5 3 2 0 8 

56 6486448604913209494 1 3
5 3 4 

313 18252339766879522175 1 5
5 3 4 0 8 

165 4503213232461735182 1 4
5 2 0 7 

38 4749399184548986812 1 3
2 5 1 

295 13246446481030964527 2 5
2 0 8 5 1 
2 5 1 0 8 

292 8362370557999984027 1 3
5 2 8 

35 11149028268085365730 1 3
0 5 1 

81 7698985776645440831 2 3
0 4 6 
0 6 4 

338 10601132076907988804 2 4
1 8 4 6 
8 1 4 6 

52 17446086910559518064 1 3
5 2 4 

309 4441699160628741790 1 5
5 0 8 2 4 

5 8480609940174239434 1 2
0 2 

262 9221420326734530397 2 3
2 1 8 
2 8 1 

263 3819810369393444712 1 4
2 1 0 8 

9 17087753756477223945 2 2
0 3 
3 0 

266 10706753935364593016 2 3
3 1 8 
3 8 1 

177 2602917121141140096 1 4
5 4 0 7 

304 14718008852537657457 2 3
5 4 8 
5 8 4 

47 16648559000584593565 1 5
0 3 2 5 1 

33 17087753756477223945 2 2
0 5 
5 0 

163 15406660600063173003 2 4
0 7 5 1 
5 1 0 7 

420 17876533835130565666 2 4
5 2 7 8 
5 2 8 7 

137 11149028268085365730 1 3
3 0 7 

394 11647855889567165862 1 4
3 1 7 8 

275 17551861176896189898 2 4
1 4 0 8 
4 1 0 8 

112 7698985776645440831 2 3
5 4 6 
5 6 4 

369 3486850728583804997 1 5
5 0 8 6 4 

267 15368499501652111834 1 4
3 1 0 8 

69 13251033927989329642 1 3
0 2 6 

326 11378825747495795226 2 4
1 8 2 6 
8 1 2 6 

40 17087753756477223945 2 2
3 5 
5 3 

297 17033440425027155532 2 4
3 5 0 8 
5 3 0 8 

133 4749399184548986812 1 3
2 0 7 

390 202753602882000446 1 4
2 1 8 7 

269 17168862537966865305 1 4
3 2 0 8 

142 5067554537723438769 2 4
1 7 3 2 
7 1 3 2 

15 621877233063030600 1 4
0 1 3 2 

161 11149028268085365730 1 3
5 0 7 

418 5212208834225348329 2 4
5 1 7 8 
5 1 8 7 

19 10706753935364593016 2 3
0 1 4 
0 4 1 

146 14860785610888650053 6 3
1 4 7 
1 7 4 
4 1 7 
4 7 1 
7 4 1 
7 1 4 

403 17788255648278127647 2 5
1 4 0 7 8 
4 1 0 7 8 

49 1330854201845664887 2 3
0 5 4 
5 0 4 

306 3907734590851251535 2 4
4 8 5 1 
8 4 5 1 

176 12769602731266802952 2 3
5 4 7 
5 7 4 

37 11060936614850910905 2 3
0 5 2 
5 0 2 

294 3819810369393444712 1 4
2 8 5 1 

164 8362370557999984027 1 3
5 2 7 

41 10464402029777390164 6 3
0 3 5 
0 5 3 
3 0 5 
3 5 0 
5 3 0 
5 0 3 

298 12844178937462204567 1 4
3 8 5 1 

168 5707635945091764290 2 3
3 5 7 
5 3 7 

67 12254329342543767602 2 3
0 1 6 
0 6 1 

194 6906529405458791006 6 3
1 6 7 
1 7 6 
6 1 7 
6 7 1 
7 6 1 
7 1 6 

97 17662388742419376403 2 3
0 5 6 
5 0 6 

354 7186660799657259970 2 4
6 8 5 1 
8 6 5 1 

224 9951756003203208658 2 3
5 6 7 
5 7 6 

392 3870621583062396010 2 3
3 7 8 
3 8 7 

135 11622981297925825012 1 4
2 1 0 7 

11 2361156492905547982 2 3
0 3 1 
3 0 1 

138 2512533711646785065 2 3
3 1 7 
3 7 1 

265 11149028268085365730 1 3
3 0 8 

29 12249766701464388422 1 4
0 3 4 2 

286 1819297343567802054 2 5
1 8 3 4 2 
8 1 3 4 2 

139 14315483891285730756 1 4
3 1 0 7 

396 15736996857147543395 2 4
3 2 7 8 
3 2 8 7 

169 9192673037414984222 2 4
3 5 0 7 
5 3 0 7 

42 11149028268085365730 1 3
3 5 1 

299 3583861990886220277 1 5
3 0 8 5 1 

60 12249766701464388422 1 4
5 3 4 2 

195 7280204158998552156 2 4
1 6 0 7 
6 1 0 7 

452 1797528657757313806 2 4
7 8 2 6 
8 7 2 6 

322 6906529405458791006 6 3
1 6 8 
1 8 6 
6 1 8 
6 8 1 
8 6 1 
8 1 6 

281 13796289709583244209 1 4
3 4 0 8 

154 1158192353704790834 2 4
1 7 3 4 
7 1 3 4 

27 8397334625162587836 1 4
0 1 3 4 

225 15620935217054888844 1 4
5 6 0 7 

352 12129649998618649867 2 3
5 6 8 
5 8 6 

184 17723397868700175270 1 4
5 7 3 4 

57 6777173445913401214 2 4
0 5 3 4 
5 0 3 4 

314 585101559960790580 1 5
8 3 4 5 1 

7 8362370557999984027 1 3
0 2 1 

261 4749399184548986812 1 3
2 0 8 

134 8957717541549607914 2 3
2 1 7 
2 7 1 

391 5329734584221993446 1 5
2 1 0 8 7 

388 9796564399928171380 2 3
2 7 8 
2 8 7 

289 11149028268085365730 1 3
5 0 8 

416 3870621583062396010 2 3
5 7 8 
5 8 7 

277 13578265022660254378 1 4
0 8 2 4 

150 10618726236491132279 2 4
1 7 2 4 
7 1 2 4 

23 7455054098712756468 1 4
0 1 2 4 

291 15406660600063173003 2 4
0 8 5 1 
5 1 0 8 

337 15896268698264125057 2 4
0 8 6 4 
0 8 4 6 

325 13808219308727352098 1 4
0 8 2 6 

329 4583129558019337484 1 4
3 6 0 8 

323 7280204158998552156 2 4
1 6 0 8 
6 1 0 8 

353 17683488410225082142 1 4
5 6 0 8 

368 438292247987853994 1 4
5 8 4 6 

360 15112967042809951969 1 4
5 8 3 6 

103 15562204515747797934 1 5
0 5 1 6 2 

389 14837192122966617904 2 4
2 0 7 8 
2 0 8 7 

393 5215022540671273095 2 4
3 0 7 8 
3 0 8 7 

408 8226989252743794708 2 4
3 4 7 8 
3 4 8 7 

151 691555927836141438 1 5
1 0 7 2 4 

402 7978115995136584964 2 4
1 4 7 8 
4 1 7 8 

417 5215022540671273095 2 4
5 0 7 8 
5 0 8 7 

432 14306477252083823039 1 4
5 4 7 8 

424 16406621722779782888 2 4
3 5 8 7 
5 3 8 7 

167 4236187600932077568 2 5
2 0 7 5 1 
2 5 1 0 7 

464 3092465935444304488 4 4
7 8 4 6 
7 8 6 4 
8 7 6 4 
8 7 4 6 

456 11859933412417385987 2 4
3 6 7 8 
3 6 8 7 

199 14501716975725809579 1 5
1 0 7 6 2 

450 11591101788391728525 4 4
1 6 7 8 
1 6 8 7 
6 1 7 8 
6 1 8 7 

480 14398197362158434576 1 4
5 6 7 8 

31 10025378180418786543 1 5
0 1 3 4 2 

59 17665058310503640421 1 5
0 3 4 5 1 

316 1900237992906647830 1 5
5 8 3 4 2 

61 12307671333013731326 2 5
0 5 3 4 2 
5 0 3 4 2 

62 12467910101006921977 1 5
5 1 3 4 2 

93 18277587553877223443 1 5
0 3 6 4 2 

87 15437751760698348570 1 5
0 1 6 2 4 

91 6887274243196202071 1 5
0 1 3 6 4 

79 11678069333765871612 1 5
0 1 3 6 2 

124 18277587553877223443 1 5
5 3 6 4 2 

117 14394739698251013701 2 5
0 5 6 2 4 
5 0 6 2 4 

121 12979215002026032038 2 5
0 5 3 6 4 
5 0 3 6 4 

109 5742045695393750377 2 5
0 5 3 6 2 
5 0 3 6 2 

115 970900840170984265 1 5
0 5 1 6 4 

372 8930512191417207466 1 5
5 8 2 4 6 

118 2394227536541447735 1 5
5 1 2 4 6 

122 806491426670361942 1 5
5 1 3 6 4 

110 14598429883260341404 1 5
5 1 3 6 2 

107 16940180798913775571 1 5
0 5 1 3 6 

364 15578471749589510220 1 5
5 8 3 6 2 

157 12467910101006921977 1 5
0 7 3 4 2 

155 10600371796453973232 1 5
1 3 4 0 7 

412 1363027238931889842 2 5
7 8 3 4 2 
8 7 3 4 2 

143 16670356959959562757 1 5
1 3 2 0 7 

158 9157219482281661915 2 5
1 7 3 4 2 
7 1 3 4 2 

181 16581796089693181870 1 5
5 0 7 2 4 

173 6921386642096214375 1 5
5 3 2 0 7 

185 1154068898222048589 1 5
5 3 4 0 7 

188 5799517218236496836 1 5
5 7 3 4 2 

179 8555572462555614721 1 5
4 5 1 0 7 

171 16097797554892847855 1 5
3 0 7 5 1 

182 7469396678684039326 1 5
7 5 1 2 4 

186 7526322144178721593 1 5
7 3 4 5 1 

213 2394227536541447735 1 5
0 7 2 4 6 

174 8200435180663880604 1 5
7 3 2 5 1 

205 14598429883260341404 1 5
0 7 3 6 2 

217 806491426670361942 1 5
0 7 3 6 4 

211 10414092644682279497 1 5
1 0 7 6 4 

214 8564553253008502326 2 5
1 7 2 4 6 
7 1 2 4 6 

203 6755518146506518210 1 5
1 0 7 3 6 

218 1998991059991813184 2 5
1 7 3 6 4 
7 1 3 6 4 

206 17980195950288841450 2 5
1 7 3 6 2 
7 1 3 6 2 

241 1133783108451070917 1 5
5 0 7 6 4 

244 9450744157741935595 1 5
5 7 2 4 6 

229 7285646081424625429 1 5
5 0 7 6 2 

233 167867410495310902 1 5
5 0 7 3 6 

248 9325055480832647512 1 5
5 7 3 6 4 

236 13356811230988582212 1 5
5 7 3 6 2 

227 7990378981022204133 1 5
6 0 7 5 1 

242 18078202258145342990 1 5
7 5 1 4 6 

230 5564168197908211707 1 5
7 5 1 2 6 

234 13577969457853310799 1 5
7 3 6 5 1 

279 6882907054993892684 1 5
1 0 8 2 4 

283 9948523620521210810 1 5
1 3 4 0 8 

285 12467910101006921977 1 5
0 8 3 4 2 

271 14114365883908331601 1 5
1 3 2 0 8 

307 17924674652927904615 1 5
4 5 1 0 8 

341 2394227536541447735 1 5
0 8 2 4 6 

345 806491426670361942 1 5
0 8 3 6 4 

333 14598429883260341404 1 5
0 8 3 6 2 

339 8540476451185999261 1 5
1 0 8 6 4 

327 9949493192048828797 1 5
1 0 8 6 2 

331 5965646669441355234 1 5
1 0 8 3 6 

376 10584278539818973101 1 5
5 8 3 6 4 

355 11074708725242234009 1 5
6 0 8 5 1 

405 5625776895967420507 2 5
2 4 0 7 8 
2 4 0 8 7 

409 11933761408839824396 2 5
3 4 0 7 8 
3 4 0 8 7 

397 12156977489968423352 2 5
3 2 0 7 8 
3 2 0 8 7 

