mercedes[1,0,1,2,1,0,0,0,0,0,0,0] # 29
mercedes[1,0,1,3,1,0,0,0,0,0,0,0] # 29
mercedes[1,1,1,0,1,2,0,0,0,0,0,0] # 55
mercedes[1,1,1,0,2,1,0,0,0,0,0,0] # 55
mercedes[1,1,1,0,1,3,0,0,0,0,0,0] # 55
mercedes[1,1,1,1,1,2,0,0,0,0,0,0] # 63
mercedes[2,0,1,1,1,0,0,0,0,0,0,0] # 29
mercedes[2,0,1,2,1,0,0,0,0,0,0,0] # 29
mercedes[1,1,0,0,1,1,0,0,0,0,0,0] # 51
mercedes[1,1,1,2,1,0,0,0,0,0,0,0] # 31
mercedes[1,1,2,0,1,1,0,0,0,0,0,0] # 55
mercedes[2,1,1,0,1,1,0,0,0,0,0,0] # 55
mercedes[1,1,1,2,0,1,0,0,0,0,0,0] # 47
mercedes[1,1,1,1,0,3,0,0,0,0,0,0] # 47
mercedes[1,1,1,2,0,2,0,0,0,0,0,0] # 47
mercedes[1,1,1,2,1,1,0,0,0,0,0,0] # 63
