456 1699057898927065156 4 4
6 7 3 8 
6 7 8 3 
7 6 3 8 
7 6 8 3 

480 10220627191361430879 2 4
5 8 7 6 
8 5 7 6 

449 18105657423988265026 2 4
0 8 7 6 
0 8 6 7 

432 1324427476534020738 2 4
5 8 7 4 
8 5 7 4 

424 1677071180347565230 2 4
5 7 8 3 
7 5 8 3 

417 7443492619301860047 2 4
5 7 8 0 
7 5 8 0 

401 15897170169750827835 2 4
0 8 7 4 
0 8 4 7 

106 78324714845983665 2 4
3 5 1 6 
5 3 1 6 

360 17015737541233389546 2 4
5 6 3 8 
6 5 3 8 

85 2889765835957060124 1 4
0 2 4 6 

77 10593806035463856572 2 4
2 6 0 3 
6 2 0 3 

204 4203977922869772278 2 4
2 3 6 7 
3 2 6 7 

92 8585784082613879566 2 4
2 3 6 4 
3 2 6 4 

337 15897170169750827835 2 4
0 8 6 4 
0 8 4 6 

71 10740895026326266659 2 4
0 2 1 6 
0 2 6 1 

325 11377064568178875779 2 4
2 6 8 0 
6 2 8 0 

53 4908479225542075194 2 4
0 4 2 5 
0 4 5 2 

180 10743669588284575603 2 4
2 5 7 4 
5 2 7 4 

60 16128585657598364786 2 4
3 4 2 5 
3 4 5 2 

305 2169451740099444384 2 4
4 5 0 8 
5 4 0 8 

58 1324427476534020738 2 4
3 5 1 4 
5 3 1 4 

312 3364750820705448782 4 4
4 5 3 8 
4 5 8 3 
5 4 3 8 
5 4 8 3 

39 3556625670240519538 1 4
0 1 5 2 

166 9182445166795294852 4 4
2 5 1 7 
2 5 7 1 
5 2 1 7 
5 2 7 1 

293 4128745655831391306 2 4
2 5 0 8 
5 2 0 8 

89 9291734466800096979 2 4
0 3 4 6 
0 3 6 4 

30 12190912153274299044 2 4
2 3 1 4 
3 2 1 4 

23 2889765835957060124 1 4
0 2 4 1 

277 2169451740099444384 2 4
2 4 0 8 
4 2 0 8 

416 2728381371886174304 6 3
5 7 8 
5 8 7 
7 5 8 
7 8 5 
8 7 5 
8 5 7 

7 11756190339471029063 2 3
0 1 2 
0 2 1 

29 7924087120930499434 2 4
2 4 0 3 
4 2 0 3 

156 179286298576043391 2 4
2 3 4 7 
3 2 4 7 

197 5172453162762639320 1 4
0 2 7 6 

57 7924087120930499434 2 4
4 5 0 3 
5 4 0 3 

184 10601132076907988804 2 4
3 5 7 4 
5 3 7 4 

352 14860785610888650053 6 3
5 6 8 
5 8 6 
6 5 8 
6 8 5 
8 6 5 
8 5 6 

225 5172453162762639320 1 4
0 5 6 7 

353 13178228260998671655 2 4
5 6 0 8 
6 5 0 8 

149 3468356597344595421 1 4
0 2 7 4 

164 11283220846380389061 2 3
7 5 2 
7 2 5 

291 10032854101669680302 2 4
1 5 0 8 
5 1 0 8 

44 11283220846380389061 2 3
3 2 5 
3 5 2 

298 1677071180347565230 2 4
1 5 3 8 
5 1 3 8 

388 12260785478939447192 6 3
2 7 8 
2 8 7 
7 2 8 
7 8 2 
8 7 2 
8 2 7 

131 18382350540000371621 2 3
0 1 7 
0 7 1 

324 14590248500468714027 6 3
2 6 8 
2 8 6 
6 2 8 
6 8 2 
8 6 2 
8 2 6 

67 3802721643535765231 2 3
0 1 6 
0 6 1 

28 6906529405458791006 6 3
2 3 4 
2 4 3 
3 2 4 
3 4 2 
4 3 2 
4 2 3 

282 7556829846088060811 4 4
3 8 4 1 
3 8 1 4 
8 3 4 1 
8 3 1 4 

42 2728381371886174304 6 3
1 3 5 
1 5 3 
3 1 5 
3 5 1 
5 3 1 
5 1 3 

169 7183987858985947225 2 4
5 7 0 3 
7 5 0 3 

100 11283220846380389061 2 3
6 5 2 
6 2 5 

275 15897170169750827835 2 4
0 8 4 1 
0 8 1 4 

78 4046967272674566029 2 4
2 3 6 1 
3 2 6 1 

276 6906529405458791006 6 3
2 4 8 
2 8 4 
4 2 8 
4 8 2 
8 4 2 
8 2 4 

19 5658990689011267631 2 3
0 1 4 
0 4 1 

46 7885408825531391087 2 4
1 3 5 2 
3 1 5 2 

332 3570514013793875461 2 4
2 6 8 3 
6 2 8 3 

75 15043728251188168996 2 4
1 6 0 3 
6 1 0 3 

193 11781160662233158669 2 3
0 6 7 
0 7 6 

14 12260785478939447192 6 3
1 2 3 
1 3 2 
2 1 3 
2 3 1 
3 2 1 
3 1 2 

141 9298180961628950013 2 4
2 7 0 3 
7 2 0 3 

304 6906529405458791006 6 3
4 5 8 
4 8 5 
5 4 8 
5 8 4 
8 5 4 
8 4 5 

177 2889765835957060124 1 4
0 5 4 7 

76 1780203312458342186 6 3
2 3 6 
2 6 3 
3 2 6 
3 6 2 
6 3 2 
6 2 3 

330 12792859129086584636 4 4
1 6 3 8 
1 6 8 3 
6 1 3 8 
6 1 8 3 

81 5658990689011267631 2 3
0 4 6 
0 6 4 

168 754205998099296360 6 3
3 5 7 
3 7 5 
5 3 7 
5 7 3 
7 5 3 
7 3 5 

323 16772883563603366655 2 4
1 6 0 8 
6 1 0 8 

45 1542396941292358989 2 4
2 5 0 3 
5 2 0 3 

172 15183985570863556182 2 4
3 7 5 2 
7 3 5 2 

104 13119232308241019096 6 3
3 5 6 
3 6 5 
5 3 6 
5 6 3 
6 5 3 
6 3 5 

15 15023359364158724440 2 4
1 2 0 3 
2 1 0 3 

142 15704017212081516077 2 4
2 3 1 7 
3 2 1 7 

387 12647189590821500486 2 4
0 8 7 1 
0 8 1 7 

38 11283220846380389061 2 3
1 2 5 
1 5 2 

35 4083413661961873562 2 3
0 1 5 
0 5 1 

292 11283220846380389061 2 3
8 5 2 
8 2 5 

165 3556625670240519538 1 4
0 7 2 5 

354 7978115995136584964 2 4
5 8 6 1 
8 5 6 1 

97 4083413661961873562 2 3
0 5 6 
0 6 5 

284 3364750820705448782 4 4
2 4 3 8 
2 4 8 3 
4 2 3 8 
4 2 8 3 

27 9291734466800096979 2 4
0 3 1 4 
0 3 4 1 

408 7556829846088060811 4 4
3 8 7 4 
3 8 4 7 
8 3 7 4 
8 3 4 7 

145 5658990689011267631 2 3
0 4 7 
0 7 4 

54 10743669588284575603 2 4
2 5 1 4 
5 2 1 4 

51 3468356597344595421 1 4
0 5 1 4 

308 16128585657598364786 2 4
8 4 5 2 
8 4 2 5 

290 754205998099296360 6 3
1 5 8 
1 8 5 
5 1 8 
5 8 1 
8 5 1 
8 1 5 

420 7885408825531391087 2 4
7 8 5 2 
8 7 5 2 

163 7363673262393624268 1 4
0 5 1 7 

300 9182445166795294852 4 4
2 5 3 8 
2 5 8 3 
5 2 3 8 
5 2 8 3 

43 1412383601402952104 2 4
1 5 3 0 
5 1 3 0 

170 1677071180347565230 2 4
3 5 1 7 
5 3 1 7 

418 1677071180347565230 2 4
5 8 7 1 
8 5 7 1 

161 11756190339471029063 2 3
0 5 7 
0 7 5 

56 6906529405458791006 6 3
3 4 5 
3 5 4 
4 3 5 
4 5 3 
5 4 3 
5 3 4 

105 6247176209102770317 2 4
5 6 3 0 
6 5 3 0 

232 2974813683649203891 2 4
3 5 6 7 
5 3 6 7 

108 10247633285845319962 2 4
3 6 5 2 
6 3 5 2 

101 3556625670240519538 1 4
0 6 5 2 

228 808532758221848463 4 4
2 5 6 7 
2 5 7 6 
5 2 6 7 
5 2 7 6 

102 11197286858225558775 4 4
2 5 1 6 
2 5 6 1 
5 2 1 6 
5 2 6 1 

99 12909218282709879135 2 4
0 5 1 6 
0 5 6 1 

356 4247939009769351187 2 4
6 8 2 5 
8 6 2 5 

113 3468356597344595421 1 4
0 5 6 4 

120 14772881018774504782 2 4
3 5 6 4 
5 3 6 4 

396 15704017212081516077 2 4
2 7 8 3 
7 2 8 3 

139 13373640883455148298 2 4
0 3 1 7 
0 3 7 1 

116 10743669588284575603 2 4
2 5 6 4 
5 2 6 4 

135 7363673262393624268 1 4
0 2 7 1 

389 13566280048441191880 2 4
2 7 0 8 
7 2 0 8 

404 12190912153274299044 2 4
2 8 7 4 
8 2 7 4 

147 747903760426709986 2 4
0 1 7 4 
0 7 1 4 

153 9291734466800096979 2 4
0 3 4 7 
0 3 7 4 

452 11104051182257671545 2 4
2 8 6 7 
8 2 6 7 

195 16513937861359186902 1 4
0 6 1 7 

201 10463934331409243146 2 4
0 3 6 7 
0 3 7 6 

209 3165200775769927612 2 4
0 6 7 4 
0 7 6 4 

270 15704017212081516077 2 4
1 2 3 8 
2 1 3 8 

263 16012712767881966265 2 4
1 2 0 8 
2 1 0 8 

133 4083413661961873562 2 3
0 2 7 
0 7 2 

390 15704017212081516077 2 4
2 8 7 1 
8 2 7 1 

21 13332108747896106527 2 3
0 2 4 
0 4 2 

278 179286298576043391 2 4
2 8 4 1 
8 2 4 1 

37 2940195055874618602 2 3
0 2 5 
0 5 2 

294 15183985570863556182 2 4
1 8 5 2 
8 1 5 2 

49 13332108747896106527 2 3
0 4 5 
0 5 4 

306 10601132076907988804 2 4
5 8 1 4 
8 5 1 4 

69 11756190339471029063 2 3
0 2 6 
0 6 2 

326 9227379641990250253 2 4
2 8 6 1 
8 2 6 1 

344 7556829846088060811 4 4
3 8 6 4 
3 8 4 6 
8 3 6 4 
8 3 4 6 

83 12072798697368028026 2 4
0 1 6 4 
0 6 1 4 

340 17102968357309398170 2 4
2 8 6 4 
8 2 6 4 

368 16795696787755097424 2 4
5 8 6 4 
8 5 6 4 

394 13150025586414177241 8 4
1 7 3 8 
1 7 8 3 
3 8 7 1 
3 8 1 7 
7 1 3 8 
7 1 8 3 
8 3 7 1 
8 3 1 7 

