328 754205998099296360 6 3
3 6 8 
3 8 6 
6 3 8 
6 8 3 
8 6 3 
8 3 6 

296 14860785610888650053 6 3
3 5 8 
3 8 5 
5 3 8 
5 8 3 
8 5 3 
8 3 5 

276 7698985776645440831 2 3
2 4 8 
2 8 4 

268 18362142068879997930 1 3
8 2 3 

262 2849805779172057352 2 3
2 1 8 
2 8 1 

259 6287697153277304865 2 3
0 1 8 
0 8 1 

388 12769602731266802952 2 3
2 7 8 
2 8 7 

152 6906529405458791006 6 3
3 4 7 
3 7 4 
4 3 7 
4 7 3 
7 4 3 
7 3 4 

28 11811985506987824205 1 3
4 2 3 

392 13119232308241019096 6 3
3 7 8 
3 8 7 
7 3 8 
7 8 3 
8 7 3 
8 3 7 

38 10706753935364593016 2 3
2 1 5 
2 5 1 

196 17258787824257198352 2 3
2 6 7 
2 7 6 

19 16066363148482742795 2 3
0 1 4 
0 4 1 

164 12585292063867719537 2 3
2 5 7 
2 7 5 

21 16404625146833327908 1 3
2 0 4 

13 15308121495463425431 1 3
0 2 3 

42 12260785478939447192 6 3
1 3 5 
1 5 3 
3 1 5 
3 5 1 
5 3 1 
5 1 3 

100 3870621583062396010 2 3
2 5 6 
2 6 5 

7 10528409060999259508 1 3
2 0 1 

273 16066363148482742795 2 3
0 4 8 
0 8 4 

37 13848700440936545170 1 3
2 0 5 

69 13848700440936545170 1 3
2 0 6 

14 11117300076155936650 1 3
1 2 3 

44 11811985506987824205 1 3
5 2 3 

5 17935342459963897086 1 2
2 0 

52 12254329342543767602 2 3
2 4 5 
2 5 4 

292 10706753935364593016 2 3
2 5 8 
2 8 5 

56 6906529405458791006 6 3
3 4 5 
3 5 4 
4 3 5 
4 5 3 
5 4 3 
5 3 4 

11 8601944490373965179 2 3
0 1 3 
0 3 1 

70 2512533711646785065 2 3
2 1 6 
2 6 1 

76 2214162020094036335 1 3
6 2 3 

134 14718008852537657457 2 3
2 1 7 
2 7 1 

261 4878161687644976142 1 3
2 0 8 

25 4818357682193977826 2 3
0 3 4 
0 4 3 

84 2194224039831407595 2 3
2 4 6 
2 6 4 

74 1780203312458342186 6 3
1 3 6 
1 6 3 
3 1 6 
3 6 1 
6 3 1 
6 1 3 

133 13848700440936545170 1 3
2 0 7 

324 10706753935364593016 2 3
2 6 8 
2 8 6 

265 8601944490373965179 2 3
0 3 8 
0 8 3 

88 6906529405458791006 6 3
3 4 6 
3 6 4 
4 3 6 
4 6 3 
6 4 3 
6 3 4 

22 7698985776645440831 2 3
2 1 4 
2 4 1 

140 11117300076155936650 1 3
7 2 3 

148 12129649998618649867 2 3
2 4 7 
2 7 4 

