bhabha2vbox[-1,0,1,0,0,0,0,0,0]*(-9*a2)
bhabha2vbox[0,0,1,0,-1,0,0,0,0]*(-3*a2)
bhabha2vbox[0,0,1,0,0,0,-1,0,0]*(3*a2)
bhabha2vbox[0,0,1,0,0,0,0,0,-1]*(-3*a2)
bhabha2vbox[0,0,1,0,0,0,0,0,0]*(-21*a2-9*a2*eta)
bhabha2vbox[0,0,0,0,0,0,0,1,0]*(7*eta*a7+14*a7)
bhabha2vbox[0,-1,1,0,0,0,0,0,0]*(6*a2)
bhabha2vbox[0,0,0,0,0,0,0,0,0]*(5*a8+5*a6-5*a7-5*a1)
bhabha2vbox[0,0,1,0,0,0,0,-1,0]*(6*a2)
bhabha2vbox[-1,0,0,0,0,0,0,1,0]*(7*a7)
bhabha2vbox[-1,0,0,0,0,1,0,0,0]*(-9*a5)
bhabha2vbox[0,0,0,0,0,1,-1,0,0]*(3*a5)
bhabha2vbox[0,0,0,0,0,1,0,0,0]*(-18*a5-9*a5*eta)
bhabha2vbox[0,1,0,0,0,0,0,0,0]*(3*a1)
bhabha2vbox[0,0,0,0,0,1,0,-1,0]*(6*a5)
bhabha2vbox[0,1,0,0,0,0,0,0,-1]*(2*a1)
bhabha2vbox[-1,0,0,0,0,0,1,0,0]*(-7*a6)
bhabha2vbox[0,0,0,0,0,0,-1,1,0]*(-2*a7)
bhabha2vbox[0,0,0,0,0,0,1,0,0]*(-7*a6*eta-14*a6)
bhabha2vbox[0,1,0,0,-1,0,0,0,0]*(3*a1)
bhabha2vbox[0,0,0,0,0,0,1,-1,0]*(2*a6)
bhabha2vbox[0,0,0,0,0,0,0,0,1]*(-3*a8)
bhabha2vbox[0,0,0,0,-1,0,0,0,1]*(-3*a8)
bhabha2vbox[0,-1,0,0,0,0,0,0,1]*(-2*a8)

bhabha2vbox[-1,0,1,0,0,0,0,0,0]*(10*a2)
bhabha2vbox[0,0,0,0,0,0,0,0,0]*(6*a8-6*a5-6*a2+6*a6)
bhabha2vbox[0,0,1,-1,0,0,0,0,0]*(-6*a2)
bhabha2vbox[0,0,1,0,-1,0,0,0,0]*(14*a2)
bhabha2vbox[0,0,1,0,0,0,0,0,0]*(10*a2+10*a2*eta)
bhabha2vbox[0,0,0,0,0,0,0,1,0]*(-2*eta*a7-4*a7)
bhabha2vbox[0,0,0,0,0,-1,0,1,0]*(5*a7)
bhabha2vbox[0,0,1,0,0,0,-1,0,0]*(2*a2)
bhabha2vbox[0,0,1,0,0,0,0,0,-1]*(-2*a2)
bhabha2vbox[-1,0,0,0,0,0,0,1,0]*(-2*a7)
bhabha2vbox[-1,0,0,0,0,1,0,0,0]*(4*a5)
bhabha2vbox[0,0,0,0,0,0,-1,1,0]*(-3*a7)
bhabha2vbox[0,0,0,0,0,1,0,0,0]*(8*a5+4*a5*eta)
bhabha2vbox[0,1,0,0,-1,0,0,0,0]*(-13*a1)
bhabha2vbox[0,0,0,0,0,1,-1,0,0]*(2*a5)
bhabha2vbox[0,1,0,0,0,0,0,0,0]*(-5*eta*a1-3*a1)
bhabha2vbox[-1,0,0,0,0,0,1,0,0]*(-4*a6)
bhabha2vbox[0,0,0,0,0,-1,1,0,0]*(-2*a6)
bhabha2vbox[0,0,0,0,0,0,1,0,0]*(-4*a6*eta-8*a6)
bhabha2vbox[0,1,0,-1,0,0,0,0,0]*(5*a1)
bhabha2vbox[0,1,0,0,0,0,0,0,-1]*(3*a1)
bhabha2vbox[0,1,-1,0,0,0,0,0,0]*(5*a1)
bhabha2vbox[-1,0,0,0,0,0,0,0,1]*(-2*a8)
bhabha2vbox[0,0,-1,0,0,0,0,0,1]*(2*a8)
bhabha2vbox[0,0,0,-1,0,0,0,0,1]*(2*a8)
bhabha2vbox[0,0,0,0,-1,0,0,0,1]*(-10*a8)
bhabha2vbox[0,0,0,0,0,-1,0,0,1]*(-2*a8)
bhabha2vbox[0,0,0,0,0,0,0,0,1]*(-6*a8-2*a8*eta)
bhabha2vbox[-1,1,0,0,0,0,0,0,0]*(-5*a1)
bhabha2vbox[0,1,0,0,0,-1,0,0,0]*(-5*a1)

bhabha2vbox[-1,0,1,0,0,0,0,0,0]*(-8*a2)
bhabha2vbox[0,0,0,0,0,0,0,0,0]*(3*a5+3*a2-3*a7-3*a1)
bhabha2vbox[0,0,1,-1,0,0,0,0,0]*(3*a2)
bhabha2vbox[0,0,1,0,-1,0,0,0,0]*(-8*a2)
bhabha2vbox[0,0,1,0,0,0,0,0,0]*(-12*a2-8*a2*eta)
bhabha2vbox[0,0,0,0,0,0,0,1,0]*(5*eta*a7+10*a7)
bhabha2vbox[0,-1,1,0,0,0,0,0,0]*(2*a2)
bhabha2vbox[0,0,0,0,0,-1,0,1,0]*(-2*a7)
bhabha2vbox[0,0,1,0,0,0,0,-1,0]*(2*a2)
bhabha2vbox[-1,0,0,0,0,0,0,1,0]*(5*a7)
bhabha2vbox[-1,0,0,0,0,1,0,0,0]*(-5*a5)
bhabha2vbox[0,1,0,0,-1,0,0,0,0]*(7*a1)
bhabha2vbox[0,0,0,0,0,1,0,0,0]*(-10*a5-5*a5*eta)
bhabha2vbox[0,1,0,0,0,0,0,0,0]*(2*eta*a1+3*a1)
bhabha2vbox[0,0,0,0,0,1,0,-1,0]*(2*a5)
bhabha2vbox[0,1,0,0,0,-1,0,0,0]*(2*a1)
bhabha2vbox[-1,0,0,0,0,0,1,0,0]*(-11*a6)
bhabha2vbox[0,0,0,0,0,-1,1,0,0]*(5*a6)
bhabha2vbox[0,0,0,0,0,0,1,0,0]*(-11*a6*eta-22*a6)
bhabha2vbox[0,1,0,-1,0,0,0,0,0]*(-2*a1)
bhabha2vbox[0,0,0,0,0,0,1,-1,0]*(6*a6)
bhabha2vbox[0,1,-1,0,0,0,0,0,0]*(-2*a1)
bhabha2vbox[-1,0,0,0,0,0,0,0,1]*(5*a8)
bhabha2vbox[0,0,-1,0,0,0,0,0,1]*(-5*a8)
bhabha2vbox[0,0,0,-1,0,0,0,0,1]*(-5*a8)
bhabha2vbox[0,0,0,0,-1,0,0,0,1]*(16*a8)
bhabha2vbox[0,0,0,0,0,-1,0,0,1]*(5*a8)
bhabha2vbox[0,0,0,0,0,0,0,0,1]*(6*a8+5*a8*eta)
bhabha2vbox[0,-1,0,0,0,0,0,0,1]*(-6*a8)
bhabha2vbox[-1,1,0,0,0,0,0,0,0]*(2*a1)

