368 11459320056471732761 8 4
4 6 5 8 
4 6 8 5 
5 8 6 4 
5 8 4 6 
6 4 5 8 
6 4 8 5 
8 5 6 4 
8 5 4 6 

344 7556829846088060811 4 4
3 8 6 4 
3 8 4 6 
8 3 6 4 
8 3 4 6 

340 14772881018774504782 2 4
2 8 6 4 
8 2 6 4 

326 2974813683649203891 2 4
2 8 6 1 
8 2 6 1 

306 11459320056471732761 8 4
1 4 5 8 
1 4 8 5 
4 1 5 8 
4 1 8 5 
5 8 1 4 
5 8 4 1 
8 5 4 1 
8 5 1 4 

294 10601132076907988804 2 4
1 2 8 5 
2 1 8 5 

278 10601132076907988804 2 4
2 8 1 4 
8 2 1 4 

390 1677071180347565230 2 4
2 8 7 1 
8 2 7 1 

263 5153044204776211085 2 4
1 2 0 8 
2 1 0 8 

270 1677071180347565230 2 4
1 2 3 8 
2 1 3 8 

225 17556381949992306748 2 4
6 7 0 5 
7 6 0 5 

232 3092465935444304488 4 4
6 7 3 5 
6 7 5 3 
7 6 5 3 
7 6 3 5 

209 7492877118173364101 2 4
0 6 7 4 
0 7 6 4 

201 13060618150271089853 2 4
6 7 0 3 
7 6 0 3 

184 11459320056471732761 8 4
3 5 4 7 
3 5 7 4 
4 7 5 3 
4 7 3 5 
5 3 4 7 
5 3 7 4 
7 4 5 3 
7 4 3 5 

449 6565635909070253464 2 4
6 7 0 8 
7 6 0 8 

195 5597443689143956927 1 4
0 6 7 1 

177 12874134675813975757 2 4
0 5 4 7 
0 5 7 4 

172 10601132076907988804 2 4
2 7 3 5 
7 2 3 5 

432 11459320056471732761 8 4
4 7 5 8 
4 7 8 5 
5 8 7 4 
5 8 4 7 
7 4 5 8 
7 4 8 5 
8 5 7 4 
8 5 4 7 

51 12874134675813975757 2 4
0 5 4 1 
0 5 1 4 

420 1324427476534020738 2 4
2 7 8 5 
7 2 8 5 

166 3364750820705448782 4 4
2 5 1 7 
2 5 7 1 
5 2 1 7 
5 2 7 1 

39 12789116025416964377 2 4
1 2 0 5 
2 1 0 5 

408 7556829846088060811 4 4
3 8 7 4 
3 8 4 7 
8 3 7 4 
8 3 4 7 

27 11697217934538033113 2 4
0 3 1 4 
0 3 4 1 

145 17419797737871948604 2 3
0 4 7 
0 7 4 

197 9239851860414408008 1 4
0 2 7 6 

324 13119232308241019096 6 3
2 6 8 
2 8 6 
6 2 8 
6 8 2 
8 6 2 
8 2 6 

401 2195206626279226370 2 4
0 8 7 4 
0 8 4 7 

147 11115958968043625185 2 4
0 1 7 4 
0 7 1 4 

284 3364750820705448782 4 4
2 4 3 8 
2 4 8 3 
4 2 3 8 
4 2 8 3 

30 1324427476534020738 2 4
2 3 1 4 
3 2 1 4 

89 11697217934538033113 2 4
0 3 4 6 
0 3 6 4 

85 1617511473378091007 1 4
0 2 4 6 

46 1324427476534020738 2 4
1 2 3 5 
2 1 3 5 

418 7556829846088060811 4 4
1 7 5 8 
1 7 8 5 
7 1 5 8 
7 1 8 5 

164 6906529405458791006 6 3
2 5 7 
2 7 5 
5 2 7 
5 7 2 
7 5 2 
7 2 5 

387 8210108404425400927 2 4
0 8 7 1 
0 8 1 7 

133 4373557987812762014 2 3
0 2 7 
0 7 2 

480 3092465935444304488 4 4
6 7 5 8 
6 7 8 5 
7 6 5 8 
7 6 8 5 

99 9366484688258699792 2 4
0 5 1 6 
0 5 6 1 

131 5804011363190240051 2 3
0 1 7 
0 7 1 

193 11868950179028434244 2 3
0 6 7 
0 7 6 

456 12792859129086584636 4 4
6 7 3 8 
6 7 8 3 
7 6 3 8 
7 6 8 3 

75 4133302297991300222 2 4
0 3 1 6 
0 3 6 1 

19 17419797737871948604 2 3
0 1 4 
0 4 1 

332 17015737541233389546 2 4
2 6 8 3 
6 2 8 3 

78 10220627191361430879 2 4
2 3 1 6 
3 2 1 6 

282 7556829846088060811 4 4
3 8 4 1 
3 8 1 4 
8 3 4 1 
8 3 1 4 

28 6906529405458791006 6 3
2 3 4 
2 4 3 
3 2 4 
3 4 2 
4 3 2 
4 2 3 

275 2195206626279226370 2 4
0 8 4 1 
0 8 1 4 

21 4758121398039782728 2 3
0 2 4 
0 4 2 

139 17704831336344152204 2 4
0 3 1 7 
0 3 7 1 

330 1699057898927065156 4 4
1 6 3 8 
1 6 8 3 
6 1 3 8 
6 1 8 3 

76 14860785610888650053 6 3
2 3 6 
2 6 3 
3 2 6 
3 6 2 
6 3 2 
6 2 3 

389 2034139513635445247 2 4
2 7 8 0 
7 2 8 0 

262 754205998099296360 6 3
1 2 8 
1 8 2 
2 1 8 
2 8 1 
8 2 1 
8 1 2 

135 2351005899918545005 1 4
0 2 7 1 

67 9184551365455857808 2 3
0 1 6 
0 6 1 

165 10161257604599196318 2 4
2 7 0 5 
7 2 0 5 

38 6906529405458791006 6 3
1 2 5 
1 5 2 
2 1 5 
2 5 1 
5 2 1 
5 1 2 

29 17638408437698384308 2 4
2 4 0 3 
4 2 0 3 

156 10601132076907988804 2 4
2 3 7 4 
3 2 7 4 

7 5471621973181306104 2 3
0 1 2 
0 2 1 

388 2728381371886174304 6 3
2 7 8 
2 8 7 
7 2 8 
7 8 2 
8 7 2 
8 2 7 

323 3390260667648475462 2 4
0 8 6 1 
0 8 1 6 

69 5471621973181306104 2 3
0 2 6 
0 6 2 

404 1324427476534020738 2 4
2 8 7 4 
8 2 7 4 

277 16467667275742190390 2 4
2 4 0 8 
4 2 0 8 

23 1617511473378091007 1 4
0 2 4 1 

14 2728381371886174304 6 3
1 2 3 
1 3 2 
2 1 3 
2 3 1 
3 2 1 
3 1 2 

141 11828498436122848411 2 4
2 7 0 3 
7 2 0 3 

81 17419797737871948604 2 3
0 4 6 
0 6 4 

394 13150025586414177241 8 4
1 7 3 8 
1 7 8 3 
3 8 7 1 
3 8 1 7 
7 1 3 8 
7 1 8 3 
8 3 7 1 
8 3 1 7 

140 754205998099296360 6 3
2 3 7 
2 7 3 
3 2 7 
3 7 2 
7 3 2 
7 2 3 

354 9889576315341648160 4 4
1 6 5 8 
1 6 8 5 
6 1 5 8 
6 1 8 5 

100 6906529405458791006 6 3
2 5 6 
2 6 5 
5 2 6 
5 6 2 
6 5 2 
6 2 5 

58 11459320056471732761 8 4
1 4 3 5 
1 4 5 3 
3 5 4 1 
3 5 1 4 
4 1 3 5 
4 1 5 3 
5 3 4 1 
5 3 1 4 

308 179286298576043391 2 4
2 4 8 5 
4 2 8 5 

54 179286298576043391 2 4
2 5 1 4 
5 2 1 4 

113 12874134675813975757 2 4
0 5 4 6 
0 5 6 4 

60 179286298576043391 2 4
2 4 3 5 
4 2 3 5 

180 179286298576043391 2 4
2 5 7 4 
5 2 7 4 

53 2992597151771942506 2 4
2 4 0 5 
4 2 0 5 

204 7978115995136584964 2 4
2 3 6 7 
3 2 6 7 

77 2361661309693385672 2 4
2 6 0 3 
6 2 0 3 

337 2195206626279226370 2 4
0 8 6 4 
0 8 4 6 

83 10395208033714615585 2 4
0 1 6 4 
0 6 1 4 

396 1677071180347565230 2 4
2 7 8 3 
7 2 8 3 

15 8195157873005537116 2 4
1 2 3 0 
2 1 3 0 

142 1677071180347565230 2 4
2 3 1 7 
3 2 1 7 

452 78324714845983665 2 4
2 8 7 6 
8 2 7 6 

325 7998208772528249279 2 4
2 6 8 0 
6 2 8 0 

71 1771451707556800715 2 4
0 2 1 6 
0 2 6 1 

92 16795696787755097424 2 4
2 3 6 4 
3 2 6 4 

106 9889576315341648160 4 4
1 6 5 3 
1 6 3 5 
6 1 5 3 
6 1 3 5 

108 16795696787755097424 2 4
2 6 3 5 
6 2 3 5 

356 14772881018774504782 2 4
2 6 8 5 
6 2 8 5 

102 394700380938346138 4 4
2 5 1 6 
2 5 6 1 
5 2 1 6 
5 2 6 1 

228 11591101788391728525 4 4
2 5 6 7 
2 5 7 6 
5 2 6 7 
5 2 7 6 

101 12789116025416964377 2 4
2 6 0 5 
6 2 0 5 

116 179286298576043391 2 4
2 5 6 4 
5 2 6 4 

120 11459320056471732761 8 4
3 5 4 6 
3 5 6 4 
4 6 5 3 
4 6 3 5 
5 3 4 6 
5 3 6 4 
6 4 5 3 
6 4 3 5 

153 11697217934538033113 2 4
0 3 4 7 
0 3 7 4 

276 6906529405458791006 6 3
2 4 8 
2 8 4 
4 2 8 
4 8 2 
8 4 2 
8 2 4 

149 15384259320565716199 1 4
0 2 7 4 

170 7556829846088060811 4 4
1 7 5 3 
1 7 3 5 
7 1 5 3 
7 1 3 5 

163 11859523907063312995 2 4
0 5 1 7 
0 5 7 1 

