bhabha2npb[1,0,0,0,0,-1,0,0,0]*(-3*a0)
bhabha2npb[1,0,0,0,0,0,0,0,-1]*(6*a0)
bhabha2npb[1,0,0,0,0,0,0,0,0]*(-18*a0-3*a0*eta)
bhabha2npb[0,0,0,0,0,0,0,0,0]*(-3*a0+5*a1+3*a8-5*a6)
bhabha2npb[0,0,0,0,0,0,-1,1,0]*(-3*a7)
bhabha2npb[0,0,0,0,-1,0,0,1,0]*(9*a7)
bhabha2npb[0,0,0,1,0,0,0,0,-1]*(-3*a3)
bhabha2npb[0,1,0,0,-1,0,0,0,0]*(-7*a1)
bhabha2npb[0,1,0,0,0,0,0,0,0]*(-7*a1)
bhabha2npb[0,0,0,0,-1,0,1,0,0]*(7*a6)
bhabha2npb[0,1,0,0,0,0,-1,0,0]*(2*a1)
bhabha2npb[0,0,0,0,0,0,1,0,0]*(7*a6)
bhabha2npb[0,0,0,0,0,-1,0,0,1]*(-5*a8)
bhabha2npb[-1,0,0,1,0,0,0,0,0]*(-3*a3)
bhabha2npb[0,0,0,0,0,0,0,0,1]*(5*a8+2*a8*eta)
bhabha2npb[-1,0,0,0,0,0,0,0,1]*(2*a8)
bhabha2npb[0,0,0,1,0,0,0,0,0]*(-3*a3*eta-9*a3)
bhabha2npb[0,0,0,0,0,0,0,1,0]*(9*a7)
bhabha2npb[0,0,0,1,0,-1,0,0,0]*(6*a3)
bhabha2npb[0,-1,0,0,0,0,1,0,0]*(-2*a6)
bhabha2npb[0,-1,0,0,0,0,0,1,0]*(-6*a7)

bhabha2npb[1,0,0,0,0,-1,0,0,0]*(6*a0)
bhabha2npb[1,0,0,0,0,0,0,0,-1]*(-3*a0)
bhabha2npb[1,0,0,0,0,0,0,0,0]*(6*a0)
bhabha2npb[1,0,0,-1,0,0,0,0,0]*(-3*a0)
bhabha2npb[0,0,0,0,0,0,0,1,0]*(5*a7)
bhabha2npb[0,0,0,0,-1,0,0,1,0]*(5*a7)
bhabha2npb[0,0,0,0,0,0,0,0,0]*(-3*a7+3*a1+3*a8-3*a3)
bhabha2npb[0,1,0,0,-1,0,0,0,0]*(-5*a1)
bhabha2npb[0,1,0,0,0,0,0,0,0]*(-5*a1)
bhabha2npb[0,0,0,0,0,0,1,-1,0]*(-5*a6)
bhabha2npb[0,1,0,0,0,0,0,-1,0]*(2*a1)
bhabha2npb[0,0,0,0,-1,0,1,0,0]*(11*a6)
bhabha2npb[0,0,0,0,0,-1,0,0,1]*(-5*a8)
bhabha2npb[0,0,0,1,0,0,0,0,-1]*(-2*a3)
bhabha2npb[0,0,0,0,0,0,0,0,1]*(-5*a8)
bhabha2npb[0,0,0,-1,0,0,0,0,1]*(2*a8)
bhabha2npb[0,0,0,0,0,0,1,0,0]*(11*a6)
bhabha2npb[0,-1,0,0,0,0,1,0,0]*(-6*a6)
bhabha2npb[0,0,0,1,0,-1,0,0,0]*(5*a3)
bhabha2npb[0,0,0,1,0,0,0,0,0]*(5*a3)
bhabha2npb[0,-1,0,0,0,0,0,1,0]*(-2*a7)

bhabha2npb[0,0,0,0,0,0,0,0,0]*(-3*a0+6*a7-3*a8-6*a6+6*a3)
bhabha2npb[1,0,0,0,0,0,0,0,-1]*(3*a0)
bhabha2npb[1,0,0,0,0,0,0,0,0]*(-12*a0-3*a0*eta)
bhabha2npb[1,0,0,-1,0,0,0,0,0]*(-3*a0)
bhabha2npb[1,0,0,0,0,-1,0,0,0]*(3*a0)
bhabha2npb[0,0,0,1,0,0,0,0,0]*(-2*a3*eta-16*a3)
bhabha2npb[0,1,0,0,-1,0,0,0,0]*(2*a1)
bhabha2npb[0,1,0,0,0,0,-1,0,0]*(3*a1)
bhabha2npb[0,1,0,0,0,0,0,0,0]*(2*a1)
bhabha2npb[0,0,0,0,0,0,1,0,0]*(4*a6)
bhabha2npb[0,1,0,0,0,0,0,-1,0]*(-5*a1)
bhabha2npb[0,0,0,0,0,0,1,-1,0]*(2*a6)
bhabha2npb[-1,0,0,0,0,0,0,0,1]*(3*a8)
bhabha2npb[0,0,0,0,0,0,0,1,0]*(-4*a7)
bhabha2npb[0,0,0,0,0,0,0,0,1]*(20*a8+3*a8*eta)
bhabha2npb[0,0,0,-1,0,0,0,0,1]*(-5*a8)
bhabha2npb[0,0,0,0,0,-1,0,0,1]*(5*a8)
bhabha2npb[0,0,0,0,-1,0,1,0,0]*(4*a6)
bhabha2npb[0,0,0,0,-1,0,0,1,0]*(-4*a7)
bhabha2npb[0,0,0,0,0,0,-1,1,0]*(-2*a7)
bhabha2npb[0,0,0,1,0,-1,0,0,0]*(-6*a3)
bhabha2npb[-1,0,0,1,0,0,0,0,0]*(-2*a3)
bhabha2npb[0,0,0,1,0,0,0,0,-1]*(2*a3)

