bhabha2pb2m[-1,0,0,0,1,0,0,0,0]*(4*a4)
bhabha2pb2m[0,0,0,0,0,0,0,0,0]*(-6*a7-6*a4+6*a8+6*a5)
bhabha2pb2m[0,0,0,0,0,0,1,0,0]*(-4*a6)
bhabha2pb2m[0,0,0,0,1,-1,0,0,0]*(2*a4)
bhabha2pb2m[0,0,0,0,1,0,0,0,0]*(8*a4)
bhabha2pb2m[0,0,0,-1,0,0,0,1,0]*(4*a7)
bhabha2pb2m[0,0,0,0,0,-1,1,0,0]*(-3*a6)
bhabha2pb2m[0,0,0,0,0,0,0,1,0]*(4*a7)
bhabha2pb2m[-1,0,0,0,0,0,1,0,0]*(-2*a6)
bhabha2pb2m[0,0,0,0,0,0,0,1,-1]*(2*a7)
bhabha2pb2m[0,1,0,0,0,0,0,0,0]*(-2*a1)
bhabha2pb2m[0,1,0,-1,0,0,0,0,0]*(-2*a1)
bhabha2pb2m[0,1,0,0,0,0,0,-1,0]*(-7*a1)
bhabha2pb2m[0,0,0,0,0,0,0,0,1]*(-4*a8)
bhabha2pb2m[0,0,0,0,-1,0,1,0,0]*(5*a6)
bhabha2pb2m[0,1,0,0,0,0,0,0,-1]*(9*a1)
bhabha2pb2m[0,0,0,-1,0,0,0,0,1]*(-4*a8)
bhabha2pb2m[-1,0,0,0,0,1,0,0,0]*(-4*a5)
bhabha2pb2m[0,0,0,0,-1,1,0,0,0]*(-2*a5)
bhabha2pb2m[0,0,0,0,0,1,0,0,0]*(-8*a5)
bhabha2pb2m[0,0,0,0,0,0,0,-1,1]*(-2*a8)

bhabha2pb2m[-1,0,0,0,1,0,0,0,0]*(-9*a4)
bhabha2pb2m[0,0,0,0,1,-1,0,0,0]*(3*a4)
bhabha2pb2m[0,0,0,0,1,0,0,0,0]*(-18*a4)
bhabha2pb2m[0,0,0,0,0,0,0,0,0]*(-5*a6-7*a1+7*a8+5*a5)
bhabha2pb2m[0,0,0,0,1,0,-1,0,0]*(6*a4)
bhabha2pb2m[-1,0,0,0,0,0,1,0,0]*(7*a6)
bhabha2pb2m[0,0,0,-1,0,0,0,1,0]*(-3*a7)
bhabha2pb2m[0,0,0,0,0,0,0,1,-1]*(9*a7)
bhabha2pb2m[0,0,0,0,0,0,0,1,0]*(-6*eta*a7+27*a7)
bhabha2pb2m[0,-1,0,0,0,0,0,1,0]*(-6*a7)
bhabha2pb2m[0,1,0,0,0,0,0,0,0]*(28*a1-7*eta*a1)
bhabha2pb2m[0,1,0,0,0,0,0,0,-1]*(14*a1)
bhabha2pb2m[0,1,0,-1,0,0,0,0,0]*(-7*a1)
bhabha2pb2m[0,-1,0,0,0,0,0,0,1]*(-2*a8)
bhabha2pb2m[0,0,0,-1,0,0,0,0,1]*(-5*a8)
bhabha2pb2m[0,0,0,0,0,0,1,0,0]*(14*a6)
bhabha2pb2m[0,0,0,0,0,0,0,0,1]*(-2*eta*a8+5*a8)
bhabha2pb2m[0,0,0,0,0,1,0,0,0]*(-14*a5)
bhabha2pb2m[-1,0,0,0,0,1,0,0,0]*(-7*a5)
bhabha2pb2m[0,0,0,0,0,-1,1,0,0]*(-2*a6)
bhabha2pb2m[0,0,0,0,0,1,-1,0,0]*(2*a5)

bhabha2pb2m[-1,0,0,0,1,0,0,0,0]*(-5*a4)
bhabha2pb2m[0,0,0,0,0,0,0,0,0]*(-3*a6+3*a7+3*a4-9*a1+6*a8)
bhabha2pb2m[-1,0,0,0,0,0,1,0,0]*(5*a6)
bhabha2pb2m[0,0,0,0,1,0,-1,0,0]*(2*a4)
bhabha2pb2m[0,0,0,0,1,0,0,0,0]*(-10*a4)
bhabha2pb2m[0,0,0,-1,0,0,0,1,0]*(-3*a7)
bhabha2pb2m[0,0,0,0,0,0,1,0,0]*(10*a6)
bhabha2pb2m[0,0,0,0,0,0,0,1,0]*(-2*eta*a7+7*a7)
bhabha2pb2m[0,-1,0,0,0,0,0,1,0]*(-2*a7)
bhabha2pb2m[0,0,0,0,0,0,0,1,-1]*(2*a7)
bhabha2pb2m[0,1,0,0,0,0,0,0,0]*(38*a1-9*eta*a1)
bhabha2pb2m[0,1,0,-1,0,0,0,0,0]*(-7*a1)
bhabha2pb2m[0,1,0,0,0,0,0,-1,0]*(7*a1)
bhabha2pb2m[0,1,0,0,0,0,0,0,-1]*(9*a1)
bhabha2pb2m[0,0,0,0,-1,0,1,0,0]*(-2*a6)
bhabha2pb2m[0,-1,0,0,0,0,0,0,1]*(-6*a8)
bhabha2pb2m[0,0,0,0,0,0,0,0,1]*(-6*eta*a8+25*a8)
bhabha2pb2m[-1,0,0,0,0,1,0,0,0]*(-11*a5)
bhabha2pb2m[0,0,0,0,-1,1,0,0,0]*(5*a5)
bhabha2pb2m[0,0,0,0,0,1,0,0,0]*(-22*a5)
bhabha2pb2m[0,0,0,0,0,0,0,-1,1]*(5*a8)
bhabha2pb2m[0,0,0,0,0,1,-1,0,0]*(6*a5)
bhabha2pb2m[0,0,0,-1,0,0,0,0,1]*(-5*a8)

