bhabha2npb[1,1,0,0,0,0,0,0,0] #  3
bhabha2npb[1,1,0,0,1,0,0,0,0] # 19
bhabha2npb[0,0,1,2,1,0,0,0,0] # 28
bhabha2npb[1,0,0,2,1,0,0,0,0] # 25
bhabha2npb[0,1,1,2,0,0,0,0,0] # 14
bhabha2npb[0,2,1,1,0,0,0,0,0] # 14
bhabha2npb[1,1,0,2,0,0,0,0,0] # 11
bhabha2npb[1,2,0,1,0,0,0,0,0] # 11
bhabha2npb[1,0,1,2,1,0,0,0,0] # 29
bhabha2npb[0,1,1,2,1,0,0,0,0] # 30
bhabha2npb[0,2,1,1,1,0,0,0,0] # 30
bhabha2npb[1,1,1,2,0,0,0,0,0] # 15
bhabha2npb[1,2,1,1,0,0,0,0,0] # 15
bhabha2npb[1,1,0,2,1,0,0,0,0] # 27
bhabha2npb[1,2,0,1,1,0,0,0,0] # 27
bhabha2npb[2,1,0,1,1,0,0,0,0] # 27
bhabha2npb[1,1,1,2,1,0,0,0,0] # 31
bhabha2npb[1,2,1,1,1,0,0,0,0] # 31
bhabha2npb[2,1,1,1,1,0,0,0,0] # 31
bhabha2npb[1,1,1,1,2,0,0,0,0] # 31
bhabha2npb[1,1,2,1,1,0,0,0,0] # 31
bhabha2npb[1,1,1,3,1,0,0,0,0] # 31
bhabha2npb[1,1,1,0,0,0,0,0,0] #  7
bhabha2npb[2,0,0,1,1,0,0,0,0] # 25
bhabha2npb[2,1,0,1,0,0,0,0,0] # 11
bhabha2npb[1,1,1,0,1,0,0,0,0] # 23
bhabha2npb[2,0,1,1,1,0,0,0,0] # 29
bhabha2npb[2,1,1,1,0,0,0,0,0] # 15
bhabha2npb[2,1,1,2,1,0,0,0,0] # 31
