bhabha2pb2m[1,0,0,0,1,0,0,0,0] # 17
bhabha2pb2m[1,0,1,1,0,0,0,0,0] # 13
bhabha2pb2m[1,0,1,0,1,0,0,0,0] # 21
bhabha2pb2m[1,0,1,0,0,2,0,0,0] # 37
bhabha2pb2m[0,1,1,0,0,2,0,0,0] # 38
bhabha2pb2m[1,0,0,0,1,2,0,0,0] # 49
bhabha2pb2m[1,0,0,0,2,1,0,0,0] # 49
bhabha2pb2m[1,0,1,1,1,0,0,0,0] # 29
bhabha2pb2m[1,1,1,0,0,2,0,0,0] # 39
bhabha2pb2m[1,0,1,1,0,2,0,0,0] # 45
bhabha2pb2m[1,0,1,2,0,1,0,0,0] # 45
bhabha2pb2m[1,0,1,1,0,3,0,0,0] # 45
bhabha2pb2m[1,1,0,0,1,2,0,0,0] # 51
bhabha2pb2m[1,0,1,0,1,2,0,0,0] # 53
bhabha2pb2m[1,0,1,0,2,1,0,0,0] # 53
bhabha2pb2m[1,0,2,0,1,1,0,0,0] # 53
bhabha2pb2m[0,1,1,0,1,2,0,0,0] # 54
bhabha2pb2m[0,1,1,0,2,1,0,0,0] # 54
bhabha2pb2m[1,1,1,0,1,2,0,0,0] # 55
bhabha2pb2m[1,1,1,0,2,1,0,0,0] # 55
bhabha2pb2m[1,1,2,0,1,1,0,0,0] # 55
bhabha2pb2m[1,2,1,0,1,1,0,0,0] # 55
bhabha2pb2m[2,1,1,0,1,1,0,0,0] # 55
bhabha2pb2m[1,1,1,0,1,3,0,0,0] # 55
bhabha2pb2m[1,0,1,1,1,2,0,0,0] # 61
bhabha2pb2m[1,0,1,1,2,1,0,0,0] # 61
bhabha2pb2m[1,0,1,2,1,1,0,0,0] # 61
bhabha2pb2m[1,0,1,0,0,0,0,0,0] #  5
bhabha2pb2m[1,0,0,1,0,2,0,0,0] # 41
bhabha2pb2m[1,0,2,0,0,1,0,0,0] # 37
bhabha2pb2m[2,0,1,0,0,1,0,0,0] # 37
bhabha2pb2m[0,1,2,0,0,1,0,0,0] # 38
bhabha2pb2m[1,1,2,0,0,1,0,0,0] # 39
