273 7698985776645440831 2 3
0 4 8 
0 8 4 

265 10706753935364593016 2 3
0 3 8 
0 8 3 

261 9856009855437824259 2 3
0 2 8 
0 8 2 

194 3643514845908225147 2 3
1 6 7 
1 7 6 

162 15075452131784449724 2 3
1 5 7 
1 7 5 

138 11007396347674524615 2 3
1 3 7 
1 7 3 

88 6906529405458791006 6 3
3 4 6 
3 6 4 
4 3 6 
4 6 3 
6 4 3 
6 3 4 

76 1780203312458342186 6 3
2 3 6 
2 6 3 
3 2 6 
3 6 2 
6 3 2 
6 2 3 

3 17935342459963897086 1 2
0 1 

42 8601944490373965179 2 3
1 3 5 
1 5 3 

13 10706753935364593016 2 3
0 2 3 
0 3 2 

21 7698985776645440831 2 3
0 2 4 
0 4 2 

152 6906529405458791006 6 3
3 4 7 
3 7 4 
4 3 7 
4 7 3 
7 4 3 
7 3 4 

7 15557169975322158000 1 3
0 1 2 

98 12012569446045017360 2 3
1 5 6 
1 6 5 

11 4878161687644976142 1 3
0 1 3 

296 754205998099296360 6 3
3 5 8 
3 8 5 
5 3 8 
5 8 3 
8 5 3 
8 3 5 

35 17533981407011413632 1 3
1 0 5 

74 8601944490373965179 2 3
1 3 6 
1 6 3 

25 12254329342543767602 2 3
0 3 4 
0 4 3 

19 10824648496175126828 1 3
0 1 4 

328 14860785610888650053 6 3
3 6 8 
3 8 6 
6 3 8 
6 8 3 
8 6 3 
8 3 6 

67 17533981407011413632 1 3
1 0 6 

392 2728381371886174304 6 3
3 7 8 
3 8 7 
7 3 8 
7 8 3 
8 7 3 
8 3 7 

131 17533981407011413632 1 3
1 0 7 

44 12260785478939447192 6 3
2 3 5 
2 5 3 
3 2 5 
3 5 2 
5 3 2 
5 2 3 

259 15557169975322158000 1 3
0 1 8 

56 6906529405458791006 6 3
3 4 5 
3 5 4 
4 3 5 
4 5 3 
5 4 3 
5 3 4 

